################################################################################
[Weight] Layer: encoder1.block.2.5 (QuantConv2d)
  Shape: (8, 32, 1, 1)
  Bit Width: 8.0
  Signed: True
  Scale: 0.0078125
  Sample Weights: [[[[ 0.53906]]

  [[-0.4375 ]]

  [[ 0.10156]]

  [[ 0.33594]]

  [[ 0.01562]]

  [[ 0.14062]]

  [[ 0.03125]]

  [[ 0.04688]]

  [[-0.07031]]

  [[-0.04688]]

  [[ 0.78906]]

  [[-0.14844]]

  [[ 0.22656]]

  [[-0.23438]]

  [[-0.33594]]

  [[-0.11719]]

  [[ 0.01562]]

  [[ 0.10156]]

  [[-0.22656]]

  [[-0.40625]]

  [[-0.21094]]

  [[ 0.28906]]

  [[ 0.28906]]

  [[ 0.27344]]

  [[ 0.38281]]

  [[ 0.42188]]

  [[ 0.60938]]

  [[-0.01562]]

  [[-0.20312]]

  [[ 0.09375]]

  [[ 0.19531]]

  [[ 0.04688]]]


 [[[-0.17188]]

  [[ 0.14062]]

  [[ 0.17188]]

  [[-0.24219]]

  [[ 0.20312]]

  [[ 0.14062]]

  [[-0.19531]]

  [[ 0.35938]]

  [[-0.21094]]

  [[ 0.01562]]

  [[-0.41406]]

  [[-0.10938]]

  [[-0.17188]]

  [[ 0.14844]]

  [[-0.07031]]

  [[ 0.59375]]

  [[-0.42969]]

  [[-0.09375]]

  [[-0.05469]]

  [[ 0.46094]]

  [[ 0.32031]]

  [[-0.375  ]]

  [[ 0.11719]]

  [[ 0.45312]]

  [[-0.15625]]

  [[ 0.46094]]

  [[-0.08594]]

  [[ 0.19531]]

  [[-0.28125]]

  [[ 0.48438]]

  [[-0.14062]]

  [[ 0.07031]]]


 [[[-0.25   ]]

  [[-0.41406]]

  [[-0.28125]]

  [[ 0.19531]]

  [[-0.10156]]

  [[-0.08594]]

  [[ 0.05469]]

  [[ 0.19531]]

  [[-0.30469]]

  [[ 0.67188]]

  [[-0.0625 ]]

  [[ 0.28906]]

  [[-0.16406]]

  [[-0.07031]]

  [[-0.44531]]

  [[-0.23438]]

  [[ 0.35938]]

  [[-0.28906]]

  [[ 0.16406]]

  [[-0.39062]]

  [[-0.125  ]]

  [[ 0.11719]]

  [[ 0.20312]]

  [[ 0.22656]]

  [[ 0.     ]]

  [[ 0.24219]]

  [[ 0.21094]]

  [[-0.24219]]

  [[ 0.17969]]

  [[ 0.39844]]

  [[-0.08594]]

  [[-0.27344]]]


 [[[-0.34375]]

  [[-0.21094]]

  [[-0.11719]]

  [[ 0.07031]]

  [[ 0.51562]]

  [[ 0.19531]]

  [[-0.07812]]

  [[ 0.03906]]

  [[ 0.17969]]

  [[ 0.125  ]]

  [[-0.38281]]

  [[-0.35156]]

  [[ 0.39062]]

  [[-0.23438]]

  [[-0.39062]]

  [[-0.57812]]

  [[-0.10156]]

  [[-0.13281]]

  [[-0.21094]]

  [[-0.04688]]

  [[-0.15625]]

  [[-0.11719]]

  [[ 0.21875]]

  [[-0.00781]]

  [[-0.25   ]]

  [[-0.17188]]

  [[-0.17188]]

  [[ 0.41406]]

  [[ 0.13281]]

  [[-0.15625]]

  [[-0.19531]]

  [[ 0.14062]]]


 [[[ 0.3125 ]]

  [[ 0.14844]]

  [[ 0.38281]]

  [[ 0.03125]]

  [[ 0.35156]]

  [[ 0.44531]]

  [[ 0.20312]]

  [[ 0.05469]]

  [[-0.02344]]

  [[-0.10938]]

  [[-0.02344]]

  [[ 0.50781]]

  [[ 0.17188]]

  [[ 0.47656]]

  [[ 0.05469]]

  [[-0.04688]]

  [[-0.35156]]

  [[-0.47656]]

  [[-0.20312]]

  [[-0.16406]]

  [[-0.39844]]

  [[ 0.23438]]

  [[-0.58594]]

  [[-0.28125]]

  [[ 0.17188]]

  [[ 0.50781]]

  [[ 0.23438]]

  [[-0.25   ]]

  [[-0.19531]]

  [[-0.04688]]

  [[-0.13281]]

  [[-0.32031]]]


 [[[-0.48438]]

  [[ 0.17969]]

  [[-0.3125 ]]

  [[-0.24219]]

  [[ 0.30469]]

  [[-0.13281]]

  [[ 0.07031]]

  [[ 0.1875 ]]

  [[ 0.64062]]

  [[ 0.00781]]

  [[ 0.0625 ]]

  [[ 0.25781]]

  [[-0.27344]]

  [[ 0.03906]]

  [[-0.10938]]

  [[-0.00781]]

  [[ 0.19531]]

  [[-0.17969]]

  [[ 0.45312]]

  [[-0.07031]]

  [[-0.49219]]

  [[ 0.67969]]

  [[ 0.10156]]

  [[-0.17188]]

  [[ 0.27344]]

  [[-0.03906]]

  [[ 0.03906]]

  [[-0.21875]]

  [[ 0.09375]]

  [[ 0.0625 ]]

  [[ 0.59375]]

  [[-0.02344]]]


 [[[ 0.125  ]]

  [[-0.40625]]

  [[-0.14844]]

  [[ 0.02344]]

  [[-0.27344]]

  [[ 0.49219]]

  [[-0.03906]]

  [[-0.47656]]

  [[ 0.03125]]

  [[-0.50781]]

  [[-0.04688]]

  [[-0.25   ]]

  [[-0.32031]]

  [[-0.20312]]

  [[ 0.5    ]]

  [[-0.15625]]

  [[ 0.02344]]

  [[-0.08594]]

  [[-0.33594]]

  [[-0.32812]]

  [[-0.40625]]

  [[-0.11719]]

  [[ 0.03125]]

  [[ 0.07812]]

  [[-0.15625]]

  [[ 0.02344]]

  [[ 0.14062]]

  [[-0.21875]]

  [[ 0.71875]]

  [[ 0.05469]]

  [[ 0.39062]]

  [[ 0.71094]]]


 [[[-0.20312]]

  [[-0.23438]]

  [[-0.17969]]

  [[ 0.21094]]

  [[ 0.125  ]]

  [[-0.33594]]

  [[-0.15625]]

  [[-0.125  ]]

  [[ 0.0625 ]]

  [[-0.25   ]]

  [[-0.28125]]

  [[-0.07812]]

  [[ 0.00781]]

  [[ 0.3125 ]]

  [[-0.01562]]

  [[ 0.03906]]

  [[-0.46094]]

  [[-0.10938]]

  [[ 0.53906]]

  [[-0.07031]]

  [[ 0.25   ]]

  [[ 0.01562]]

  [[ 0.17969]]

  [[ 0.03906]]

  [[-0.20312]]

  [[ 0.1875 ]]

  [[ 0.03906]]

  [[-0.14844]]

  [[ 0.41406]]

  [[-0.16406]]

  [[ 0.08594]]

  [[ 0.04688]]]]...
--------------------------------------------------------------------------------
[Bias] Layer: encoder1.block.2.5 (QuantConv2d)
  Shape: (8,)
  Bit Width: 16.0
  Signed: True
  Scale: 0.000244140625
  Sample Bias: [ 0.01782  0.02881  0.22681  0.69702  0.34424 -0.05444  0.05811  0.25488]...
################################################################################

