################################################################################
[Weight] Layer: encoder1.up.conv.0 (QuantConv2d)
  Shape: (8, 8, 3, 3)
  Bit Width: 8.0
  Signed: True
  Scale: 0.00390625
  Sample Weights: [[[[ 0.01562  0.08984 -0.00781]
   [-0.03516 -0.00391  0.11328]
   [-0.04297 -0.18359 -0.00391]]

  [[-0.05859 -0.03516 -0.01562]
   [ 0.03906  0.0625  -0.21094]
   [ 0.07422  0.15234 -0.03906]]

  [[-0.22656  0.03125 -0.06641]
   [-0.08594 -0.03906 -0.19531]
   [-0.01172 -0.00391 -0.16797]]

  [[-0.14844 -0.04688 -0.21484]
   [ 0.07031  0.12109 -0.09766]
   [ 0.02344 -0.04297 -0.00391]]

  [[ 0.12109 -0.01172 -0.19922]
   [-0.06641  0.03125  0.16797]
   [ 0.05469 -0.12109  0.08203]]

  [[-0.07422  0.01562  0.05469]
   [ 0.06641 -0.01562 -0.00391]
   [ 0.08594  0.04688 -0.02344]]

  [[ 0.23438  0.03125  0.12109]
   [ 0.10156 -0.10156  0.20703]
   [ 0.02734  0.07031  0.02734]]

  [[ 0.01172  0.02734  0.09766]
   [-0.18359 -0.13281  0.05469]
   [-0.16406 -0.04297  0.01562]]]


 [[[ 0.14062 -0.03125  0.14062]
   [ 0.07812 -0.33594 -0.17578]
   [-0.00391 -0.20703 -0.08594]]

  [[ 0.10547  0.11719 -0.09766]
   [ 0.28906 -0.07031 -0.08203]
   [ 0.39062 -0.08984  0.03125]]

  [[ 0.26953 -0.10547 -0.06641]
   [ 0.07422 -0.12109 -0.01953]
   [ 0.02734 -0.37891 -0.07422]]

  [[ 0.01562  0.1875   0.03516]
   [ 0.09375 -0.05469  0.06641]
   [ 0.11719 -0.02344  0.04688]]

  [[-0.02344  0.1875   0.42188]
   [-0.01953  0.09766 -0.16797]
   [ 0.04688 -0.15234 -0.16406]]

  [[ 0.33203 -0.13281 -0.05469]
   [ 0.02344  0.03516  0.05078]
   [-0.1875  -0.06641  0.08984]]

  [[-0.09766 -0.07812 -0.08984]
   [-0.16406 -0.13672 -0.13281]
   [ 0.07812 -0.04688 -0.04688]]

  [[ 0.10547 -0.05078 -0.0625 ]
   [-0.10156 -0.00781  0.03125]
   [-0.06641  0.       0.11328]]]


 [[[-0.09766 -0.12891 -0.05859]
   [-0.16406 -0.09766  0.19141]
   [ 0.04688  0.17578 -0.10938]]

  [[-0.03516 -0.02344 -0.09766]
   [ 0.16406  0.10938  0.15234]
   [ 0.02734 -0.28906 -0.09375]]

  [[ 0.05859  0.00781 -0.27734]
   [ 0.19531  0.16406  0.14453]
   [ 0.05469  0.05078 -0.14062]]

  [[ 0.12109  0.05859 -0.11719]
   [-0.08984 -0.09766 -0.37891]
   [ 0.02734  0.22266  0.14844]]

  [[-0.02734  0.01953 -0.12109]
   [-0.08984  0.01562 -0.20703]
   [-0.10156 -0.00391  0.19531]]

  [[ 0.04297 -0.11328 -0.07031]
   [-0.22656 -0.27734  0.26172]
   [ 0.17969 -0.00391 -0.05078]]

  [[-0.17969 -0.12891  0.125  ]
   [ 0.07031  0.05859  0.34766]
   [ 0.27344 -0.02734  0.11719]]

  [[-0.26562 -0.41016 -0.11328]
   [-0.12891 -0.07031  0.24219]
   [ 0.10938  0.04688  0.02344]]]


 [[[ 0.38281 -0.05078 -0.14844]
   [-0.02344 -0.16406 -0.03906]
   [-0.02734 -0.08203 -0.10547]]

  [[-0.       0.15234  0.06641]
   [ 0.30859  0.08984 -0.07422]
   [-0.10547 -0.08203 -0.12891]]

  [[-0.03125 -0.21875 -0.20312]
   [-0.28906  0.01953  0.08594]
   [-0.26953 -0.05078 -0.04688]]

  [[-0.13281  0.30859  0.26172]
   [ 0.19141  0.03906  0.08984]
   [ 0.11328  0.01953  0.08984]]

  [[-0.21484 -0.07031  0.16797]
   [ 0.18359 -0.03125  0.0625 ]
   [ 0.05469  0.00781  0.10547]]

  [[ 0.22656  0.20312 -0.03906]
   [ 0.13281 -0.03906 -0.17188]
   [ 0.00391  0.04688 -0.07031]]

  [[ 0.30469  0.01172 -0.13281]
   [ 0.07031 -0.03906 -0.08594]
   [-0.06641 -0.05078 -0.08203]]

  [[ 0.04688  0.05469 -0.07812]
   [-0.00781  0.08984 -0.02734]
   [-0.14453  0.05078 -0.07812]]]


 [[[ 0.08203 -0.01172  0.17969]
   [ 0.15234  0.20703  0.20312]
   [-0.05859  0.18359 -0.04297]]

  [[-0.00781 -0.19922 -0.05078]
   [-0.00391  0.10156 -0.     ]
   [-0.10938 -0.01953  0.19922]]

  [[-0.08594 -0.11328 -0.00391]
   [ 0.00781 -0.14844 -0.07812]
   [-0.0625   0.      -0.     ]]

  [[ 0.03516 -0.05859  0.03125]
   [-0.07812  0.10938 -0.10156]
   [-0.125    0.04688 -0.19531]]

  [[-0.14453 -0.17578  0.08203]
   [-0.13672 -0.07422  0.17578]
   [-0.11719  0.0625   0.06641]]

  [[-0.09375 -0.15234 -0.02344]
   [-0.16797 -0.19922 -0.04297]
   [ 0.03516  0.01172 -0.08984]]

  [[-0.08984 -0.08984 -0.14062]
   [ 0.07422 -0.02344 -0.22656]
   [-0.10156  0.11328  0.125  ]]

  [[ 0.13672 -0.09766 -0.16016]
   [-0.07812  0.19922 -0.08203]
   [-0.08203  0.03125 -0.01953]]]


 [[[-0.01562 -0.00391  0.125  ]
   [-0.03125 -0.04688  0.23047]
   [ 0.07812  0.10938  0.01172]]

  [[ 0.10938  0.07422 -0.13672]
   [ 0.18359 -0.11719  0.03125]
   [ 0.04688 -0.15625 -0.09375]]

  [[ 0.03125 -0.10156  0.17969]
   [-0.04688  0.05078 -0.01953]
   [ 0.14062  0.17578  0.03516]]

  [[ 0.1875   0.17969 -0.10547]
   [ 0.17578 -0.07422  0.01172]
   [-0.04297 -0.12109 -0.12891]]

  [[-0.15625 -0.10547  0.12109]
   [-0.10938  0.04297  0.04297]
   [-0.16406  0.00391  0.04297]]

  [[-0.21094 -0.05469  0.41797]
   [-0.09766  0.05469  0.13281]
   [ 0.05469  0.26953 -0.03906]]

  [[-0.01172  0.0625  -0.29688]
   [-0.16406 -0.15234  0.06641]
   [-0.10547 -0.00781 -0.05859]]

  [[ 0.01562 -0.11719  0.17969]
   [-0.12109  0.02734  0.12891]
   [-0.01172 -0.15234 -0.01953]]]


 [[[ 0.01953 -0.04688 -0.13281]
   [ 0.0625  -0.27344 -0.15625]
   [ 0.16797  0.07422  0.12109]]

  [[ 0.12891 -0.29297 -0.03516]
   [ 0.10547 -0.05078 -0.11719]
   [-0.05469  0.18359  0.02344]]

  [[ 0.25    -0.13281  0.05469]
   [ 0.03516 -0.02344  0.02734]
   [ 0.14844  0.02344  0.05078]]

  [[-0.00391  0.10938  0.13672]
   [ 0.125    0.07812 -0.03906]
   [-0.13281  0.10938  0.10156]]

  [[ 0.42188 -0.11328 -0.23047]
   [ 0.10938 -0.15234  0.14062]
   [ 0.07812  0.05078 -0.16797]]

  [[-0.01172 -0.10156 -0.10156]
   [-0.01953 -0.10938 -0.10156]
   [ 0.17969 -0.09766 -0.19922]]

  [[-0.16797  0.03906  0.14453]
   [ 0.02344 -0.21484 -0.08203]
   [ 0.19531  0.07812 -0.0625 ]]

  [[ 0.07812  0.03125 -0.08203]
   [-0.03125  0.19922  0.07422]
   [-0.14453  0.11328  0.0625 ]]]


 [[[ 0.07812  0.03516  0.03906]
   [ 0.02344  0.0625  -0.12109]
   [ 0.05469  0.07422  0.12891]]

  [[ 0.01172  0.07422  0.10547]
   [-0.17578 -0.07422  0.08594]
   [-0.03516 -0.05078 -0.00391]]

  [[-0.02734  0.09375  0.01953]
   [ 0.04297  0.10156  0.09766]
   [-0.03125  0.06641  0.03125]]

  [[-0.14453 -0.1875  -0.19922]
   [-0.01562 -0.03906  0.01172]
   [-0.0625  -0.12109 -0.08203]]

  [[ 0.03125  0.13281 -0.05078]
   [ 0.16016  0.00391 -0.07422]
   [ 0.15625  0.03125  0.03906]]

  [[ 0.07812  0.14062  0.05469]
   [ 0.03516  0.01172  0.03516]
   [ 0.09375  0.0625  -0.00781]]

  [[ 0.01953 -0.00781  0.08984]
   [ 0.03906  0.04297  0.01172]
   [-0.01562 -0.03906 -0.02344]]

  [[ 0.01172  0.03125  0.10156]
   [ 0.10938  0.08984  0.16016]
   [ 0.15625  0.01562  0.0625 ]]]]...
--------------------------------------------------------------------------------
[Bias] Layer: encoder1.up.conv.0 (QuantConv2d)
  Shape: (8,)
  Bit Width: 16.0
  Signed: True
  Scale: 0.0001220703125
  Sample Bias: [ 0.36621 -0.04016 -0.11572 -0.12659  0.71863 -0.33691 -0.46704  0.3042 ]...
################################################################################

