################################################################################
[Weight] Layer: encoder2.block.0.0.fn.0 (QuantConv2d)
  Shape: (8, 1, 3, 3)
  Bit Width: 8.0
  Signed: True
  Scale: 0.00390625
  Sample Weights: [[[[ 0.17578 -0.03906  0.23438]
   [ 0.14453 -0.15625  0.22266]
   [ 0.24609 -0.05469  0.13672]]]


 [[[ 0.00391 -0.08984  0.17578]
   [-0.17578  0.13672 -0.04688]
   [-0.03906 -0.08594  0.00781]]]


 [[[-0.08594  0.00781  0.39062]
   [ 0.03125 -0.19141 -0.10547]
   [ 0.41797 -0.04297 -0.01953]]]


 [[[ 0.10156 -0.05469  0.24609]
   [ 0.03906 -0.00781  0.17969]
   [ 0.20312 -0.29688  0.05078]]]


 [[[ 0.27344 -0.09766 -0.21875]
   [ 0.14844  0.13281  0.11719]
   [-0.19141  0.05859  0.13672]]]


 [[[-0.26953  0.38281  0.15234]
   [-0.19531 -0.07812 -0.29297]
   [ 0.17578  0.22266 -0.01562]]]


 [[[ 0.04688  0.0625   0.15625]
   [ 0.14453 -0.43359  0.15234]
   [ 0.16797 -0.10938 -0.03125]]]


 [[[ 0.04297 -0.01562 -0.     ]
   [-0.00781  0.08203  0.09766]
   [-0.06641  0.13281  0.04688]]]]...
--------------------------------------------------------------------------------
[Bias] Layer: encoder2.block.0.0.fn.0 (QuantConv2d)
  Shape: (8,)
  Bit Width: 16.0
  Signed: True
  Scale: 0.0001220703125
  Sample Bias: [-0.01086  0.02393 -0.00024 -0.21033 -0.00293 -0.12341  0.01794 -0.09839]...
################################################################################

