################################################################################
[Weight] Layer: encoder2.up.conv.0 (QuantConv2d)
  Shape: (8, 8, 3, 3)
  Bit Width: 8.0
  Signed: True
  Scale: 0.00390625
  Sample Weights: [[[[-0.02734 -0.05859 -0.09375]
   [ 0.10156  0.15625 -0.00391]
   [-0.07031 -0.07812 -0.08203]]

  [[-0.23438 -0.16406 -0.08594]
   [-0.1875  -0.03516 -0.19141]
   [ 0.17578  0.05078  0.04297]]

  [[-0.11328 -0.11328  0.04688]
   [ 0.06641  0.05469 -0.04688]
   [ 0.14844 -0.03516  0.01562]]

  [[ 0.21484 -0.29688  0.06641]
   [ 0.1875   0.1875   0.02344]
   [-0.10938 -0.08203  0.13281]]

  [[-0.29688 -0.16797 -0.03516]
   [ 0.09375  0.05469 -0.08594]
   [ 0.11328  0.01562 -0.05078]]

  [[ 0.08984  0.23047 -0.00781]
   [-0.18359  0.06641  0.02344]
   [-0.03516 -0.08984  0.17578]]

  [[-0.13672  0.01562 -0.     ]
   [-0.02734 -0.01953 -0.08984]
   [ 0.04297 -0.01953 -0.16797]]

  [[-0.0625   0.12891  0.07812]
   [ 0.03516 -0.02344 -0.07812]
   [-0.05859  0.01953 -0.01953]]]


 [[[-0.16406 -0.03516 -0.04688]
   [-0.19531 -0.06641  0.09766]
   [ 0.00781  0.05859 -0.06641]]

  [[-0.11719 -0.02344 -0.03906]
   [-0.10156 -0.00781 -0.03125]
   [-0.26172  0.05469  0.11328]]

  [[-0.03516 -0.02734  0.06641]
   [ 0.08203  0.10547  0.02734]
   [ 0.01562  0.03125 -0.09766]]

  [[ 0.05469  0.12891 -0.00391]
   [ 0.31641  0.23828 -0.04297]
   [ 0.12891  0.01562 -0.02734]]

  [[ 0.01172 -0.05859 -0.00781]
   [-0.12109 -0.21484  0.01562]
   [-0.07812  0.02734  0.01953]]

  [[-0.01562  0.10938 -0.00391]
   [ 0.00391 -0.       0.     ]
   [ 0.07422 -0.09766 -0.08203]]

  [[ 0.05469  0.09375 -0.01562]
   [ 0.19141  0.20703  0.10938]
   [ 0.19141  0.06641  0.13672]]

  [[ 0.00781 -0.07422  0.07812]
   [ 0.10938  0.10156 -0.03516]
   [ 0.01562 -0.04688  0.07812]]]


 [[[ 0.03516 -0.05078 -0.14453]
   [ 0.10156 -0.14453 -0.15625]
   [ 0.02734  0.05078  0.22656]]

  [[ 0.02734  0.04297  0.03125]
   [-0.03906  0.31641  0.1875 ]
   [ 0.02344  0.11719 -0.01172]]

  [[ 0.04688 -0.03516 -0.15625]
   [-0.07031  0.125   -0.07812]
   [ 0.01172  0.13281 -0.04688]]

  [[-0.03516  0.04688  0.08203]
   [ 0.02344  0.0625   0.04688]
   [ 0.03516 -0.00391 -0.05078]]

  [[ 0.08594 -0.03125 -0.19141]
   [-0.09375 -0.12891 -0.19531]
   [ 0.00781 -0.13672 -0.01953]]

  [[ 0.05859 -0.01953 -0.00781]
   [ 0.01172  0.30469  0.35547]
   [-0.01953  0.09375  0.14062]]

  [[-0.00391  0.02734  0.03516]
   [ 0.04297  0.17188  0.11328]
   [ 0.05469  0.05859  0.03906]]

  [[ 0.04688 -0.02734 -0.04297]
   [ 0.08984 -0.08203 -0.13281]
   [ 0.08984 -0.10156 -0.04297]]]


 [[[ 0.05469 -0.08203  0.125  ]
   [ 0.02344 -0.10156 -0.     ]
   [ 0.10547  0.12891 -0.08203]]

  [[-0.00781 -0.12891 -0.05078]
   [-0.03516  0.02344 -0.05469]
   [ 0.09766  0.15625 -0.04297]]

  [[ 0.05078 -0.07812 -0.07422]
   [ 0.10547  0.03516  0.04297]
   [-0.08984 -0.11328 -0.01953]]

  [[-0.01172  0.12109  0.08203]
   [-0.05469  0.03516 -0.11328]
   [ 0.0625   0.10938 -0.03516]]

  [[-0.0625   0.05469 -0.01562]
   [ 0.03516 -0.16797 -0.00781]
   [-0.03906  0.05078  0.07422]]

  [[-0.00781  0.01172  0.00781]
   [-0.03516 -0.01172  0.01562]
   [ 0.       0.07422  0.19922]]

  [[-0.11328  0.05078 -0.00781]
   [ 0.08984  0.17188 -0.09766]
   [ 0.04297  0.07031 -0.08203]]

  [[ 0.10547 -0.17188 -0.04688]
   [ 0.02344  0.09375  0.00391]
   [ 0.08594  0.01953 -0.05078]]]


 [[[-0.01172 -0.00781 -0.01953]
   [ 0.07422  0.09375  0.12891]
   [ 0.19531  0.09766 -0.03516]]

  [[ 0.05469  0.14844 -0.0625 ]
   [-0.07031 -0.00391 -0.25781]
   [ 0.19922  0.10938 -0.00391]]

  [[ 0.16016 -0.01562 -0.10547]
   [-0.03906 -0.16016 -0.16406]
   [-0.12109 -0.12109  0.07812]]

  [[-0.08203 -0.03906 -0.11328]
   [-0.07422  0.04688  0.13672]
   [-0.14844  0.08203  0.21484]]

  [[ 0.00391 -0.05469 -0.10156]
   [-0.16016 -0.24609  0.08203]
   [-0.02734  0.09375  0.09375]]

  [[-0.09375 -0.08594 -0.05859]
   [-0.12109  0.10156 -0.22266]
   [-0.03125 -0.02344 -0.05078]]

  [[-0.12891 -0.04297  0.42188]
   [ 0.07812  0.11328  0.31641]
   [ 0.23438 -0.10938 -0.01953]]

  [[ 0.02344  0.1875   0.15234]
   [ 0.10938  0.07812 -0.32031]
   [ 0.01172  0.       0.00391]]]


 [[[ 0.00391 -0.05859 -0.17188]
   [ 0.00391 -0.05859 -0.10938]
   [ 0.03125  0.04688  0.13672]]

  [[-0.04688 -0.03125  0.20703]
   [-0.08203 -0.10547 -0.21484]
   [-0.04688 -0.08984 -0.37109]]

  [[-0.08203 -0.04297  0.14844]
   [ 0.13281 -0.14062 -0.07422]
   [ 0.19141  0.01172  0.03906]]

  [[-0.05859 -0.05078 -0.04688]
   [ 0.125   -0.14844  0.04688]
   [ 0.03125 -0.01953  0.18359]]

  [[-0.11719  0.01172  0.11328]
   [-0.10547 -0.14844 -0.09375]
   [-0.00391 -0.02734 -0.21484]]

  [[ 0.10156  0.01172 -0.14453]
   [-0.05469  0.14062 -0.22656]
   [ 0.00391  0.23047  0.21094]]

  [[-0.07422 -0.10156 -0.08203]
   [ 0.08203  0.07812  0.03125]
   [ 0.02734 -0.00391  0.01562]]

  [[-0.23047 -0.00781  0.03125]
   [-0.02344 -0.      -0.04297]
   [-0.01172  0.03125 -0.01562]]]


 [[[-0.02734  0.01953 -0.01562]
   [-0.       0.07422  0.04688]
   [-0.00391  0.00391  0.0625 ]]

  [[-0.01172 -0.10547  0.08203]
   [ 0.07031 -0.08594 -0.03516]
   [ 0.03125 -0.03906 -0.14062]]

  [[ 0.0625  -0.13672 -0.14062]
   [ 0.16016 -0.05859 -0.10938]
   [ 0.14844 -0.09766 -0.22266]]

  [[-0.01562  0.09375  0.11719]
   [-0.26953 -0.03906 -0.00781]
   [-0.01953 -0.18359 -0.01953]]

  [[ 0.08203 -0.05469  0.00391]
   [ 0.16406  0.06641 -0.08203]
   [ 0.02344  0.125   -0.07812]]

  [[-0.12109  0.08594  0.08203]
   [ 0.01953 -0.06641  0.14062]
   [-0.04297 -0.15625  0.25391]]

  [[-0.      -0.15625 -0.15625]
   [ 0.07031 -0.01172 -0.05078]
   [ 0.00391 -0.03906 -0.13672]]

  [[ 0.03906  0.14844  0.03125]
   [-0.15625  0.01562 -0.     ]
   [-0.17969  0.27344  0.08594]]]


 [[[ 0.12891  0.10156 -0.01172]
   [-0.08594 -0.03516 -0.03125]
   [ 0.08203 -0.19922 -0.11328]]

  [[ 0.10156 -0.01562 -0.00781]
   [ 0.13281 -0.03516  0.10938]
   [ 0.16016 -0.03516  0.03125]]

  [[-0.14844 -0.42969  0.09375]
   [-0.04297 -0.21484  0.16406]
   [-0.12109 -0.03516  0.17969]]

  [[ 0.16797  0.07812 -0.05859]
   [ 0.14453  0.0625  -0.03125]
   [ 0.16406 -0.10156 -0.13672]]

  [[-0.25    -0.24219  0.24609]
   [-0.07812 -0.02344  0.16016]
   [-0.03516  0.07422  0.12109]]

  [[ 0.10547  0.19922 -0.01172]
   [ 0.01562  0.17578  0.03906]
   [ 0.12109  0.10156 -0.02344]]

  [[-0.14453 -0.03125 -0.06641]
   [ 0.01953  0.01172 -0.16016]
   [-0.02344  0.01172  0.03906]]

  [[ 0.05469  0.42578 -0.14844]
   [ 0.07812 -0.01562  0.09375]
   [ 0.07812 -0.08594 -0.07031]]]]...
--------------------------------------------------------------------------------
[Bias] Layer: encoder2.up.conv.0 (QuantConv2d)
  Shape: (8,)
  Bit Width: 16.0
  Signed: True
  Scale: 0.0001220703125
  Sample Bias: [ 0.59094  0.24585 -0.18445  0.13977  0.26501  0.69275  0.24255 -0.01794]...
################################################################################

