################################################################################
[Weight] Layer: encoder3.block.0.1.fn.0 (QuantConv2d)
  Shape: (8, 1, 7, 7)
  Bit Width: 8.0
  Signed: True
  Scale: 0.001953125
  Sample Weights: [[[[ 0.05273  0.03906 -0.03516 -0.03516  0.01562 -0.03906 -0.02148]
   [ 0.01953  0.02148  0.07227 -0.05273 -0.04688 -0.02734 -0.00781]
   [ 0.02734  0.1543   0.18945 -0.19531 -0.08984  0.0293   0.01367]
   [ 0.00781  0.03906  0.0918   0.05859 -0.02734  0.00586  0.00977]
   [-0.04688 -0.03906 -0.11914 -0.06055  0.07422  0.06836  0.00977]
   [-0.05273 -0.01562 -0.00977 -0.02539  0.01758  0.00586  0.01758]
   [-0.01953 -0.05859 -0.      -0.02539  0.00781  0.01953  0.05859]]]


 [[[-0.05469  0.01172 -0.04102 -0.00195  0.00391 -0.00977 -0.04297]
   [-0.01367  0.00977 -0.04492 -0.0293  -0.07617 -0.0332   0.03516]
   [ 0.08594 -0.01172 -0.08203 -0.13672  0.04102  0.12891  0.07031]
   [ 0.08203  0.15039  0.24805 -0.05273  0.05469  0.10352  0.09375]
   [ 0.08984  0.0957  -0.04883 -0.24805 -0.10156  0.06055  0.05664]
   [ 0.0293  -0.01758 -0.07227 -0.00781  0.00977  0.01562 -0.02539]
   [-0.04102  0.00586  0.01562 -0.04883 -0.04688 -0.00195 -0.03125]]]


 [[[-0.06641 -0.0957  -0.0918   0.00586  0.0625   0.02734  0.05078]
   [-0.02344 -0.05469 -0.10547  0.05664  0.05664  0.02539 -0.00391]
   [-0.05273 -0.00391 -0.19531  0.15039  0.06055 -0.02148  0.00195]
   [-0.04297 -0.02148 -0.01758  0.18555 -0.09766  0.05859 -0.10156]
   [-0.07227  0.01953  0.12109  0.03711 -0.05078 -0.03516 -0.01758]
   [-0.01758  0.05664  0.06445  0.05859 -0.04297 -0.09766  0.01367]
   [ 0.01953  0.05078  0.01562  0.0293  -0.0293  -0.0332  -0.08594]]]


 [[[ 0.0625   0.08984  0.19141  0.05078  0.09766  0.05273  0.07617]
   [ 0.04883 -0.02539  0.00977 -0.08008  0.00195  0.12109  0.02539]
   [ 0.04297 -0.03516 -0.00391  0.00586 -0.00977 -0.02539 -0.01953]
   [ 0.04492  0.0293  -0.15234 -0.24805  0.0332  -0.04688  0.01172]
   [-0.03906 -0.00586  0.04688 -0.05273 -0.05273  0.04688  0.00195]
   [ 0.01172  0.11328  0.06836 -0.04883  0.01758  0.06055  0.08984]
   [ 0.01758  0.04688  0.11133  0.03906  0.07227  0.08984  0.05859]]]


 [[[-0.03125  0.00195  0.01562 -0.0293   0.04492  0.0918   0.01562]
   [-0.02539  0.01367 -0.02539 -0.04297  0.0918   0.05664 -0.00781]
   [-0.04102  0.00195 -0.08984  0.00781  0.1875  -0.00977 -0.05664]
   [ 0.00391  0.01562 -0.04492  0.02344 -0.16602 -0.03516 -0.01172]
   [-0.00781  0.0293   0.10156 -0.06641 -0.0293  -0.00195 -0.01172]
   [-0.01172  0.0957   0.07422 -0.04492 -0.03711  0.01562 -0.0332 ]
   [ 0.03906  0.05664  0.00195  0.00977  0.03711 -0.03711 -0.0293 ]]]


 [[[ 0.00195 -0.00781 -0.02148 -0.00586 -0.00195 -0.01172  0.00391]
   [ 0.05078  0.01367 -0.01367 -0.01758  0.02734 -0.03906  0.00195]
   [ 0.04492  0.04102  0.06641 -0.13281 -0.04688 -0.01758  0.01953]
   [ 0.01172 -0.02539  0.01953  0.08203  0.00195  0.00977 -0.04102]
   [ 0.01172 -0.00781  0.02344  0.00781  0.11914  0.06445 -0.01367]
   [-0.00391 -0.05078 -0.00195  0.02539  0.02148  0.03516  0.00195]
   [-0.02539 -0.00781 -0.00586 -0.01562  0.0293  -0.00781  0.0293 ]]]


 [[[-0.01172  0.05469  0.04492  0.13477  0.01172  0.03125  0.00391]
   [-0.07422  0.00195  0.0625   0.06641 -0.05469 -0.00391  0.06641]
   [-0.04297 -0.00781  0.01562  0.02734 -0.07227 -0.04492 -0.00586]
   [-0.04492 -0.02539 -0.06055 -0.01953 -0.19141 -0.08203 -0.0625 ]
   [-0.02539 -0.0293   0.02539  0.04297 -0.03711 -0.16211 -0.10547]
   [ 0.00195 -0.07031  0.06445  0.03516  0.10742 -0.00195 -0.12109]
   [-0.00195 -0.03125  0.06641  0.03516  0.00391  0.10547 -0.04688]]]


 [[[-0.03711 -0.01562 -0.01562  0.11914  0.09375  0.05469 -0.01953]
   [-0.02148 -0.05078 -0.00391  0.11328  0.09375 -0.04883  0.00195]
   [ 0.00195 -0.05664 -0.11914  0.22266  0.00586 -0.06836 -0.0293 ]
   [-0.03906  0.04688 -0.24805  0.06641 -0.20898  0.00977 -0.04492]
   [ 0.01953 -0.07617 -0.03711  0.13477 -0.04883 -0.       0.00195]
   [-0.0332  -0.0293   0.07422  0.08203  0.01367 -0.05664 -0.01562]
   [-0.01367  0.03711  0.10156  0.08008  0.05078  0.01367 -0.01758]]]]...
--------------------------------------------------------------------------------
[Bias] Layer: encoder3.block.0.1.fn.0 (QuantConv2d)
  Shape: (8,)
  Bit Width: 16.0
  Signed: True
  Scale: 6.103515625e-05
  Sample Bias: [-0.07715  0.02832 -0.02698 -0.30774 -0.09094 -0.19775  0.09418 -0.2005 ]...
################################################################################

