################################################################################
[Weight] Layer: encoder4.block.0.0.fn.0 (QuantConv2d)
  Shape: (16, 1, 7, 7)
  Bit Width: 8.0
  Signed: True
  Scale: 0.00390625
  Sample Weights: [[[[ 0.03516 -0.01562 -0.05078 -0.02734 -0.01562  0.00391 -0.02344]
   [ 0.09766  0.07812  0.00781 -0.03906 -0.03125 -0.02344 -0.00781]
   [ 0.01562  0.0625   0.07812 -0.01172 -0.00391 -0.02734 -0.00781]
   [ 0.01172  0.04297  0.05469  0.03125  0.00391 -0.03906 -0.01953]
   [ 0.03516  0.01953  0.04688  0.04297  0.02734 -0.02344 -0.01953]
   [ 0.04688  0.02344  0.00781 -0.01172 -0.      -0.02344 -0.01562]
   [ 0.05078  0.00781 -0.01172 -0.01953 -0.01953 -0.01562 -0.03516]]]


 [[[ 0.30078  0.03516  0.10938  0.11328  0.07422  0.01953  0.04688]
   [ 0.38281  0.01172  0.16797  0.10938  0.03516  0.15234  0.08594]
   [-0.13672 -0.25781 -0.06641  0.03516 -0.02344  0.05469 -0.26172]
   [-0.24219 -0.31641 -0.21484 -0.16016 -0.21484 -0.0625  -0.21875]
   [-0.17188 -0.10938 -0.02344 -0.05469 -0.14844  0.14062  0.14062]
   [ 0.12891 -0.03906  0.00781  0.1875  -0.05469  0.05078  0.08203]
   [ 0.23047 -0.05078  0.10156 -0.01172  0.01562  0.19922  0.28906]]]


 [[[-0.00781  0.01172  0.125    0.10547 -0.12891 -0.11719 -0.0625 ]
   [-0.01953 -0.03125  0.07812  0.05078 -0.11719 -0.12109 -0.02344]
   [ 0.02344 -0.00391  0.08594 -0.04688 -0.11328 -0.07031 -0.00781]
   [ 0.00391  0.05078  0.14844 -0.05859 -0.10938 -0.07422  0.00391]
   [ 0.01562  0.07812  0.08594  0.10156 -0.10547 -0.07422  0.03516]
   [-0.00781  0.08984  0.04297  0.10156 -0.02344 -0.08984  0.02734]
   [ 0.04297  0.08203  0.16016  0.17188  0.02344 -0.09375 -0.02734]]]


 [[[ 0.01172  0.02344  0.00391 -0.04297 -0.00391  0.01172 -0.00781]
   [ 0.01172 -0.02344  0.02734  0.01953  0.01562 -0.01562 -0.01172]
   [ 0.01562 -0.       0.00391 -0.03125  0.00391 -0.01172 -0.01562]
   [ 0.01953  0.01562 -0.      -0.00781 -0.01562 -0.01172  0.02734]
   [ 0.02344  0.02344  0.00781 -0.01562 -0.02344 -0.02734  0.01953]
   [-0.      -0.01172  0.01172 -0.01562  0.02344 -0.       0.01172]
   [-0.03906  0.00781  0.01172 -0.01562  0.02344  0.01172  0.00391]]]


 [[[ 0.07812  0.09766  0.03516 -0.02344  0.00391 -0.      -0.00781]
   [ 0.08203  0.06641  0.01562 -0.02734 -0.00391 -0.01953  0.01172]
   [ 0.02734  0.00391  0.01172  0.01172 -0.02734 -0.03125 -0.00391]
   [ 0.02344 -0.00781  0.       0.03516 -0.      -0.03125  0.03516]
   [ 0.00781 -0.01953 -0.05469 -0.00781  0.00781  0.01562  0.02344]
   [-0.01562 -0.02734 -0.00781 -0.03906 -0.01562  0.01172  0.02344]
   [-0.03516 -0.05469 -0.02734 -0.01562 -0.03516 -0.00781  0.01953]]]


 [[[-0.01172  0.07812 -0.02734 -0.04297 -0.01172  0.02344 -0.05859]
   [-0.03906  0.02344  0.05078 -0.02344 -0.01953  0.01172 -0.03906]
   [ 0.04688  0.05078  0.08984 -0.00781 -0.03516 -0.04297 -0.04297]
   [-0.00781  0.01562  0.05078  0.07031  0.01172  0.02734 -0.04297]
   [-0.04688 -0.04688 -0.05469  0.05078  0.0625   0.04297 -0.00391]
   [-0.03125 -0.03906 -0.05469 -0.02344  0.05469  0.03906  0.03516]
   [-0.05859 -0.03906 -0.01562 -0.02734 -0.02734  0.00781 -0.00781]]]


 [[[ 0.06641  0.03516  0.02734 -0.07812  0.00781  0.00781  0.08984]
   [-0.08203 -0.05859 -0.02734 -0.04297  0.09766  0.03125  0.05469]
   [-0.08984 -0.12109 -0.14844 -0.03516 -0.00781 -0.00781  0.10547]
   [-0.07031 -0.09375 -0.15625 -0.11719 -0.03906 -0.08594  0.12109]
   [-0.03125 -0.00391 -0.08203 -0.08984  0.00391  0.05859  0.19141]
   [ 0.04297 -0.02734 -0.02734  0.05859  0.09766  0.05859  0.07422]
   [-0.08594 -0.02734 -0.0625  -0.03516 -0.01562  0.02734  0.09766]]]


 [[[ 0.03125 -0.05469  0.00391  0.07031 -0.04297 -0.05469 -0.02734]
   [ 0.03516  0.03125 -0.01953  0.00781 -0.07812 -0.10156 -0.02734]
   [-0.03516  0.06641  0.00781  0.03906 -0.09766 -0.08984  0.00391]
   [-0.03125  0.03516 -0.01172  0.05469 -0.08594 -0.06641 -0.     ]
   [-0.10938 -0.03906 -0.02344  0.00391 -0.0625  -0.05859 -0.03125]
   [-0.11719 -0.10156  0.03516 -0.03516 -0.03125 -0.05078  0.01953]
   [-0.08594 -0.01953  0.06641  0.04297 -0.01562  0.01172  0.07031]]]


 [[[-0.07812 -0.05078 -0.06641 -0.04688 -0.01562 -0.01562 -0.0625 ]
   [-0.01172 -0.03125 -0.03906 -0.05078 -0.05469 -0.03516 -0.00391]
   [-0.00391 -0.02734 -0.01562 -0.04688 -0.03516 -0.       0.03125]
   [-0.01953 -0.03516  0.02344 -0.01562 -0.02734  0.00391  0.02734]
   [ 0.01562  0.02344  0.14453  0.03516 -0.02734  0.       0.00781]
   [ 0.02344  0.03125  0.08594 -0.      -0.01562  0.02344 -0.03516]
   [ 0.00781  0.0625   0.06641  0.01562  0.00391 -0.00391 -0.05078]]]


 [[[-0.09375 -0.06641  0.12109  0.00781 -0.06641 -0.02344 -0.13672]
   [ 0.06641 -0.09766  0.04297  0.08984  0.14844  0.08203  0.07422]
   [ 0.07812 -0.02344 -0.15234  0.125    0.19531  0.01562  0.13281]
   [-0.03125  0.01172 -0.17188  0.06641  0.14453  0.04688  0.16016]
   [ 0.00391 -0.01562 -0.125    0.11328  0.02344  0.06641  0.10156]
   [-0.02734  0.00781 -0.125    0.04688  0.03906  0.01953 -0.11328]
   [-0.15234 -0.09766 -0.      -0.00781  0.11328 -0.02734 -0.07812]]]]...
--------------------------------------------------------------------------------
[Bias] Layer: encoder4.block.0.0.fn.0 (QuantConv2d)
  Shape: (16,)
  Bit Width: 16.0
  Signed: True
  Scale: 0.0001220703125
  Sample Bias: [-0.06763 -0.08777 -0.02197 -0.16833 -0.06616 -0.01392  0.11975  0.17773
  0.07898 -0.39233]...
################################################################################

