################################################################################
[Weight] Layer: encoder4.block.0.2 (QuantConv2d)
  Shape: (64, 16, 1, 1)
  Bit Width: 8.0
  Signed: True
  Scale: 0.00390625
  Sample Weights: [[[[ 0.     ]]

  [[ 0.     ]]

  [[ 0.     ]]

  [[ 0.     ]]

  [[ 0.     ]]

  [[ 0.     ]]

  [[ 0.     ]]

  [[ 0.     ]]

  [[ 0.     ]]

  [[ 0.     ]]

  [[ 0.     ]]

  [[ 0.     ]]

  [[ 0.     ]]

  [[ 0.     ]]

  [[ 0.     ]]

  [[ 0.     ]]]


 [[[-0.00781]]

  [[-0.18359]]

  [[-0.21484]]

  [[ 0.02344]]

  [[ 0.34375]]

  [[ 0.15234]]

  [[ 0.21875]]

  [[-0.08594]]

  [[-0.29297]]

  [[-0.05078]]

  [[-0.04297]]

  [[-0.08984]]

  [[-0.10547]]

  [[-0.08594]]

  [[-0.09375]]

  [[ 0.30078]]]


 [[[-0.16016]]

  [[ 0.19141]]

  [[ 0.15234]]

  [[ 0.00391]]

  [[ 0.02734]]

  [[-0.13672]]

  [[ 0.24219]]

  [[-0.27344]]

  [[ 0.02734]]

  [[ 0.03125]]

  [[-0.11328]]

  [[-0.04297]]

  [[ 0.14062]]

  [[ 0.02344]]

  [[-0.06641]]

  [[-0.22266]]]


 [[[ 0.     ]]

  [[ 0.     ]]

  [[ 0.     ]]

  [[ 0.     ]]

  [[ 0.     ]]

  [[ 0.     ]]

  [[ 0.     ]]

  [[ 0.     ]]

  [[ 0.     ]]

  [[ 0.     ]]

  [[ 0.     ]]

  [[ 0.     ]]

  [[ 0.     ]]

  [[ 0.     ]]

  [[ 0.     ]]

  [[ 0.     ]]]


 [[[ 0.07422]]

  [[-0.01562]]

  [[ 0.04297]]

  [[-0.01562]]

  [[-0.00781]]

  [[ 0.21094]]

  [[ 0.00391]]

  [[-0.00391]]

  [[-0.05859]]

  [[-0.01562]]

  [[ 0.00391]]

  [[ 0.00781]]

  [[ 0.     ]]

  [[-0.02734]]

  [[ 0.06641]]

  [[-0.03906]]]


 [[[ 0.01562]]

  [[ 0.03125]]

  [[ 0.09375]]

  [[ 0.23047]]

  [[ 0.05859]]

  [[ 0.12109]]

  [[-0.10156]]

  [[-0.     ]]

  [[-0.09766]]

  [[-0.08984]]

  [[ 0.03516]]

  [[-0.05469]]

  [[ 0.08594]]

  [[-0.08984]]

  [[-0.01953]]

  [[-0.07812]]]


 [[[-0.     ]]

  [[-0.     ]]

  [[-0.     ]]

  [[ 0.     ]]

  [[-0.     ]]

  [[-0.     ]]

  [[ 0.     ]]

  [[ 0.     ]]

  [[-0.     ]]

  [[-0.     ]]

  [[ 0.     ]]

  [[-0.     ]]

  [[-0.     ]]

  [[ 0.     ]]

  [[ 0.     ]]

  [[-0.     ]]]


 [[[ 0.     ]]

  [[ 0.     ]]

  [[ 0.     ]]

  [[ 0.     ]]

  [[ 0.     ]]

  [[ 0.     ]]

  [[ 0.     ]]

  [[ 0.     ]]

  [[ 0.     ]]

  [[ 0.     ]]

  [[ 0.     ]]

  [[ 0.     ]]

  [[ 0.     ]]

  [[ 0.     ]]

  [[ 0.     ]]

  [[ 0.     ]]]


 [[[ 0.     ]]

  [[-0.     ]]

  [[-0.     ]]

  [[ 0.     ]]

  [[ 0.     ]]

  [[ 0.     ]]

  [[-0.     ]]

  [[-0.     ]]

  [[-0.     ]]

  [[-0.     ]]

  [[ 0.     ]]

  [[ 0.     ]]

  [[ 0.     ]]

  [[-0.     ]]

  [[ 0.     ]]

  [[-0.     ]]]


 [[[ 0.00781]]

  [[ 0.17578]]

  [[-0.07812]]

  [[ 0.29297]]

  [[ 0.03906]]

  [[-0.00781]]

  [[-0.0625 ]]

  [[-0.14453]]

  [[-0.04297]]

  [[-0.04688]]

  [[-0.125  ]]

  [[-0.11719]]

  [[ 0.08984]]

  [[-0.13672]]

  [[-0.13672]]

  [[-0.23047]]]]...
--------------------------------------------------------------------------------
[Bias] Layer: encoder4.block.0.2 (QuantConv2d)
  Shape: (64,)
  Bit Width: 16.0
  Signed: True
  Scale: 0.0001220703125
  Sample Bias: [-0.       0.13599  0.229    0.      -0.0697   0.06519  0.      -0.
  0.       0.31323]...
################################################################################

