################################################################################
[Weight] Layer: encoder5.block.0.0.fn.0 (QuantConv2d)
  Shape: (16, 1, 9, 9)
  Bit Width: 8.0
  Signed: True
  Scale: 0.00390625
  Sample Weights: [[[[ 0.       0.       0.       0.       0.       0.       0.
     0.       0.     ]
   [ 0.       0.       0.       0.       0.       0.       0.
     0.       0.     ]
   [ 0.       0.       0.       0.       0.       0.       0.
     0.       0.     ]
   [ 0.       0.       0.       0.       0.       0.       0.
     0.       0.     ]
   [ 0.       0.       0.       0.       0.       0.       0.
     0.       0.     ]
   [ 0.       0.       0.       0.       0.       0.       0.
     0.       0.     ]
   [ 0.       0.       0.       0.       0.       0.       0.
     0.       0.     ]
   [ 0.       0.       0.       0.       0.       0.       0.
     0.       0.     ]
   [ 0.       0.       0.       0.       0.       0.       0.
     0.       0.     ]]]


 [[[ 0.      -0.      -0.       0.      -0.       0.      -0.
     0.       0.     ]
   [ 0.      -0.       0.       0.       0.      -0.      -0.
    -0.      -0.     ]
   [-0.      -0.       0.      -0.       0.       0.       0.
     0.      -0.     ]
   [-0.       0.      -0.      -0.      -0.      -0.      -0.
     0.      -0.     ]
   [-0.      -0.      -0.       0.      -0.      -0.      -0.
    -0.      -0.     ]
   [-0.      -0.      -0.      -0.      -0.      -0.      -0.
    -0.      -0.     ]
   [-0.      -0.      -0.      -0.      -0.      -0.      -0.
    -0.      -0.     ]
   [-0.      -0.      -0.      -0.      -0.      -0.      -0.
    -0.      -0.     ]
   [-0.      -0.      -0.      -0.      -0.      -0.      -0.
    -0.      -0.     ]]]


 [[[-0.       0.00391  0.00391  0.      -0.00391  0.      -0.
    -0.      -0.     ]
   [-0.00391  0.       0.00391  0.00391 -0.      -0.      -0.
    -0.      -0.     ]
   [-0.00391  0.00391  0.       0.      -0.00391  0.      -0.
    -0.      -0.     ]
   [-0.00391  0.       0.00781 -0.      -0.00391 -0.      -0.00391
    -0.00391 -0.     ]
   [-0.00391  0.       0.00391  0.      -0.00391 -0.      -0.
    -0.      -0.     ]
   [-0.       0.00391  0.00391  0.00391 -0.      -0.00391 -0.00391
    -0.      -0.     ]
   [-0.       0.       0.       0.00391  0.00781 -0.00391 -0.00391
    -0.      -0.     ]
   [-0.      -0.      -0.      -0.       0.00391  0.00391 -0.00391
    -0.00391 -0.     ]
   [-0.       0.       0.00391 -0.00391 -0.       0.00391  0.
    -0.00391 -0.     ]]]


 [[[-0.01172  0.03516  0.03906  0.00781 -0.00391 -0.00781 -0.05859
    -0.125   -0.17188]
   [-0.01172  0.03125  0.01562  0.00391  0.00781  0.00391 -0.05859
    -0.10938 -0.13281]
   [ 0.00391  0.01953  0.02734  0.04297  0.02734  0.      -0.03125
    -0.05078 -0.05469]
   [ 0.01172  0.03125  0.03516  0.01953 -0.02344 -0.03125 -0.00781
    -0.01172 -0.00781]
   [ 0.02734  0.03125  0.00391 -0.01172 -0.04297 -0.00781  0.00781
    -0.00391  0.00781]
   [-0.00391 -0.03125 -0.03906 -0.03906 -0.02344  0.03125  0.03516
     0.02734  0.01172]
   [-0.07031 -0.07812 -0.06641 -0.03906  0.       0.03516  0.03906
     0.03906  0.04688]
   [-0.125   -0.10938 -0.07422 -0.03906 -0.01953  0.00781  0.02734
     0.01953  0.02734]
   [-0.14062 -0.10938 -0.07422 -0.03906 -0.00781  0.02344  0.04688
     0.03516  0.04297]]]


 [[[-0.07031 -0.07812 -0.11719 -0.14062 -0.17969 -0.06641 -0.02734
    -0.02344 -0.10156]
   [-0.03125 -0.04297 -0.11328 -0.11328 -0.12891 -0.07812 -0.02344
     0.02734 -0.03516]
   [-0.02734 -0.04297 -0.05859 -0.01953 -0.01172  0.02734  0.05859
     0.05078  0.04688]
   [-0.06641 -0.08594 -0.0625   0.02734  0.03906  0.04297  0.
    -0.00781 -0.03125]
   [-0.08594 -0.08984 -0.04297  0.01953  0.02734  0.04688 -0.08984
    -0.11328 -0.0625 ]
   [-0.02344 -0.03906 -0.03906  0.03906  0.03516 -0.05859 -0.12891
    -0.07812 -0.01562]
   [-0.02734 -0.03906 -0.05078  0.05469 -0.05859 -0.12891 -0.05078
    -0.01953  0.01172]
   [-0.07812 -0.07031 -0.0625  -0.03906 -0.16406 -0.17188 -0.09766
    -0.08594 -0.07812]
   [-0.00391 -0.      -0.03906 -0.07812 -0.17188 -0.07031 -0.04297
    -0.04297 -0.08984]]]


 [[[ 0.00781  0.00781 -0.01562 -0.07031 -0.04688 -0.04297 -0.04688
    -0.07031 -0.125  ]
   [ 0.01172  0.00781 -0.02344 -0.05859 -0.0625  -0.02344 -0.03906
    -0.05078 -0.06641]
   [ 0.01562 -0.01562 -0.03906 -0.07031 -0.0625  -0.00781 -0.02734
    -0.05859 -0.05859]
   [-0.03906 -0.06641 -0.05078 -0.03906 -0.02734  0.03125  0.01562
    -0.02734 -0.04688]
   [-0.00781 -0.04688 -0.03125 -0.00391 -0.01562  0.01172 -0.00391
    -0.05078 -0.04297]
   [ 0.08594  0.02344 -0.02734 -0.03125 -0.02344 -0.02734 -0.02344
    -0.05078 -0.00391]
   [ 0.13281  0.08203  0.05078 -0.01172 -0.00391 -0.04688 -0.01172
     0.01562  0.03906]
   [ 0.16016  0.09766  0.10156  0.05078  0.01172 -0.01172  0.01562
     0.03125  0.04688]
   [ 0.21094  0.17188  0.17969  0.16406  0.05859  0.01953  0.03906
     0.02344  0.01562]]]


 [[[-0.03125 -0.04688 -0.07031 -0.04688 -0.01172 -0.04688 -0.05469
    -0.04688 -0.06641]
   [-0.05469 -0.05469 -0.08203 -0.06641 -0.03906 -0.04688 -0.0625
    -0.05859 -0.05469]
   [ 0.01562  0.03516 -0.01172 -0.00781 -0.00781 -0.01172 -0.04297
    -0.05859 -0.05469]
   [ 0.01562  0.08984  0.10156  0.08984  0.05078 -0.00781  0.00391
     0.01562 -0.     ]
   [ 0.04297  0.06641  0.09766  0.01953 -0.01953 -0.04297 -0.02344
     0.02734  0.01953]
   [ 0.03906  0.06641  0.09766  0.05859  0.03125  0.03125  0.03125
     0.07812  0.07031]
   [ 0.04297  0.04297  0.01172  0.01953  0.04688  0.02344  0.03125
     0.07422  0.10156]
   [ 0.00781  0.03125 -0.01172 -0.03516 -0.03125 -0.01953 -0.02344
    -0.02734  0.     ]
   [-0.00391  0.01562  0.00391 -0.02734 -0.01562 -0.03125 -0.05078
    -0.05078 -0.03125]]]


 [[[-0.16406 -0.11328 -0.08203  0.05859  0.14453  0.08594 -0.01953
    -0.05469 -0.15625]
   [-0.13281 -0.11719 -0.17188  0.07031  0.07812  0.07031 -0.00391
     0.00391 -0.12109]
   [-0.12891 -0.19141 -0.14844  0.19531  0.05078  0.09375  0.09375
    -0.10547 -0.19922]
   [-0.05859 -0.21484 -0.18359  0.23828  0.23438  0.21484 -0.17188
    -0.15234 -0.17578]
   [-0.07812 -0.36328 -0.12109  0.27344  0.0625   0.02344 -0.17578
    -0.11328 -0.13672]
   [-0.07031 -0.22656  0.02734  0.14062  0.20312 -0.17578 -0.15625
    -0.05859 -0.08594]
   [-0.12109 -0.22266  0.10938  0.14844  0.11719 -0.23047 -0.0625
    -0.05859 -0.04297]
   [-0.10938 -0.10547  0.05078  0.13281  0.0625  -0.07031 -0.11328
    -0.04297 -0.02344]
   [-0.05078 -0.05078 -0.03516  0.13281  0.16406  0.04688 -0.0625
     0.03906 -0.15234]]]


 [[[-0.03125 -0.02344 -0.02344 -0.01562 -0.01562  0.01953  0.02344
     0.01172  0.00781]
   [-0.03125 -0.01562 -0.01172 -0.00781  0.00391  0.03906  0.05078
     0.03516 -0.01172]
   [-0.01953 -0.00781  0.00781  0.01172  0.01562  0.03125  0.04688
     0.01953 -0.01562]
   [-0.00781 -0.       0.01953  0.02344  0.01953  0.01562  0.02734
     0.01172 -0.00391]
   [-0.00391  0.00781  0.01562  0.02344  0.01172  0.02344  0.01172
    -0.      -0.00781]
   [-0.00391  0.00391  0.01172  0.01562  0.01953  0.01562  0.01172
     0.00391 -0.01172]
   [ 0.01953  0.02344  0.02734  0.02734  0.03125  0.00391  0.01562
     0.01172 -0.01172]
   [ 0.03125  0.04297  0.03906  0.03125  0.02734  0.01953  0.00781
     0.02344 -0.00391]
   [ 0.02734  0.04297  0.02734  0.01562  0.00781  0.02344  0.00391
    -0.00781 -0.01172]]]


 [[[-0.02344 -0.01562 -0.01172 -0.00781 -0.01562 -0.01562 -0.01172
    -0.00391 -0.01953]
   [-0.02344 -0.01172 -0.01172 -0.01562 -0.01562 -0.01172 -0.01562
    -0.01562 -0.02734]
   [-0.02344 -0.02344 -0.02344 -0.02734 -0.02734 -0.02344 -0.02734
    -0.03125 -0.03906]
   [-0.02344 -0.02344 -0.01953 -0.01562 -0.00781 -0.00781 -0.01172
    -0.02344 -0.03516]
   [-0.00781 -0.00781 -0.00391  0.00391  0.01172  0.01172 -0.
    -0.00781 -0.01953]
   [-0.02344 -0.01953 -0.01953 -0.01562 -0.00781 -0.01562 -0.01562
    -0.01953 -0.03125]
   [-0.03906 -0.03516 -0.03906 -0.03516 -0.02734 -0.03125 -0.03516
    -0.03125 -0.02734]
   [-0.03125 -0.03125 -0.03516 -0.03125 -0.02734 -0.02344 -0.01953
    -0.01953 -0.01172]
   [-0.03125 -0.02734 -0.02344 -0.01953 -0.01562 -0.01562 -0.00781
    -0.00781 -0.00781]]]]...
--------------------------------------------------------------------------------
[Bias] Layer: encoder5.block.0.0.fn.0 (QuantConv2d)
  Shape: (16,)
  Bit Width: 16.0
  Signed: True
  Scale: 6.103515625e-05
  Sample Bias: [-0.      -0.      -0.08545  0.20441  0.58099  0.0387  -0.04327  0.20715
  0.00366  0.24298]...
################################################################################

