################################################################################
[Weight] Layer: encoder1.block.0.1.fn.0 (QuantConv2d)
  Shape: (8, 1, 3, 3)
  Bit Width: 8.0
  Signed: True
  Scale: 0.0078125
  Sample Weights: [[[[ 0.24219 -0.02344 -0.38281]
   [-0.01562 -0.35156  0.15625]
   [ 0.35156  0.39844 -0.28125]]]


 [[[ 0.01562  0.25     0.19531]
   [ 0.1875   0.78906 -0.07031]
   [ 0.20312 -0.08594  0.28125]]]


 [[[-0.10938 -0.05469 -0.01562]
   [ 0.02344  0.32812 -0.15625]
   [ 0.10156  0.04688  0.04688]]]


 [[[-0.0625   0.01562 -0.26562]
   [-0.02344 -0.03125 -0.10938]
   [-0.02344  0.09375  0.0625 ]]]


 [[[ 0.04688 -0.33594  0.125  ]
   [-0.09375  0.83594 -0.07031]
   [-0.13281  0.51562  0.14844]]]


 [[[-0.24219 -0.54688  0.     ]
   [-0.98438 -0.99219 -0.10938]
   [-0.66406 -0.99219 -0.01562]]]


 [[[ 0.09375  0.00781 -0.03906]
   [-0.04688  0.83594 -0.03906]
   [-0.03906  0.67969 -0.03125]]]


 [[[ 0.17188  0.17188  0.28125]
   [ 0.3125   0.21875  0.0625 ]
   [ 0.20312  0.08594  0.19531]]]]...
--------------------------------------------------------------------------------
[Bias] Layer: encoder1.block.0.1.fn.0 (QuantConv2d)
  Shape: (8,)
  Bit Width: 16.0
  Signed: True
  Scale: 0.000244140625
  Sample Bias: [-0.08252 -1.18164 -0.00537  0.44434 -0.27881  2.89111 -1.43091 -0.31494]...
################################################################################

