################################################################################
[Weight] Layer: encoder5.block.0.1.fn.0 (QuantConv2d)
  Shape: (16, 1, 9, 9)
  Bit Width: 8.0
  Signed: True
  Scale: 0.001953125
  Sample Weights: [[[[-0.      -0.      -0.      -0.      -0.      -0.      -0.
    -0.      -0.     ]
   [-0.      -0.      -0.      -0.      -0.      -0.      -0.
    -0.      -0.     ]
   [-0.      -0.      -0.      -0.      -0.      -0.      -0.
    -0.      -0.     ]
   [-0.      -0.      -0.      -0.      -0.      -0.      -0.
    -0.      -0.     ]
   [-0.      -0.      -0.      -0.      -0.      -0.      -0.
    -0.      -0.     ]
   [-0.      -0.      -0.      -0.      -0.      -0.      -0.
    -0.      -0.     ]
   [-0.      -0.      -0.      -0.      -0.      -0.      -0.
    -0.      -0.     ]
   [-0.      -0.      -0.      -0.      -0.      -0.      -0.
    -0.      -0.     ]
   [-0.      -0.      -0.      -0.      -0.      -0.      -0.
    -0.      -0.     ]]]


 [[[-0.00391 -0.00586 -0.00586 -0.00391 -0.00391 -0.00195 -0.00391
    -0.00391 -0.00391]
   [-0.00391 -0.00586 -0.00391 -0.00195 -0.00195 -0.00195 -0.00195
    -0.00391 -0.00391]
   [-0.00391 -0.00391 -0.00195  0.      -0.      -0.      -0.
    -0.00195 -0.00391]
   [-0.00195 -0.00195 -0.       0.       0.       0.00195  0.
    -0.00195 -0.00195]
   [-0.00195 -0.       0.       0.00195  0.       0.00391  0.00195
    -0.      -0.00195]
   [ 0.       0.00195  0.00195  0.00195  0.00195  0.00195  0.00195
    -0.      -0.00195]
   [-0.       0.      -0.      -0.      -0.00195  0.       0.00195
    -0.00195 -0.00391]
   [-0.00195 -0.00195 -0.00195 -0.00391 -0.00391 -0.00195 -0.00195
    -0.00391 -0.00391]
   [-0.00195 -0.00195 -0.00391 -0.00586 -0.00586 -0.00391 -0.00391
    -0.00586 -0.00586]]]


 [[[-0.00781 -0.00195  0.01172  0.02148  0.03125  0.04688  0.01758
    -0.01172 -0.00195]
   [-0.00977 -0.00195  0.01172  0.01562  0.03906  0.02148 -0.
    -0.00391  0.01953]
   [-0.00586 -0.       0.00586  0.01758  0.0293   0.03125 -0.00391
    -0.00586  0.01953]
   [-0.01172 -0.00977 -0.00781  0.00391  0.01953  0.0332  -0.00781
    -0.00781  0.00781]
   [-0.0293  -0.01562 -0.00977 -0.00977 -0.00391  0.00977  0.00977
     0.       0.00195]
   [-0.0293  -0.01172 -0.00781 -0.01367 -0.00391  0.01172  0.00781
     0.00586  0.00195]
   [-0.02539 -0.01172 -0.00977 -0.01953  0.01172  0.02734  0.00195
    -0.00195  0.00391]
   [-0.01953 -0.01367 -0.01953 -0.02148  0.00977  0.03125  0.01367
     0.       0.00781]
   [-0.01172 -0.01172 -0.01367 -0.00977  0.00195  0.01758  0.01953
     0.01172 -0.00195]]]


 [[[-0.10938 -0.08984 -0.04883 -0.01953  0.00977  0.02148 -0.00391
    -0.02344 -0.01758]
   [-0.10352 -0.09375 -0.0625  -0.02148 -0.00586  0.00195 -0.02539
    -0.04688 -0.02344]
   [-0.05664 -0.09375 -0.05664 -0.00781 -0.00586 -0.00977  0.01367
    -0.00977  0.00781]
   [-0.03125 -0.05859 -0.02539  0.00586 -0.02344 -0.00391  0.02734
     0.01953  0.02344]
   [ 0.00195 -0.00586  0.02148  0.00195 -0.0332   0.01367  0.0293
     0.00977 -0.0332 ]
   [-0.01367 -0.00586  0.03516  0.05664 -0.00586  0.02148  0.02344
    -0.0332  -0.09961]
   [-0.05859 -0.05664 -0.04102 -0.02148 -0.04297 -0.02734 -0.03711
    -0.11328 -0.14258]
   [-0.02539 -0.02539 -0.00195  0.00781  0.01367 -0.01172 -0.05078
    -0.12109 -0.12109]
   [-0.00977 -0.01367 -0.00977 -0.00781  0.0293   0.00781 -0.03906
    -0.0918  -0.07812]]]


 [[[-0.01172 -0.01367 -0.01758 -0.01758 -0.01562 -0.00977 -0.00781
    -0.00781 -0.00781]
   [-0.02344 -0.02148 -0.02148 -0.01562 -0.01172 -0.00781 -0.01172
    -0.01367 -0.01172]
   [-0.02539 -0.01953 -0.00977  0.00586  0.00586  0.00391 -0.00781
    -0.00977 -0.00195]
   [-0.01758 -0.01172  0.00195  0.01758  0.01562  0.00781 -0.00781
    -0.00977 -0.00391]
   [-0.01953 -0.01562 -0.00195  0.01172  0.00586 -0.00586 -0.00977
    -0.00586 -0.00195]
   [-0.01758 -0.01367 -0.00391  0.00586 -0.00391 -0.01172 -0.00781
    -0.00195  0.00391]
   [-0.01758 -0.00781 -0.00391 -0.00391 -0.01367 -0.00977 -0.
     0.00195  0.00391]
   [-0.01758 -0.00977 -0.00781 -0.00977 -0.01758 -0.01367 -0.00586
    -0.00781 -0.00977]
   [-0.01562 -0.01172 -0.00586 -0.00586 -0.01172 -0.00781 -0.00781
    -0.01367 -0.01562]]]


 [[[ 0.05664  0.07227  0.07227 -0.01758 -0.06445 -0.02734 -0.05469
    -0.17773 -0.06641]
   [ 0.08789  0.07227  0.02148 -0.07422 -0.10742 -0.05469 -0.05273
    -0.09766 -0.09375]
   [ 0.06445  0.01758 -0.03516 -0.12305 -0.10938 -0.08594 -0.0957
    -0.11133 -0.08789]
   [ 0.0293  -0.0293  -0.04102 -0.08594 -0.0625  -0.03125 -0.06641
    -0.10547 -0.09961]
   [ 0.03711  0.00977  0.00586  0.01562  0.00586  0.00195 -0.0332
    -0.07227 -0.08008]
   [ 0.03906  0.01758  0.00781  0.02344  0.04297  0.00195 -0.03125
    -0.05273 -0.04102]
   [ 0.05469  0.04492  0.04688  0.05273  0.07227  0.02734  0.01758
     0.01562  0.01367]
   [ 0.03516  0.04492  0.08203  0.10156  0.08008  0.06641  0.07031
     0.06641  0.06055]
   [ 0.03125  0.07031  0.10938  0.12891  0.06055  0.07227  0.09961
     0.08398  0.08789]]]


 [[[ 0.02539  0.03711  0.00195  0.01172  0.01758  0.01953  0.0332
     0.02539 -0.02148]
   [-0.00586  0.0293   0.01562 -0.00391  0.02344  0.03516  0.0332
     0.03125  0.00586]
   [ 0.01953  0.0332   0.02148 -0.00391  0.04688  0.09766  0.04492
     0.01953  0.01758]
   [ 0.01367  0.04102  0.04883  0.04102  0.01953  0.06641  0.07812
     0.04492  0.03516]
   [ 0.03711  0.01758  0.04102  0.00586  0.00977  0.05664  0.05664
     0.07031  0.06445]
   [ 0.02344  0.01758  0.02344  0.0293   0.04102  0.04883  0.03906
     0.08203  0.07422]
   [ 0.01953  0.02734  0.00195  0.01172  0.04297  0.01172 -0.00781
     0.03516  0.03906]
   [-0.03711  0.00977  0.01367  0.00977 -0.00391 -0.00195 -0.01562
    -0.01758 -0.02539]
   [-0.08203 -0.03125  0.01562  0.      -0.01562 -0.01953 -0.03906
    -0.04102 -0.04102]]]


 [[[ 0.01367 -0.00391 -0.02734  0.02539  0.08594  0.08008  0.01758
     0.01367 -0.01367]
   [ 0.01953 -0.00586 -0.05664  0.02734  0.08008  0.0625   0.00586
    -0.       0.00195]
   [ 0.00391 -0.0293  -0.04492  0.04297  0.05469  0.0332  -0.00391
    -0.00586  0.00391]
   [-0.00977 -0.04688 -0.01562  0.04688  0.04102  0.01953 -0.01367
    -0.0293   0.00391]
   [-0.01172 -0.02344  0.00391  0.0293   0.04297  0.01758 -0.01758
    -0.02344  0.00977]
   [-0.01172  0.00586  0.00977  0.02734  0.05859  0.00977 -0.00977
    -0.00586 -0.00391]
   [-0.00977  0.02148  0.01758  0.0332   0.0625   0.00586  0.00195
     0.       0.00781]
   [-0.00391  0.02148  0.02539  0.04297  0.05859  0.01758  0.00391
     0.01172  0.01367]
   [ 0.01367  0.04883  0.04492  0.0625   0.06836  0.03906  0.02344
     0.00977 -0.00781]]]


 [[[ 0.       0.       0.       0.       0.       0.       0.
     0.       0.     ]
   [ 0.       0.       0.       0.       0.       0.       0.
     0.       0.     ]
   [ 0.       0.       0.       0.       0.       0.       0.
     0.       0.     ]
   [ 0.       0.       0.       0.       0.       0.       0.
     0.       0.     ]
   [ 0.       0.       0.       0.       0.       0.       0.
     0.       0.     ]
   [ 0.       0.       0.       0.       0.       0.       0.
     0.       0.     ]
   [ 0.       0.       0.       0.       0.       0.       0.
     0.       0.     ]
   [ 0.       0.       0.       0.       0.       0.       0.
     0.       0.     ]
   [ 0.       0.       0.       0.       0.       0.       0.
     0.       0.     ]]]


 [[[-0.      -0.      -0.      -0.      -0.      -0.      -0.
    -0.      -0.     ]
   [-0.      -0.      -0.      -0.      -0.      -0.      -0.
    -0.      -0.     ]
   [-0.      -0.      -0.      -0.      -0.      -0.      -0.
    -0.      -0.     ]
   [-0.      -0.      -0.      -0.      -0.      -0.      -0.
    -0.      -0.     ]
   [-0.      -0.      -0.      -0.      -0.      -0.       0.
     0.      -0.     ]
   [-0.      -0.      -0.      -0.      -0.      -0.      -0.
    -0.      -0.     ]
   [-0.      -0.      -0.      -0.      -0.      -0.      -0.
    -0.      -0.     ]
   [-0.      -0.      -0.      -0.      -0.      -0.      -0.
    -0.      -0.     ]
   [-0.      -0.      -0.      -0.      -0.      -0.      -0.
    -0.      -0.     ]]]]...
--------------------------------------------------------------------------------
[Bias] Layer: encoder5.block.0.1.fn.0 (QuantConv2d)
  Shape: (16,)
  Bit Width: 16.0
  Signed: True
  Scale: 1.52587890625e-05
  Sample Bias: [-0.00061 -0.00362 -0.11124  0.41605  0.02249  0.14436 -0.09106 -0.1626
  0.      -0.00076]...
################################################################################

