################################################################################
[Weight] Layer: encoder5.block.1.2 (QuantConv2d)
  Shape: (64, 16, 1, 1)
  Bit Width: 8.0
  Signed: True
  Scale: 0.00390625
  Sample Weights: [[[[ 0.     ]]

  [[ 0.     ]]

  [[ 0.     ]]

  [[ 0.     ]]

  [[ 0.     ]]

  [[ 0.     ]]

  [[ 0.     ]]

  [[ 0.     ]]

  [[ 0.     ]]

  [[ 0.     ]]

  [[ 0.     ]]

  [[ 0.     ]]

  [[ 0.     ]]

  [[ 0.     ]]

  [[ 0.     ]]

  [[ 0.     ]]]


 [[[ 0.05469]]

  [[-0.04688]]

  [[ 0.02734]]

  [[ 0.00391]]

  [[-0.     ]]

  [[ 0.01172]]

  [[ 0.09375]]

  [[ 0.     ]]

  [[-0.08984]]

  [[-0.     ]]

  [[ 0.23047]]

  [[ 0.07422]]

  [[-0.08984]]

  [[-0.22266]]

  [[ 0.21094]]

  [[ 0.02344]]]


 [[[ 0.     ]]

  [[ 0.     ]]

  [[ 0.     ]]

  [[ 0.     ]]

  [[ 0.     ]]

  [[ 0.     ]]

  [[ 0.     ]]

  [[ 0.     ]]

  [[ 0.     ]]

  [[ 0.     ]]

  [[ 0.     ]]

  [[-0.     ]]

  [[ 0.     ]]

  [[-0.     ]]

  [[ 0.     ]]

  [[ 0.     ]]]


 [[[ 0.     ]]

  [[ 0.     ]]

  [[ 0.     ]]

  [[ 0.     ]]

  [[ 0.     ]]

  [[ 0.     ]]

  [[ 0.     ]]

  [[ 0.     ]]

  [[ 0.     ]]

  [[ 0.     ]]

  [[ 0.     ]]

  [[ 0.     ]]

  [[ 0.     ]]

  [[ 0.     ]]

  [[ 0.     ]]

  [[ 0.     ]]]


 [[[ 0.     ]]

  [[ 0.     ]]

  [[ 0.     ]]

  [[ 0.     ]]

  [[ 0.     ]]

  [[ 0.     ]]

  [[ 0.     ]]

  [[ 0.     ]]

  [[ 0.     ]]

  [[ 0.     ]]

  [[ 0.     ]]

  [[ 0.     ]]

  [[ 0.     ]]

  [[ 0.     ]]

  [[ 0.     ]]

  [[ 0.     ]]]


 [[[-0.     ]]

  [[-0.     ]]

  [[ 0.     ]]

  [[-0.     ]]

  [[-0.     ]]

  [[ 0.     ]]

  [[ 0.     ]]

  [[-0.     ]]

  [[ 0.     ]]

  [[ 0.     ]]

  [[-0.     ]]

  [[ 0.     ]]

  [[-0.     ]]

  [[-0.     ]]

  [[ 0.     ]]

  [[ 0.     ]]]


 [[[-0.14844]]

  [[ 0.14062]]

  [[-0.     ]]

  [[-0.03516]]

  [[ 0.     ]]

  [[-0.03906]]

  [[-0.15234]]

  [[ 0.     ]]

  [[ 0.00781]]

  [[-0.     ]]

  [[-0.03516]]

  [[ 0.10938]]

  [[-0.06641]]

  [[ 0.09766]]

  [[-0.28906]]

  [[-0.03516]]]


 [[[ 0.     ]]

  [[ 0.     ]]

  [[ 0.     ]]

  [[ 0.     ]]

  [[ 0.     ]]

  [[ 0.     ]]

  [[ 0.     ]]

  [[ 0.     ]]

  [[ 0.     ]]

  [[ 0.     ]]

  [[ 0.     ]]

  [[ 0.     ]]

  [[ 0.     ]]

  [[ 0.     ]]

  [[ 0.     ]]

  [[ 0.     ]]]


 [[[ 0.     ]]

  [[ 0.     ]]

  [[ 0.     ]]

  [[ 0.     ]]

  [[ 0.     ]]

  [[ 0.     ]]

  [[ 0.     ]]

  [[ 0.     ]]

  [[ 0.     ]]

  [[ 0.     ]]

  [[ 0.     ]]

  [[ 0.     ]]

  [[ 0.     ]]

  [[ 0.     ]]

  [[ 0.     ]]

  [[ 0.     ]]]


 [[[ 0.14453]]

  [[-0.18359]]

  [[-0.00781]]

  [[ 0.02344]]

  [[ 0.     ]]

  [[ 0.11328]]

  [[-0.01953]]

  [[-0.     ]]

  [[ 0.18359]]

  [[ 0.     ]]

  [[ 0.23828]]

  [[ 0.15234]]

  [[ 0.04297]]

  [[ 0.08984]]

  [[-0.13672]]

  [[ 0.10938]]]]...
--------------------------------------------------------------------------------
[Bias] Layer: encoder5.block.1.2 (QuantConv2d)
  Shape: (64,)
  Bit Width: 16.0
  Signed: True
  Scale: 3.0517578125e-05
  Sample Bias: [-0.      -0.02182  0.       0.      -0.       0.       0.07986  0.
  0.      -0.19205]...
################################################################################

