################################################################################
[Weight] Layer: Up5.up.1 (QuantConv2d)
  Shape: (16, 24, 3, 3)
  Bit Width: 8.0
  Signed: True
  Scale: 0.00390625
  Sample Weights: [[[[-0.      -0.      -0.     ]
   [ 0.       0.      -0.     ]
   [ 0.       0.       0.     ]]

  [[ 0.      -0.      -0.     ]
   [ 0.       0.      -0.     ]
   [ 0.       0.       0.     ]]

  [[-0.06641 -0.03125  0.01172]
   [-0.06641 -0.03906 -0.00391]
   [-0.05469 -0.04297 -0.01953]]

  ...

  [[-0.      -0.      -0.     ]
   [ 0.       0.       0.     ]
   [ 0.       0.       0.     ]]

  [[ 0.      -0.      -0.     ]
   [ 0.       0.       0.     ]
   [ 0.      -0.       0.     ]]

  [[-0.       0.      -0.     ]
   [ 0.       0.       0.     ]
   [ 0.       0.       0.     ]]]


 [[[-0.      -0.      -0.     ]
   [ 0.      -0.      -0.     ]
   [ 0.      -0.      -0.     ]]

  [[-0.      -0.      -0.     ]
   [ 0.      -0.      -0.     ]
   [-0.       0.       0.     ]]

  [[-0.01953 -0.01562  0.02344]
   [-0.02734 -0.03125  0.00391]
   [-0.02734 -0.03906 -0.01172]]

  ...

  [[ 0.       0.       0.     ]
   [ 0.       0.       0.     ]
   [-0.      -0.      -0.     ]]

  [[ 0.      -0.      -0.     ]
   [-0.      -0.      -0.     ]
   [-0.      -0.      -0.     ]]

  [[ 0.       0.       0.     ]
   [ 0.       0.       0.     ]
   [ 0.       0.       0.     ]]]


 [[[ 0.       0.       0.     ]
   [-0.       0.      -0.     ]
   [-0.      -0.      -0.     ]]

  [[-0.       0.       0.     ]
   [ 0.      -0.       0.     ]
   [-0.      -0.      -0.     ]]

  [[-0.02734 -0.02344 -0.03125]
   [-0.01172 -0.01172 -0.01562]
   [-0.01172 -0.01172 -0.01953]]

  ...

  [[-0.      -0.      -0.     ]
   [ 0.       0.       0.     ]
   [ 0.       0.       0.     ]]

  [[ 0.       0.       0.     ]
   [ 0.       0.       0.     ]
   [ 0.       0.       0.     ]]

  [[ 0.       0.       0.     ]
   [ 0.       0.       0.     ]
   [ 0.      -0.      -0.     ]]]


 ...


 [[[ 0.      -0.      -0.     ]
   [ 0.      -0.      -0.     ]
   [ 0.      -0.      -0.     ]]

  [[-0.      -0.      -0.     ]
   [ 0.       0.       0.     ]
   [ 0.      -0.      -0.     ]]

  [[ 0.04688  0.01953 -0.00391]
   [ 0.04297  0.01562 -0.00781]
   [ 0.03516  0.01172 -0.01562]]

  ...

  [[-0.      -0.      -0.     ]
   [ 0.       0.       0.     ]
   [ 0.       0.       0.     ]]

  [[ 0.      -0.      -0.     ]
   [ 0.       0.       0.     ]
   [ 0.       0.       0.     ]]

  [[-0.      -0.       0.     ]
   [ 0.      -0.       0.     ]
   [ 0.      -0.       0.     ]]]


 [[[ 0.       0.       0.     ]
   [-0.       0.       0.     ]
   [ 0.      -0.      -0.     ]]

  [[-0.      -0.       0.     ]
   [-0.      -0.       0.     ]
   [ 0.      -0.      -0.     ]]

  [[ 0.       0.       0.     ]
   [ 0.       0.       0.     ]
   [ 0.       0.       0.     ]]

  ...

  [[ 0.       0.      -0.     ]
   [ 0.       0.      -0.     ]
   [-0.       0.      -0.     ]]

  [[ 0.       0.       0.     ]
   [ 0.       0.       0.     ]
   [ 0.       0.       0.     ]]

  [[-0.       0.       0.     ]
   [-0.      -0.      -0.     ]
   [-0.      -0.      -0.     ]]]


 [[[-0.      -0.       0.     ]
   [ 0.       0.       0.     ]
   [ 0.       0.      -0.     ]]

  [[ 0.       0.       0.     ]
   [ 0.       0.       0.     ]
   [-0.      -0.       0.     ]]

  [[ 0.07422  0.08984  0.14062]
   [ 0.03516  0.04688  0.08984]
   [-0.00781 -0.       0.03906]]

  ...

  [[ 0.       0.       0.     ]
   [ 0.       0.       0.     ]
   [-0.      -0.      -0.     ]]

  [[ 0.       0.       0.     ]
   [-0.       0.       0.     ]
   [-0.      -0.       0.     ]]

  [[-0.       0.       0.     ]
   [-0.       0.       0.     ]
   [ 0.       0.       0.     ]]]]...
--------------------------------------------------------------------------------
[Bias] Layer: Up5.up.1 (QuantConv2d)
  Shape: (16,)
  Bit Width: 16.0
  Signed: True
  Scale: 3.0517578125e-05
  Sample Bias: [ 0.17081  0.27905 -0.25845 -0.       0.12531 -0.0722   0.03186  0.07269
  0.       0.08298]...
################################################################################

