################################################################################
[Weight] Layer: Up_conv5.conv.3 (QuantConv2d)
  Shape: (64, 16, 1, 1)
  Bit Width: 8.0
  Signed: True
  Scale: 0.00390625
  Sample Weights: [[[[ 0.     ]]

  [[ 0.     ]]

  [[-0.     ]]

  [[ 0.00391]]

  [[ 0.12109]]

  [[ 0.03125]]

  [[ 0.01562]]

  [[ 0.08984]]

  [[-0.00391]]

  [[ 0.26953]]

  [[-0.     ]]

  [[-0.     ]]

  [[ 0.05469]]

  [[ 0.02344]]

  [[ 0.05859]]

  [[ 0.03906]]]


 [[[ 0.     ]]

  [[ 0.     ]]

  [[ 0.     ]]

  [[ 0.     ]]

  [[ 0.     ]]

  [[ 0.     ]]

  [[ 0.     ]]

  [[ 0.     ]]

  [[ 0.     ]]

  [[ 0.     ]]

  [[ 0.     ]]

  [[ 0.     ]]

  [[ 0.     ]]

  [[ 0.     ]]

  [[ 0.     ]]

  [[ 0.     ]]]


 [[[ 0.     ]]

  [[ 0.     ]]

  [[ 0.     ]]

  [[ 0.     ]]

  [[ 0.     ]]

  [[ 0.     ]]

  [[ 0.     ]]

  [[ 0.     ]]

  [[ 0.     ]]

  [[ 0.     ]]

  [[ 0.     ]]

  [[ 0.     ]]

  [[ 0.     ]]

  [[ 0.     ]]

  [[ 0.     ]]

  [[ 0.     ]]]


 [[[ 0.     ]]

  [[ 0.     ]]

  [[ 0.     ]]

  [[ 0.     ]]

  [[ 0.     ]]

  [[ 0.     ]]

  [[ 0.     ]]

  [[ 0.     ]]

  [[ 0.     ]]

  [[ 0.     ]]

  [[ 0.     ]]

  [[ 0.     ]]

  [[ 0.     ]]

  [[ 0.     ]]

  [[ 0.     ]]

  [[ 0.     ]]]


 [[[ 0.     ]]

  [[ 0.     ]]

  [[ 0.     ]]

  [[ 0.     ]]

  [[ 0.     ]]

  [[ 0.     ]]

  [[ 0.     ]]

  [[ 0.     ]]

  [[ 0.     ]]

  [[ 0.     ]]

  [[ 0.     ]]

  [[ 0.     ]]

  [[ 0.     ]]

  [[ 0.     ]]

  [[ 0.     ]]

  [[ 0.     ]]]


 [[[ 0.     ]]

  [[ 0.     ]]

  [[-0.     ]]

  [[ 0.26172]]

  [[ 0.49609]]

  [[-0.15234]]

  [[-0.29688]]

  [[ 0.03125]]

  [[-0.05469]]

  [[-0.38672]]

  [[ 0.     ]]

  [[-0.     ]]

  [[-0.20703]]

  [[ 0.37891]]

  [[ 0.16797]]

  [[-0.10547]]]


 [[[ 0.     ]]

  [[ 0.     ]]

  [[ 0.     ]]

  [[ 0.     ]]

  [[ 0.     ]]

  [[ 0.     ]]

  [[ 0.     ]]

  [[ 0.     ]]

  [[ 0.     ]]

  [[ 0.     ]]

  [[ 0.     ]]

  [[ 0.     ]]

  [[ 0.     ]]

  [[ 0.     ]]

  [[ 0.     ]]

  [[ 0.     ]]]


 [[[ 0.     ]]

  [[ 0.     ]]

  [[ 0.     ]]

  [[ 0.     ]]

  [[ 0.     ]]

  [[ 0.     ]]

  [[ 0.     ]]

  [[ 0.     ]]

  [[ 0.     ]]

  [[ 0.     ]]

  [[ 0.     ]]

  [[ 0.     ]]

  [[ 0.     ]]

  [[ 0.     ]]

  [[ 0.     ]]

  [[ 0.     ]]]


 [[[ 0.     ]]

  [[ 0.     ]]

  [[ 0.     ]]

  [[ 0.     ]]

  [[ 0.     ]]

  [[ 0.     ]]

  [[ 0.     ]]

  [[ 0.     ]]

  [[ 0.     ]]

  [[ 0.     ]]

  [[ 0.     ]]

  [[ 0.     ]]

  [[ 0.     ]]

  [[ 0.     ]]

  [[ 0.     ]]

  [[ 0.     ]]]


 [[[ 0.     ]]

  [[ 0.     ]]

  [[ 0.     ]]

  [[ 0.     ]]

  [[ 0.     ]]

  [[ 0.     ]]

  [[ 0.     ]]

  [[ 0.     ]]

  [[ 0.     ]]

  [[ 0.     ]]

  [[ 0.     ]]

  [[ 0.     ]]

  [[ 0.     ]]

  [[ 0.     ]]

  [[ 0.     ]]

  [[ 0.     ]]]]...
--------------------------------------------------------------------------------
[Bias] Layer: Up_conv5.conv.3 (QuantConv2d)
  Shape: (64,)
  Bit Width: 16.0
  Signed: True
  Scale: 3.0517578125e-05
  Sample Bias: [-0.13824  0.      -0.      -0.       0.      -0.06192 -0.       0.
 -0.      -0.     ]...
################################################################################

