################################################################################
[Weight] Layer: Up_conv4.conv.0 (QuantConv2d)
  Shape: (16, 16, 3, 3)
  Bit Width: 8.0
  Signed: True
  Scale: 0.001953125
  Sample Weights: [[[[-0.12305 -0.00586 -0.0332 ]
   [ 0.02344  0.03906 -0.00195]
   [-0.06641 -0.00977 -0.00586]]

  [[ 0.01367 -0.03906 -0.01172]
   [ 0.06055  0.08594 -0.02734]
   [-0.00781  0.06641  0.01758]]

  [[ 0.03711  0.01758  0.00781]
   [ 0.02539  0.00391  0.01172]
   [-0.05859 -0.03906 -0.0332 ]]

  ...

  [[ 0.01758 -0.04102 -0.08984]
   [-0.04102  0.04102 -0.03125]
   [-0.03906 -0.00391 -0.00586]]

  [[-0.03516 -0.06055 -0.02344]
   [ 0.00391 -0.11523  0.04492]
   [ 0.07031 -0.00977  0.02734]]

  [[ 0.08203  0.02148  0.     ]
   [-0.01562 -0.05859 -0.00195]
   [-0.00586 -0.06055  0.00586]]]


 [[[-0.03711 -0.0293  -0.     ]
   [-0.05469  0.06055 -0.00781]
   [ 0.05469  0.00195 -0.07812]]

  [[-0.11914  0.00586 -0.0625 ]
   [ 0.02344 -0.       0.01562]
   [ 0.08008  0.0332   0.05469]]

  [[ 0.05273  0.03711 -0.00391]
   [ 0.13086  0.10547  0.01367]
   [ 0.04297  0.11133 -0.03906]]

  ...

  [[ 0.05078  0.02344  0.02344]
   [-0.08398  0.01562  0.04883]
   [-0.03516  0.01562  0.01172]]

  [[-0.00391 -0.0332   0.00977]
   [-0.02539  0.14258  0.04102]
   [-0.02734  0.17578  0.08203]]

  [[ 0.05273 -0.15039 -0.06445]
   [ 0.0293  -0.12109 -0.0293 ]
   [ 0.08984  0.01758 -0.0293 ]]]


 [[[-0.12695 -0.08789 -0.07422]
   [-0.11719 -0.08398 -0.03516]
   [-0.08594 -0.08398 -0.02734]]

  [[ 0.00781  0.01172 -0.0293 ]
   [-0.01953  0.09375  0.01562]
   [-0.04297  0.00977 -0.06055]]

  [[-0.03711  0.0332   0.04492]
   [-0.03906  0.00586  0.0332 ]
   [-0.05664  0.00977  0.01953]]

  ...

  [[-0.01562  0.07422  0.01367]
   [ 0.0625   0.10938  0.05273]
   [ 0.09375  0.08984 -0.06641]]

  [[ 0.02344 -0.04297 -0.02344]
   [ 0.0957  -0.05469  0.02344]
   [ 0.03711 -0.00195  0.03711]]

  [[-0.04688 -0.0332   0.03516]
   [-0.00195 -0.00195 -0.04297]
   [ 0.0625   0.03906  0.01953]]]


 ...


 [[[-0.04297  0.04102 -0.07812]
   [-0.02539 -0.01172 -0.03516]
   [-0.04883 -0.03906 -0.0625 ]]

  [[-0.10547 -0.0957   0.00977]
   [-0.06641 -0.05664 -0.07812]
   [-0.08203 -0.05273 -0.10742]]

  [[-0.02148 -0.02734 -0.06445]
   [-0.07227 -0.01953  0.01367]
   [-0.08984 -0.07227 -0.00195]]

  ...

  [[-0.02148 -0.01172  0.00781]
   [ 0.0332   0.0332  -0.00391]
   [ 0.04297 -0.00781 -0.00586]]

  [[-0.00977  0.08984 -0.01367]
   [-0.00195  0.03516 -0.02344]
   [ 0.00391  0.05469 -0.01758]]

  [[ 0.00977  0.06445  0.13281]
   [-0.       0.02539  0.08203]
   [-0.08008 -0.01758  0.05469]]]


 [[[-0.01562 -0.04297  0.05273]
   [-0.11914  0.06055  0.03516]
   [ 0.05469  0.05273  0.07422]]

  [[-0.01172  0.02734 -0.08008]
   [-0.07031 -0.06641 -0.08594]
   [ 0.10742  0.03906 -0.03711]]

  [[-0.03125 -0.05469  0.04492]
   [ 0.00781 -0.05078 -0.04297]
   [-0.01758  0.01367 -0.05859]]

  ...

  [[ 0.07227 -0.05664 -0.11523]
   [ 0.05078 -0.01758 -0.02344]
   [-0.14844 -0.0625  -0.03125]]

  [[ 0.11328 -0.08398  0.07031]
   [-0.02148 -0.00586 -0.01758]
   [-0.0918  -0.08008 -0.14062]]

  [[ 0.00391 -0.08789 -0.12109]
   [-0.00586  0.02539  0.12305]
   [-0.01758  0.08203  0.10352]]]


 [[[-0.08984 -0.0293   0.0293 ]
   [ 0.00586  0.01758  0.01367]
   [ 0.02148  0.08398  0.05664]]

  [[ 0.0332   0.04688 -0.00391]
   [ 0.00781  0.04297 -0.06445]
   [-0.       0.03516  0.03516]]

  [[ 0.03906 -0.01367  0.01172]
   [ 0.05273  0.      -0.04688]
   [ 0.05273  0.01367 -0.05859]]

  ...

  [[ 0.06836  0.08398 -0.09766]
   [ 0.12891 -0.0918  -0.08789]
   [ 0.10938 -0.01172 -0.01172]]

  [[ 0.02734 -0.05664 -0.09375]
   [ 0.12109 -0.14648  0.02148]
   [ 0.01367  0.03125  0.07812]]

  [[-0.01367  0.06641  0.03711]
   [-0.07422  0.00391  0.07031]
   [ 0.09961  0.0625   0.13477]]]]...
--------------------------------------------------------------------------------
[Bias] Layer: Up_conv4.conv.0 (QuantConv2d)
  Shape: (16,)
  Bit Width: 16.0
  Signed: True
  Scale: 6.103515625e-05
  Sample Bias: [ 0.18713  0.17194 -0.18225  0.34735  0.22668  0.1908  -0.18359  0.25757
  0.47302 -0.05408]...
################################################################################

