################################################################################
[Weight] Layer: Up_conv3.conv.0 (QuantConv2d)
  Shape: (8, 8, 3, 3)
  Bit Width: 8.0
  Signed: True
  Scale: 0.00390625
  Sample Weights: [[[[-0.08984  0.07422  0.08594]
   [ 0.08594 -0.07422 -0.14844]
   [ 0.04297  0.05469  0.08203]]

  [[-0.09375 -0.11719 -0.04297]
   [-0.04688  0.09766  0.12109]
   [ 0.10547  0.13281  0.07422]]

  [[-0.15234  0.07031  0.125  ]
   [-0.02734  0.05859 -0.13281]
   [ 0.20703 -0.01953 -0.0625 ]]

  [[-0.       0.08594 -0.02344]
   [-0.09375 -0.01562 -0.17188]
   [-0.13281 -0.21484 -0.16797]]

  [[ 0.00781 -0.07812  0.01172]
   [ 0.02344  0.14453  0.09375]
   [ 0.19531  0.16797 -0.03906]]

  [[-0.03516  0.01953 -0.03906]
   [ 0.0625   0.23438  0.08203]
   [-0.08203  0.08594  0.12891]]

  [[-0.01172  0.14453 -0.03516]
   [ 0.07812  0.03906 -0.04297]
   [ 0.08594 -0.05078  0.09375]]

  [[-0.01953 -0.08984  0.01562]
   [-0.01172 -0.00781  0.08594]
   [ 0.09375  0.27344  0.04688]]]


 [[[ 0.12891 -0.14844 -0.12891]
   [ 0.11719  0.30859  0.07812]
   [-0.10156  0.19922  0.03516]]

  [[ 0.16406  0.16016  0.08594]
   [ 0.02344  0.17188  0.03906]
   [-0.23047  0.02344 -0.09375]]

  [[ 0.01172 -0.03516 -0.21094]
   [ 0.20703  0.34375 -0.19922]
   [-0.08594  0.01953 -0.05859]]

  [[-0.09766 -0.09766 -0.16797]
   [-0.13281  0.00391  0.01172]
   [-0.03906  0.08984  0.10938]]

  [[ 0.01172  0.21094  0.11719]
   [ 0.10547  0.15625 -0.16797]
   [ 0.02344 -0.03516 -0.07812]]

  [[-0.05469  0.06641 -0.05859]
   [-0.19922  0.01172 -0.08203]
   [-0.01953 -0.01953 -0.09766]]

  [[-0.02344 -0.08203  0.01953]
   [ 0.10547  0.02344  0.00781]
   [ 0.05469  0.06641  0.00781]]

  [[-0.       0.16016  0.03125]
   [-0.10156  0.23047 -0.07031]
   [-0.10156  0.125    0.04688]]]


 [[[-0.00391  0.09766 -0.05078]
   [ 0.00781 -0.03516 -0.10156]
   [-0.01172  0.05859  0.11328]]

  [[ 0.      -0.08594  0.     ]
   [-0.03516  0.07031  0.13281]
   [-0.00781 -0.01172 -0.00781]]

  [[ 0.02344 -0.03125  0.04297]
   [ 0.14844  0.16406  0.05469]
   [ 0.02344 -0.03125 -0.03516]]

  [[ 0.05078  0.11719  0.12891]
   [-0.07812  0.05469  0.08594]
   [ 0.16016  0.04297  0.08594]]

  [[ 0.0625   0.00781  0.05469]
   [-0.03516  0.01172 -0.05469]
   [-0.05078  0.05469 -0.03125]]

  [[ 0.03125  0.05078  0.     ]
   [-0.04297  0.01562  0.07031]
   [-0.03125  0.00391  0.04297]]

  [[-0.07031 -0.11328 -0.02344]
   [ 0.07812 -0.01953 -0.05859]
   [ 0.08594  0.      -0.08984]]

  [[-0.00391 -0.02734  0.19531]
   [-0.00781 -0.06641 -0.     ]
   [-0.02344  0.03906  0.03906]]]


 [[[ 0.22656 -0.15625 -0.16406]
   [ 0.21094  0.11719 -0.00391]
   [-0.09375 -0.07812  0.20703]]

  [[ 0.10156  0.03125 -0.05078]
   [ 0.23047 -0.10547  0.10547]
   [-0.1875  -0.13672 -0.12891]]

  [[-0.02734 -0.02344 -0.0625 ]
   [ 0.01172 -0.02344  0.08984]
   [-0.02344  0.14062 -0.01562]]

  [[ 0.03516 -0.20312 -0.10156]
   [ 0.07031 -0.17578  0.02734]
   [-0.04688  0.0625   0.11719]]

  [[ 0.07812 -0.01562 -0.07031]
   [-0.02344  0.07812  0.21094]
   [-0.01953 -0.00781 -0.01953]]

  [[ 0.34375  0.03125  0.11328]
   [-0.00391  0.02344  0.22266]
   [-0.08203  0.01562  0.20703]]

  [[ 0.07031  0.01953 -0.02344]
   [-0.02344  0.01172 -0.10938]
   [ 0.01953  0.18359 -0.14062]]

  [[ 0.125    0.18359 -0.08984]
   [ 0.03516  0.00391 -0.05859]
   [-0.14844 -0.01953  0.00781]]]


 [[[-0.07031  0.14844 -0.13672]
   [-0.34375  0.05078 -0.21094]
   [-0.08984  0.00391 -0.16016]]

  [[-0.03125  0.12109  0.04688]
   [-0.12891 -0.06641 -0.09375]
   [ 0.01562 -0.03516 -0.03906]]

  [[ 0.07031 -0.07031  0.03125]
   [-0.23438 -0.20703 -0.06641]
   [ 0.19531  0.13281 -0.16016]]

  [[-0.02734 -0.02734  0.05469]
   [-0.01172 -0.03125  0.05078]
   [ 0.21875  0.22266 -0.10156]]

  [[-0.0625   0.15234  0.16016]
   [-0.00781 -0.05078 -0.25391]
   [ 0.18359  0.14453 -0.05859]]

  [[-0.05078  0.11328  0.0625 ]
   [ 0.01562  0.04688 -0.15234]
   [-0.0625   0.1875   0.01562]]

  [[ 0.16016  0.06641 -0.14844]
   [ 0.02344  0.01562 -0.01562]
   [ 0.22656  0.12109 -0.20312]]

  [[-0.01172  0.39453  0.28516]
   [-0.20703  0.07422  0.03516]
   [-0.10547  0.07031  0.01172]]]


 [[[-0.12109 -0.      -0.05469]
   [ 0.23828  0.03125  0.17188]
   [ 0.26953 -0.01562 -0.01172]]

  [[-0.17969 -0.10156  0.02344]
   [ 0.39453 -0.03516 -0.05078]
   [ 0.07422 -0.11719  0.01562]]

  [[ 0.04297  0.03125  0.05078]
   [-0.09375  0.04297  0.08594]
   [ 0.05078 -0.06641 -0.08594]]

  [[-0.03125 -0.09375  0.10938]
   [ 0.37109 -0.17578  0.01953]
   [ 0.19531 -0.02734  0.10156]]

  [[-0.07031 -0.03516  0.39453]
   [ 0.11328 -0.04688  0.24219]
   [ 0.17969 -0.11719 -0.11719]]

  [[-0.11328 -0.15625  0.11328]
   [ 0.11719  0.03125  0.09375]
   [-0.15625 -0.21875 -0.19531]]

  [[ 0.00781 -0.08203 -0.05469]
   [-0.15625 -0.0625   0.04688]
   [-0.0625  -0.05469  0.03125]]

  [[-0.1875  -0.10156  0.125  ]
   [-0.05469 -0.05859 -0.04297]
   [ 0.11328  0.09766 -0.11719]]]


 [[[-0.03125 -0.08984  0.07422]
   [-0.14453 -0.15625 -0.10156]
   [-0.14844  0.03906  0.125  ]]

  [[ 0.07812  0.04688 -0.08594]
   [ 0.05469 -0.15625 -0.09375]
   [ 0.10938  0.00391  0.10156]]

  [[ 0.125   -0.3125  -0.08594]
   [ 0.07031  0.08984  0.13672]
   [-0.19531 -0.03906  0.04688]]

  [[ 0.02344  0.03125 -0.04688]
   [ 0.00781  0.16406  0.09766]
   [-0.07812 -0.09375 -0.03516]]

  [[ 0.03516  0.19141 -0.07422]
   [-0.01172 -0.04688 -0.09375]
   [ 0.35938  0.10938 -0.07422]]

  [[-0.01172 -0.04688 -0.07812]
   [ 0.18359 -0.03906 -0.03906]
   [ 0.02344 -0.12891  0.01953]]

  [[-0.08203  0.15234  0.07812]
   [ 0.04688  0.16797 -0.10938]
   [-0.00781  0.16797  0.07031]]

  [[ 0.125   -0.01562 -0.06641]
   [ 0.13672  0.03906  0.05859]
   [ 0.19531  0.09375  0.04688]]]


 [[[ 0.00781  0.07422 -0.02734]
   [-0.13281  0.12109  0.13281]
   [-0.08594 -0.03906  0.01172]]

  [[ 0.06641  0.09375  0.0625 ]
   [-0.17188  0.01172  0.03516]
   [-0.01172 -0.00391  0.03516]]

  [[-0.01172 -0.00781  0.13672]
   [-0.07812  0.01562 -0.04297]
   [-0.08594  0.07031  0.05078]]

  [[ 0.07031 -0.      -0.10938]
   [-0.01953 -0.04297 -0.13672]
   [ 0.16797  0.15234 -0.0625 ]]

  [[ 0.0625   0.01172  0.0625 ]
   [-0.08203 -0.0625  -0.03125]
   [-0.16406  0.03516  0.11719]]

  [[-0.08594  0.05469 -0.00391]
   [-0.01562 -0.0625   0.01172]
   [ 0.10547  0.00781 -0.00391]]

  [[ 0.01953  0.15234  0.02734]
   [-0.       0.1875   0.01172]
   [ 0.00391  0.07422  0.07812]]

  [[-0.03125 -0.05078  0.05078]
   [-0.02734 -0.05078  0.03125]
   [-0.03516 -0.14844  0.00391]]]]...
--------------------------------------------------------------------------------
[Bias] Layer: Up_conv3.conv.0 (QuantConv2d)
  Shape: (8,)
  Bit Width: 16.0
  Signed: True
  Scale: 0.0001220703125
  Sample Bias: [-0.677   -0.51416 -0.71338 -0.58154  0.15649 -0.11255 -0.35156  0.09875]...
################################################################################

