################################################################################
[Weight] Layer: encoder1.block.0.5 (QuantConv2d)
  Shape: (8, 32, 1, 1)
  Bit Width: 8.0
  Signed: True
  Scale: 0.00390625
  Sample Weights: [[[[-0.49609]]

  [[-0.49609]]

  [[ 0.32422]]

  [[ 0.13281]]

  [[-0.49609]]

  [[-0.41406]]

  [[-0.09766]]

  [[ 0.00391]]

  [[-0.45312]]

  [[-0.21094]]

  [[-0.28125]]

  [[-0.49609]]

  [[ 0.27734]]

  [[-0.15234]]

  [[-0.00781]]

  [[-0.40625]]

  [[ 0.12109]]

  [[-0.05469]]

  [[-0.01953]]

  [[ 0.47656]]

  [[-0.08594]]

  [[ 0.28906]]

  [[-0.     ]]

  [[ 0.05859]]

  [[-0.41797]]

  [[-0.49609]]

  [[-0.29297]]

  [[-0.17578]]

  [[ 0.23828]]

  [[-0.21484]]

  [[-0.28516]]

  [[-0.49609]]]


 [[[-0.02344]]

  [[-0.13281]]

  [[-0.05078]]

  [[-0.03516]]

  [[-0.125  ]]

  [[ 0.35938]]

  [[ 0.05078]]

  [[ 0.125  ]]

  [[ 0.20703]]

  [[ 0.02734]]

  [[ 0.07812]]

  [[ 0.0625 ]]

  [[-0.22656]]

  [[ 0.21094]]

  [[-0.17969]]

  [[ 0.19531]]

  [[-0.32422]]

  [[ 0.03125]]

  [[-0.08984]]

  [[-0.21484]]

  [[ 0.06641]]

  [[-0.28125]]

  [[-0.00781]]

  [[ 0.05469]]

  [[ 0.05078]]

  [[ 0.23828]]

  [[-0.13672]]

  [[ 0.27734]]

  [[-0.20312]]

  [[-0.13672]]

  [[ 0.19141]]

  [[ 0.08594]]]


 [[[ 0.10547]]

  [[ 0.03125]]

  [[ 0.125  ]]

  [[-0.02344]]

  [[-0.26953]]

  [[-0.22656]]

  [[-0.16016]]

  [[-0.25   ]]

  [[-0.01562]]

  [[-0.21484]]

  [[-0.18359]]

  [[-0.06641]]

  [[-0.02344]]

  [[-0.21094]]

  [[ 0.07422]]

  [[-0.17969]]

  [[ 0.28125]]

  [[-0.20703]]

  [[-0.47656]]

  [[-0.40234]]

  [[ 0.03906]]

  [[ 0.01953]]

  [[ 0.08203]]

  [[-0.12109]]

  [[-0.29688]]

  [[-0.1875 ]]

  [[ 0.30859]]

  [[-0.01562]]

  [[-0.08203]]

  [[ 0.31641]]

  [[-0.44531]]

  [[-0.05078]]]


 [[[ 0.16406]]

  [[-0.23438]]

  [[ 0.19141]]

  [[ 0.20312]]

  [[-0.17969]]

  [[ 0.14453]]

  [[ 0.37109]]

  [[ 0.25391]]

  [[ 0.15625]]

  [[-0.13281]]

  [[-0.14844]]

  [[-0.29688]]

  [[ 0.20703]]

  [[ 0.23438]]

  [[ 0.19141]]

  [[-0.47656]]

  [[ 0.03516]]

  [[-0.23047]]

  [[ 0.41016]]

  [[-0.34375]]

  [[ 0.28906]]

  [[-0.25391]]

  [[-0.17578]]

  [[-0.10938]]

  [[ 0.22266]]

  [[-0.16406]]

  [[-0.29688]]

  [[ 0.05469]]

  [[-0.32422]]

  [[ 0.10938]]

  [[ 0.11719]]

  [[-0.17578]]]


 [[[-0.375  ]]

  [[ 0.12109]]

  [[ 0.04688]]

  [[ 0.08203]]

  [[ 0.19141]]

  [[-0.19922]]

  [[ 0.03125]]

  [[-0.08203]]

  [[ 0.08594]]

  [[ 0.13281]]

  [[ 0.29688]]

  [[ 0.24609]]

  [[-0.23438]]

  [[-0.08203]]

  [[ 0.36328]]

  [[ 0.05078]]

  [[-0.16797]]

  [[ 0.09766]]

  [[ 0.02734]]

  [[ 0.22656]]

  [[-0.24219]]

  [[ 0.06641]]

  [[-0.125  ]]

  [[ 0.08594]]

  [[-0.21094]]

  [[-0.01172]]

  [[-0.16406]]

  [[-0.07031]]

  [[ 0.17578]]

  [[ 0.32422]]

  [[ 0.24609]]

  [[ 0.11328]]]


 [[[-0.28516]]

  [[-0.05469]]

  [[ 0.03516]]

  [[-0.25   ]]

  [[-0.31641]]

  [[ 0.28906]]

  [[-0.25   ]]

  [[-0.12109]]

  [[-0.29688]]

  [[-0.25   ]]

  [[-0.11719]]

  [[-0.19922]]

  [[-0.08203]]

  [[-0.27344]]

  [[ 0.08203]]

  [[ 0.21484]]

  [[-0.02344]]

  [[-0.10938]]

  [[ 0.09766]]

  [[ 0.28125]]

  [[ 0.08594]]

  [[ 0.10938]]

  [[ 0.15625]]

  [[-0.04688]]

  [[-0.37109]]

  [[ 0.05078]]

  [[-0.00781]]

  [[-0.06641]]

  [[ 0.0625 ]]

  [[-0.23828]]

  [[ 0.46875]]

  [[-0.30078]]]


 [[[-0.14453]]

  [[ 0.26953]]

  [[-0.16406]]

  [[-0.19531]]

  [[ 0.48438]]

  [[-0.17969]]

  [[-0.48828]]

  [[-0.33203]]

  [[ 0.10547]]

  [[-0.26172]]

  [[-0.16406]]

  [[-0.17188]]

  [[-0.25781]]

  [[-0.08984]]

  [[-0.34766]]

  [[ 0.35938]]

  [[ 0.31641]]

  [[-0.01953]]

  [[-0.44141]]

  [[ 0.06641]]

  [[-0.00391]]

  [[ 0.06641]]

  [[ 0.26562]]

  [[ 0.32812]]

  [[-0.04688]]

  [[ 0.06641]]

  [[ 0.14453]]

  [[ 0.09375]]

  [[ 0.21094]]

  [[-0.17578]]

  [[ 0.18359]]

  [[-0.49609]]]


 [[[-0.49609]]

  [[ 0.20703]]

  [[ 0.0625 ]]

  [[-0.33984]]

  [[-0.0625 ]]

  [[-0.03516]]

  [[-0.26172]]

  [[-0.19141]]

  [[-0.25391]]

  [[-0.39844]]

  [[ 0.02734]]

  [[ 0.19531]]

  [[-0.28125]]

  [[-0.02344]]

  [[-0.01562]]

  [[ 0.03125]]

  [[ 0.27344]]

  [[-0.31641]]

  [[-0.07031]]

  [[ 0.14453]]

  [[ 0.04297]]

  [[ 0.32812]]

  [[ 0.10547]]

  [[ 0.21094]]

  [[-0.28906]]

  [[ 0.08203]]

  [[-0.02344]]

  [[-0.07031]]

  [[ 0.19141]]

  [[ 0.46875]]

  [[ 0.11328]]

  [[-0.43359]]]]...
--------------------------------------------------------------------------------
[Bias] Layer: encoder1.block.0.5 (QuantConv2d)
  Shape: (8,)
  Bit Width: 16.0
  Signed: True
  Scale: 0.0001220703125
  Sample Bias: [1.41968 0.20581 0.48584 0.42297 0.22144 1.03882 0.69409 1.65356]...
################################################################################

