################################################################################
[Weight] Layer: Up2.up.1 (QuantConv2d)
  Shape: (8, 8, 3, 3)
  Bit Width: 8.0
  Signed: True
  Scale: 0.00390625
  Sample Weights: [[[[-0.03125  0.09766  0.24609]
   [ 0.20703 -0.03906  0.17969]
   [ 0.20312 -0.04297  0.03516]]

  [[-0.14453 -0.22656 -0.29688]
   [-0.21484 -0.13281 -0.21094]
   [-0.24219  0.05078 -0.07422]]

  [[ 0.12109  0.05469  0.01562]
   [ 0.11719  0.07422  0.04688]
   [ 0.06641 -0.05859 -0.05469]]

  [[ 0.07031  0.07031  0.19531]
   [ 0.05469  0.09766  0.18359]
   [-0.06641  0.01562  0.26953]]

  [[-0.04297 -0.04688 -0.04297]
   [-0.03125 -0.03125 -0.02344]
   [-0.07422 -0.05859 -0.03906]]

  [[ 0.07031  0.03125  0.04688]
   [-0.03125 -0.05078  0.02734]
   [ 0.02344 -0.03906  0.125  ]]

  [[ 0.18359  0.05078 -0.04297]
   [ 0.14844  0.08984 -0.01172]
   [-0.09766  0.00781  0.19531]]

  [[ 0.22266  0.07812  0.11719]
   [ 0.17578 -0.02734 -0.00391]
   [ 0.24219 -0.16406 -0.08984]]]


 [[[ 0.25     0.08203 -0.02734]
   [-0.14844 -0.13672 -0.21094]
   [-0.30469 -0.16016 -0.14453]]

  [[ 0.16797  0.15625  0.14062]
   [ 0.14453  0.23047  0.23438]
   [ 0.23828  0.10938  0.20312]]

  [[ 0.42578  0.02344 -0.05469]
   [-0.00781 -0.07422 -0.00781]
   [-0.18359 -0.07812  0.16406]]

  [[ 0.20703  0.09766  0.07422]
   [ 0.02344 -0.01172 -0.12891]
   [-0.04688 -0.08594 -0.12891]]

  [[ 0.03516  0.03125  0.02344]
   [ 0.03125  0.03516  0.03125]
   [ 0.03516  0.04297  0.04297]]

  [[-0.13281 -0.14844 -0.02344]
   [ 0.01172 -0.07031 -0.02734]
   [ 0.03906 -0.08203 -0.03906]]

  [[-0.10156 -0.10938  0.05078]
   [-0.24609 -0.20703 -0.00391]
   [-0.03125 -0.01953  0.05078]]

  [[-0.12891 -0.01172 -0.09375]
   [-0.09375  0.01562 -0.08203]
   [-0.10938 -0.04688 -0.13672]]]


 [[[-0.17188 -0.08594  0.04688]
   [-0.12109  0.17188  0.18359]
   [-0.04297  0.10156 -0.10938]]

  [[ 0.20703 -0.09375 -0.33984]
   [-0.04297 -0.01953 -0.08203]
   [-0.19531  0.03906  0.17578]]

  [[ 0.26172  0.03516  0.31641]
   [ 0.19922 -0.13672  0.12891]
   [ 0.26172 -0.01953 -0.01953]]

  [[-0.00391 -0.03516 -0.     ]
   [-0.03125  0.01562  0.12891]
   [ 0.12109  0.01953  0.08984]]

  [[-0.03906 -0.02344  0.01172]
   [-0.0625  -0.04688 -0.01172]
   [-0.05859 -0.04688 -0.01562]]

  [[-0.13281 -0.03516 -0.13672]
   [-0.02344  0.03906 -0.05469]
   [-0.10547 -0.02344 -0.04297]]

  [[-0.16406  0.07031  0.14062]
   [ 0.28516  0.19531  0.0625 ]
   [ 0.39844  0.07812 -0.10547]]

  [[-0.02344 -0.18359 -0.05859]
   [-0.15234 -0.26953 -0.10547]
   [-0.09375 -0.05859  0.08594]]]


 [[[-0.08594  0.08203  0.21094]
   [ 0.01172  0.11328  0.03906]
   [ 0.03125  0.09766 -0.04688]]

  [[-0.11328 -0.02344  0.0625 ]
   [-0.15625 -0.00781  0.10156]
   [-0.1875  -0.01172  0.03906]]

  [[ 0.03906 -0.17188 -0.39062]
   [ 0.14453 -0.02734 -0.0625 ]
   [-0.01562 -0.02344 -0.14844]]

  [[-0.09766  0.15234  0.39062]
   [ 0.03906  0.08984  0.08594]
   [ 0.08203 -0.03125 -0.18359]]

  [[ 0.01562  0.03125  0.02344]
   [ 0.02344  0.03516  0.01562]
   [ 0.01172  0.02734 -0.00391]]

  [[ 0.10547  0.04688  0.125  ]
   [-0.07422 -0.11719  0.09766]
   [-0.10156 -0.17969  0.10156]]

  [[ 0.00781 -0.03125 -0.01953]
   [ 0.06641  0.05469  0.08203]
   [ 0.03906  0.05469  0.12109]]

  [[ 0.00781 -0.12109 -0.26953]
   [-0.03125 -0.19141 -0.20703]
   [-0.16797 -0.30469 -0.30078]]]


 [[[-0.08984 -0.14062 -0.13672]
   [-0.20703 -0.06641  0.07031]
   [-0.03125  0.01562  0.1875 ]]

  [[ 0.27344  0.16016  0.08594]
   [ 0.19141  0.04688 -0.12109]
   [-0.17578 -0.23047 -0.375  ]]

  [[-0.00781  0.08984 -0.08984]
   [-0.08984 -0.00391 -0.12891]
   [-0.03125  0.16797 -0.08203]]

  [[-0.18359 -0.03906 -0.09375]
   [-0.16406 -0.02344 -0.06641]
   [-0.11719  0.07812  0.13281]]

  [[ 0.04688  0.07031  0.08203]
   [ 0.05469  0.07031  0.08203]
   [ 0.0625   0.07812  0.08984]]

  [[-0.00781  0.07422  0.10156]
   [-0.125   -0.14453  0.01172]
   [ 0.08594 -0.0625   0.03906]]

  [[ 0.01172  0.03516  0.08984]
   [-0.09766 -0.09766 -0.00391]
   [ 0.16016  0.1875   0.21094]]

  [[-0.16797  0.18359  0.27734]
   [-0.11719  0.02344 -0.     ]
   [-0.15625 -0.11719 -0.19141]]]


 [[[ 0.03516 -0.17188 -0.18359]
   [-0.10547 -0.01953 -0.00781]
   [-0.08203  0.03125 -0.03906]]

  [[ 0.33594  0.27344  0.04688]
   [ 0.23828  0.12109 -0.17188]
   [-0.28516 -0.26953 -0.24609]]

  [[-0.26562  0.01953  0.12109]
   [-0.02734 -0.04688  0.04688]
   [ 0.28516  0.1875   0.13672]]

  [[ 0.09375  0.08594 -0.06641]
   [-0.04297 -0.       0.07812]
   [ 0.04297  0.04688  0.05469]]

  [[ 0.03125  0.00781  0.00781]
   [ 0.03516  0.00781 -0.01172]
   [ 0.05859  0.01953 -0.04297]]

  [[-0.25    -0.17969  0.05078]
   [-0.02734  0.04297  0.02734]
   [ 0.09766  0.04297  0.09375]]

  [[-0.05469  0.12109  0.14844]
   [-0.08203 -0.0625  -0.01953]
   [-0.05469 -0.06641  0.03125]]

  [[ 0.12891 -0.08984  0.02344]
   [ 0.11719 -0.07031 -0.01562]
   [ 0.27344 -0.03516 -0.17969]]]


 [[[ 0.03516 -0.03906 -0.16406]
   [-0.1875  -0.15234 -0.15234]
   [-0.19922 -0.20703 -0.04297]]

  [[ 0.19531 -0.08594  0.3125 ]
   [ 0.13672 -0.05469  0.02344]
   [-0.11328 -0.16016 -0.28906]]

  [[-0.125   -0.15625 -0.19141]
   [ 0.04688  0.09766  0.10547]
   [ 0.22656  0.15234 -0.33203]]

  [[ 0.01953  0.17188  0.21875]
   [ 0.01953  0.15234  0.28906]
   [-0.16016 -0.02734  0.14453]]

  [[ 0.01172  0.00391  0.01172]
   [ 0.00391  0.01172  0.03125]
   [ 0.00781  0.02734  0.03906]]

  [[-0.26172  0.03906 -0.10547]
   [ 0.04688  0.12891  0.19141]
   [-0.11719  0.05859  0.40625]]

  [[-0.19531 -0.05859  0.08594]
   [-0.09375  0.03516 -0.02344]
   [-0.00781 -0.01172 -0.24219]]

  [[ 0.25781  0.26172  0.26172]
   [-0.21484 -0.21484  0.05469]
   [-0.33203 -0.32031 -0.11719]]]


 [[[-0.03125 -0.11719 -0.08203]
   [ 0.05859  0.01562 -0.03516]
   [-0.00391  0.05859 -0.02344]]

  [[-0.21484 -0.11719 -0.04297]
   [-0.03906 -0.10547 -0.02734]
   [-0.03125 -0.18359 -0.11328]]

  [[ 0.09375 -0.03906  0.07422]
   [ 0.05469  0.08594 -0.0625 ]
   [ 0.22266  0.02344  0.0625 ]]

  [[-0.10547 -0.10547 -0.16016]
   [ 0.05469  0.01953  0.08984]
   [-0.05469 -0.13281  0.09766]]

  [[-0.04688 -0.04297 -0.05078]
   [-0.03516 -0.03906 -0.0625 ]
   [-0.05859 -0.05859 -0.07422]]

  [[ 0.38672  0.16406  0.06641]
   [ 0.14453  0.17188  0.15234]
   [ 0.02344  0.27344  0.27734]]

  [[ 0.28516  0.01953 -0.08984]
   [ 0.11719  0.07422 -0.00781]
   [-0.00781 -0.10547  0.01172]]

  [[-0.01562  0.       0.10547]
   [ 0.10547  0.08203  0.01562]
   [-0.00391 -0.10938 -0.20312]]]]...
--------------------------------------------------------------------------------
[Bias] Layer: Up2.up.1 (QuantConv2d)
  Shape: (8,)
  Bit Width: 16.0
  Signed: True
  Scale: 0.0001220703125
  Sample Bias: [0.18103 0.03333 0.5509  0.71887 0.09631 0.08801 0.24622 0.26733]...
################################################################################

