################################################################################
[Weight] Layer: encoder1.block.1.1.fn.0 (QuantConv2d)
  Shape: (8, 1, 3, 3)
  Bit Width: 8.0
  Signed: True
  Scale: 0.0078125
  Sample Weights: [[[[ 0.03125  0.57812 -0.29688]
   [-0.33594 -0.91406  0.3125 ]
   [ 0.35156  0.99219  0.24219]]]


 [[[-0.35938 -0.23438 -0.21875]
   [-0.28125  0.07031 -0.36719]
   [ 0.21094  0.45312  0.11719]]]


 [[[ 0.99219  0.60156  0.67188]
   [-0.63281 -0.99219 -0.04688]
   [ 0.25     0.625    0.28906]]]


 [[[ 0.36719  0.58594  0.28125]
   [-0.13281  0.00781 -0.17969]
   [ 0.10156  0.21094  0.11719]]]


 [[[ 0.04688  0.0625   0.05469]
   [ 0.07812  0.07031  0.05469]
   [ 0.0625   0.09375  0.03125]]]


 [[[ 0.60938  0.65625  0.04688]
   [ 0.51562  0.5     -0.99219]
   [-0.15625 -0.40625 -0.88281]]]


 [[[ 0.44531 -0.04688 -0.21875]
   [ 0.375   -0.17969  0.35156]
   [ 0.21875  0.39844  0.39062]]]


 [[[-0.0625   0.28906 -0.04688]
   [ 0.       0.30469  0.14844]
   [-0.01562 -0.13281 -0.00781]]]]...
--------------------------------------------------------------------------------
[Bias] Layer: encoder1.block.1.1.fn.0 (QuantConv2d)
  Shape: (8,)
  Bit Width: 16.0
  Signed: True
  Scale: 0.000244140625
  Sample Bias: [-0.28052  0.79517 -0.2666  -0.71484 -0.01196  0.43555 -0.97363 -0.42505]...
################################################################################

