################################################################################
[Weight] Layer: encoder1.block.2.0.fn.0 (QuantConv2d)
  Shape: (8, 1, 3, 3)
  Bit Width: 8.0
  Signed: True
  Scale: 0.015625
  Sample Weights: [[[[ 0.14062 -0.125    0.1875 ]
   [ 0.20312  0.17188  0.14062]
   [ 0.29688 -0.       0.125  ]]]


 [[[-0.15625  0.14062  0.48438]
   [ 0.54688 -0.73438 -0.14062]
   [ 0.6875  -0.17188  0.26562]]]


 [[[-0.28125  0.34375 -0.04688]
   [-0.51562  0.4375  -0.01562]
   [-0.39062  0.26562  0.39062]]]


 [[[ 0.76562 -0.57812 -0.125  ]
   [ 0.65625  0.3125  -0.5    ]
   [-0.15625  0.59375  0.59375]]]


 [[[-0.07812  0.29688 -0.10938]
   [-0.10938 -0.4375  -0.09375]
   [-0.       0.26562 -0.0625 ]]]


 [[[-0.46875  0.4375   0.28125]
   [-0.64062 -0.01562 -0.5    ]
   [-0.46875  0.85938  0.28125]]]


 [[[ 1.25    -0.54688  0.3125 ]
   [ 0.84375  0.07812  1.40625]
   [-0.3125  -1.625   -0.45312]]]


 [[[ 0.01562  0.0625   0.14062]
   [-0.15625  0.48438  0.8125 ]
   [-0.03125 -0.51562 -0.76562]]]]...
--------------------------------------------------------------------------------
[Bias] Layer: encoder1.block.2.0.fn.0 (QuantConv2d)
  Shape: (8,)
  Bit Width: 16.0
  Signed: True
  Scale: 0.00048828125
  Sample Bias: [-0.54639 -0.0127  -0.35156 -0.35107 -0.00244 -0.19922  0.18945 -0.02051]...
################################################################################

