################################################################################
[Weight] Layer: encoder1.block.2.1.fn.0 (QuantConv2d)
  Shape: (8, 1, 3, 3)
  Bit Width: 8.0
  Signed: True
  Scale: 0.0078125
  Sample Weights: [[[[ 0.07812 -0.17188  0.05469]
   [-0.09375 -0.08594  0.23438]
   [ 0.26562 -0.17188  0.     ]]]


 [[[-0.26562  0.71094 -0.57812]
   [ 0.16406 -0.08594 -0.66406]
   [ 0.99219  0.04688 -0.26562]]]


 [[[-0.       0.10938 -0.03906]
   [ 0.0625  -0.125    0.28125]
   [-0.03125 -0.1875   0.24219]]]


 [[[ 0.77344  0.39062  0.11719]
   [-0.55469 -0.45312  0.10156]
   [-0.17188  0.14062  0.46094]]]


 [[[ 0.625    0.42188  0.27344]
   [ 0.16406  0.10156  0.28906]
   [ 0.10938 -0.53125  0.19531]]]


 [[[ 0.36719 -0.01562  0.125  ]
   [-0.      -0.28906 -0.14062]
   [-0.32031  0.5625   0.10156]]]


 [[[ 0.19531  0.22656  0.4375 ]
   [ 0.76562 -0.05469  0.20312]
   [ 0.02344  0.04688  0.08594]]]


 [[[ 0.0625   0.71875  0.5625 ]
   [-0.21875 -0.30469  0.82812]
   [ 0.14844 -0.17969  0.14062]]]]...
--------------------------------------------------------------------------------
[Bias] Layer: encoder1.block.2.1.fn.0 (QuantConv2d)
  Shape: (8,)
  Bit Width: 16.0
  Signed: True
  Scale: 0.0001220703125
  Sample Bias: [-0.28247 -0.37463 -0.20093 -0.1344  -0.33105 -0.3634  -0.51978 -0.63171]...
################################################################################

