################################################################################
[Weight] Layer: encoder1.block.2.2 (QuantConv2d)
  Shape: (32, 8, 1, 1)
  Bit Width: 8.0
  Signed: True
  Scale: 0.00390625
  Sample Weights: [[[[ 0.22266]]

  [[-0.03125]]

  [[-0.30859]]

  [[ 0.10156]]

  [[-0.20312]]

  [[-0.22656]]

  [[ 0.16797]]

  [[ 0.22656]]]


 [[[-0.26562]]

  [[-0.16016]]

  [[-0.22656]]

  [[ 0.00391]]

  [[-0.05859]]

  [[ 0.125  ]]

  [[ 0.03125]]

  [[-0.08984]]]


 [[[ 0.01562]]

  [[ 0.01172]]

  [[ 0.12891]]

  [[-0.06641]]

  [[-0.41406]]

  [[ 0.     ]]

  [[ 0.15234]]

  [[-0.12109]]]


 [[[-0.05469]]

  [[ 0.24609]]

  [[-0.07031]]

  [[-0.15625]]

  [[ 0.02344]]

  [[-0.27344]]

  [[ 0.10938]]

  [[-0.20312]]]


 [[[-0.20312]]

  [[-0.21484]]

  [[ 0.25   ]]

  [[-0.14453]]

  [[ 0.01172]]

  [[ 0.02344]]

  [[ 0.12891]]

  [[-0.16016]]]


 [[[-0.02344]]

  [[-0.17969]]

  [[ 0.19141]]

  [[ 0.27734]]

  [[ 0.125  ]]

  [[ 0.08203]]

  [[ 0.49609]]

  [[ 0.13281]]]


 [[[-0.00781]]

  [[ 0.05078]]

  [[-0.01562]]

  [[-0.1875 ]]

  [[-0.03516]]

  [[ 0.125  ]]

  [[ 0.03516]]

  [[-0.01953]]]


 [[[-0.07031]]

  [[ 0.03906]]

  [[ 0.15234]]

  [[-0.12891]]

  [[-0.04688]]

  [[ 0.17578]]

  [[ 0.08203]]

  [[-0.02734]]]


 [[[-0.27734]]

  [[-0.29688]]

  [[-0.10156]]

  [[-0.12109]]

  [[ 0.08203]]

  [[ 0.21094]]

  [[ 0.1875 ]]

  [[ 0.     ]]]


 [[[ 0.11719]]

  [[ 0.17969]]

  [[-0.00781]]

  [[-0.35938]]

  [[-0.44141]]

  [[ 0.33203]]

  [[-0.10547]]

  [[ 0.02734]]]]...
--------------------------------------------------------------------------------
[Bias] Layer: encoder1.block.2.2 (QuantConv2d)
  Shape: (32,)
  Bit Width: 16.0
  Signed: True
  Scale: 0.0001220703125
  Sample Bias: [-0.01538  0.71423  0.25732  0.37671  0.41882 -0.7915  -0.00342 -0.00232
  0.39563  0.36621]...
################################################################################

