################################################################################
[Weight] Layer: encoder2.block.0.1.fn.0 (QuantConv2d)
  Shape: (8, 1, 3, 3)
  Bit Width: 8.0
  Signed: True
  Scale: 0.0078125
  Sample Weights: [[[[ 0.42188 -0.875   -0.14844]
   [ 0.70312 -0.14062  0.52344]
   [-0.14844 -0.99219  0.59375]]]


 [[[ 0.10938 -0.14062 -0.36719]
   [ 0.09375 -0.07031  0.14844]
   [-0.04688 -0.07031 -0.17188]]]


 [[[ 0.30469 -0.17188 -0.07031]
   [ 0.60938 -0.13281  0.85938]
   [-0.13281 -0.63281  0.10156]]]


 [[[-0.15625 -0.39062  0.09375]
   [ 0.01562 -0.04688  0.42188]
   [ 0.00781  0.14844  0.03906]]]


 [[[ 0.125    0.00781 -0.02344]
   [ 0.00781  0.21875 -0.11719]
   [ 0.04688 -0.00781  0.1875 ]]]


 [[[ 0.02344 -0.16406  0.23438]
   [-0.125   -0.03906  0.03125]
   [ 0.13281 -0.       0.07031]]]


 [[[ 0.23438  0.625    0.3125 ]
   [-0.64062 -0.22656  0.10938]
   [-0.11719  0.13281  0.51562]]]


 [[[-0.04688 -0.      -0.05469]
   [-0.10156 -0.      -0.07031]
   [-0.03906 -0.      -0.04688]]]]...
--------------------------------------------------------------------------------
[Bias] Layer: encoder2.block.0.1.fn.0 (QuantConv2d)
  Shape: (8,)
  Bit Width: 16.0
  Signed: True
  Scale: 0.000244140625
  Sample Bias: [-0.18408  0.29858 -0.1626  -0.13379 -0.28735 -0.01538 -0.30518  0.50732]...
################################################################################

