################################################################################
[Weight] Layer: encoder2.block.0.2 (QuantConv2d)
  Shape: (32, 8, 1, 1)
  Bit Width: 8.0
  Signed: True
  Scale: 0.00390625
  Sample Weights: [[[[ 0.13281]]

  [[-0.01172]]

  [[ 0.17188]]

  [[-0.03516]]

  [[ 0.0625 ]]

  [[ 0.07812]]

  [[ 0.21094]]

  [[ 0.08594]]]


 [[[ 0.11328]]

  [[-0.31641]]

  [[-0.01953]]

  [[-0.10156]]

  [[-0.38672]]

  [[-0.14453]]

  [[-0.20703]]

  [[ 0.29297]]]


 [[[ 0.11719]]

  [[ 0.125  ]]

  [[ 0.125  ]]

  [[ 0.01953]]

  [[-0.15234]]

  [[ 0.13672]]

  [[ 0.1875 ]]

  [[-0.10938]]]


 [[[-0.16016]]

  [[-0.15234]]

  [[ 0.19922]]

  [[ 0.05469]]

  [[-0.15625]]

  [[-0.02344]]

  [[-0.19531]]

  [[-0.03906]]]


 [[[-0.07812]]

  [[-0.01562]]

  [[-0.02344]]

  [[ 0.10938]]

  [[ 0.24219]]

  [[-0.0625 ]]

  [[-0.16016]]

  [[-0.03516]]]


 [[[ 0.1875 ]]

  [[-0.00781]]

  [[ 0.16797]]

  [[-0.03906]]

  [[ 0.20312]]

  [[-0.18359]]

  [[ 0.08594]]

  [[ 0.07422]]]


 [[[-0.20703]]

  [[ 0.01562]]

  [[ 0.0625 ]]

  [[ 0.04297]]

  [[-0.05469]]

  [[-0.09375]]

  [[ 0.30469]]

  [[ 0.21094]]]


 [[[-0.17969]]

  [[ 0.10156]]

  [[-0.01172]]

  [[ 0.11719]]

  [[ 0.01172]]

  [[-0.08203]]

  [[-0.11719]]

  [[-0.12891]]]


 [[[ 0.07812]]

  [[-0.11719]]

  [[-0.00781]]

  [[ 0.14062]]

  [[-0.03906]]

  [[-0.05469]]

  [[-0.07812]]

  [[-0.15234]]]


 [[[ 0.00391]]

  [[-0.28125]]

  [[ 0.07031]]

  [[ 0.07422]]

  [[ 0.01172]]

  [[-0.16016]]

  [[ 0.11719]]

  [[-0.09766]]]]...
--------------------------------------------------------------------------------
[Bias] Layer: encoder2.block.0.2 (QuantConv2d)
  Shape: (32,)
  Bit Width: 16.0
  Signed: True
  Scale: 0.0001220703125
  Sample Bias: [-0.68689  0.42078 -0.02942  0.53162 -0.05542 -0.46826 -0.34973  0.16333
  0.22339  0.15479]...
################################################################################

