################################################################################
[Weight] Layer: encoder2.block.0.5 (QuantConv2d)
  Shape: (8, 32, 1, 1)
  Bit Width: 8.0
  Signed: True
  Scale: 0.0078125
  Sample Weights: [[[[-0.32812]]

  [[-0.16406]]

  [[ 0.10156]]

  [[ 0.11719]]

  [[ 0.27344]]

  [[-0.27344]]

  [[-0.13281]]

  [[ 0.17969]]

  [[ 0.13281]]

  [[-0.16406]]

  [[ 0.23438]]

  [[-0.07812]]

  [[ 0.40625]]

  [[-0.59375]]

  [[-0.25781]]

  [[-0.28125]]

  [[-0.35156]]

  [[-0.36719]]

  [[-0.03906]]

  [[-0.44531]]

  [[-0.03125]]

  [[ 0.13281]]

  [[ 0.14844]]

  [[ 0.38281]]

  [[-0.04688]]

  [[-0.03125]]

  [[-0.23438]]

  [[ 0.5625 ]]

  [[-0.29688]]

  [[ 0.28125]]

  [[-0.74219]]

  [[ 0.17188]]]


 [[[-0.32812]]

  [[-0.07031]]

  [[-0.13281]]

  [[ 0.17969]]

  [[-0.08594]]

  [[-0.13281]]

  [[-0.02344]]

  [[ 0.02344]]

  [[-0.13281]]

  [[-0.23438]]

  [[-0.22656]]

  [[-0.19531]]

  [[ 0.13281]]

  [[-0.10938]]

  [[ 0.69531]]

  [[-0.47656]]

  [[-0.07812]]

  [[ 0.21875]]

  [[ 0.17188]]

  [[ 0.19531]]

  [[-0.05469]]

  [[-0.21875]]

  [[-0.22656]]

  [[-0.3125 ]]

  [[-0.07812]]

  [[-0.20312]]

  [[-0.36719]]

  [[-0.11719]]

  [[-0.30469]]

  [[ 0.17188]]

  [[ 0.11719]]

  [[-0.5    ]]]


 [[[-0.38281]]

  [[ 0.21875]]

  [[-0.16406]]

  [[-0.05469]]

  [[-0.07031]]

  [[-0.26562]]

  [[-0.21875]]

  [[-0.10938]]

  [[ 0.45312]]

  [[ 0.22656]]

  [[ 0.10938]]

  [[-0.14062]]

  [[-0.41406]]

  [[-0.14062]]

  [[ 0.07031]]

  [[ 0.14062]]

  [[ 0.26562]]

  [[-0.07812]]

  [[-0.0625 ]]

  [[-0.42188]]

  [[ 0.14844]]

  [[-0.21875]]

  [[ 0.50781]]

  [[-0.23438]]

  [[-0.64062]]

  [[-0.23438]]

  [[ 0.28125]]

  [[ 0.5    ]]

  [[-0.19531]]

  [[-0.35156]]

  [[ 0.03125]]

  [[-0.125  ]]]


 [[[-0.02344]]

  [[ 0.45312]]

  [[ 0.39062]]

  [[-0.41406]]

  [[-0.09375]]

  [[ 0.33594]]

  [[-0.24219]]

  [[ 0.01562]]

  [[ 0.17969]]

  [[ 0.08594]]

  [[ 0.30469]]

  [[-0.25781]]

  [[-0.07031]]

  [[ 0.03906]]

  [[-0.30469]]

  [[-0.36719]]

  [[ 0.54688]]

  [[-0.14062]]

  [[-0.10156]]

  [[-0.11719]]

  [[ 0.39844]]

  [[-0.13281]]

  [[ 0.03125]]

  [[-0.11719]]

  [[ 0.00781]]

  [[-0.04688]]

  [[ 0.14844]]

  [[ 0.15625]]

  [[ 0.14062]]

  [[ 0.04688]]

  [[-0.57031]]

  [[-0.28906]]]


 [[[-0.03125]]

  [[-0.14062]]

  [[ 0.28125]]

  [[ 0.03125]]

  [[ 0.0625 ]]

  [[-0.14844]]

  [[-0.03906]]

  [[ 0.41406]]

  [[ 0.17969]]

  [[-0.14062]]

  [[-0.17188]]

  [[ 0.0625 ]]

  [[-0.16406]]

  [[ 0.44531]]

  [[-0.19531]]

  [[-0.51562]]

  [[-0.19531]]

  [[-0.25   ]]

  [[-0.25   ]]

  [[-0.125  ]]

  [[-0.02344]]

  [[-0.     ]]

  [[-0.0625 ]]

  [[-0.04688]]

  [[ 0.42969]]

  [[ 0.36719]]

  [[ 0.14062]]

  [[ 0.20312]]

  [[-0.32812]]

  [[ 0.01562]]

  [[ 0.22656]]

  [[-0.17188]]]


 [[[-0.22656]]

  [[ 0.42188]]

  [[-0.375  ]]

  [[-0.84375]]

  [[-0.23438]]

  [[-0.48438]]

  [[ 0.57812]]

  [[-0.375  ]]

  [[-0.21875]]

  [[ 0.26562]]

  [[ 0.24219]]

  [[-0.625  ]]

  [[-0.3125 ]]

  [[-0.0625 ]]

  [[ 0.40625]]

  [[-0.39844]]

  [[-0.15625]]

  [[ 0.125  ]]

  [[-0.23438]]

  [[-0.26562]]

  [[ 0.41406]]

  [[-0.22656]]

  [[-0.14844]]

  [[-0.03125]]

  [[-0.3125 ]]

  [[ 0.03906]]

  [[ 0.04688]]

  [[-0.14062]]

  [[ 0.38281]]

  [[-0.36719]]

  [[-0.42969]]

  [[ 0.19531]]]


 [[[-0.03125]]

  [[ 0.58594]]

  [[-0.38281]]

  [[ 0.28906]]

  [[-0.04688]]

  [[-0.21094]]

  [[ 0.07812]]

  [[-0.17188]]

  [[-0.0625 ]]

  [[ 0.01562]]

  [[-0.42188]]

  [[-0.25   ]]

  [[-0.08594]]

  [[-0.64844]]

  [[-0.35156]]

  [[ 0.0625 ]]

  [[ 0.17188]]

  [[-0.09375]]

  [[-0.07031]]

  [[ 0.24219]]

  [[ 0.42188]]

  [[-0.63281]]

  [[-0.55469]]

  [[-0.23438]]

  [[ 0.45312]]

  [[-0.1875 ]]

  [[ 0.39062]]

  [[-0.08594]]

  [[-0.67188]]

  [[-0.07812]]

  [[-0.5625 ]]

  [[-0.21875]]]


 [[[ 0.67969]]

  [[-0.22656]]

  [[ 0.55469]]

  [[ 0.07812]]

  [[ 0.01562]]

  [[-0.74219]]

  [[ 0.48438]]

  [[-0.04688]]

  [[-0.17188]]

  [[ 0.32812]]

  [[ 0.0625 ]]

  [[ 0.09375]]

  [[ 0.55469]]

  [[ 0.03125]]

  [[-0.11719]]

  [[ 0.23438]]

  [[-0.14844]]

  [[ 0.03906]]

  [[ 0.10156]]

  [[ 0.63281]]

  [[ 0.47656]]

  [[ 0.13281]]

  [[ 0.29688]]

  [[-0.22656]]

  [[-0.21875]]

  [[-0.20312]]

  [[ 0.30469]]

  [[-0.00781]]

  [[-0.00781]]

  [[-0.53125]]

  [[-0.125  ]]

  [[ 0.1875 ]]]]...
--------------------------------------------------------------------------------
[Bias] Layer: encoder2.block.0.5 (QuantConv2d)
  Shape: (8,)
  Bit Width: 16.0
  Signed: True
  Scale: 0.0001220703125
  Sample Bias: [0.77393 0.60583 0.52954 0.4502  0.33337 0.91809 0.79529 0.01013]...
################################################################################

