################################################################################
[Weight] Layer: encoder3.block.0.0.fn.0 (QuantConv2d)
  Shape: (8, 1, 7, 7)
  Bit Width: 8.0
  Signed: True
  Scale: 0.00390625
  Sample Weights: [[[[ 0.01172  0.03516  0.11328 -0.07031 -0.02344 -0.05078 -0.01953]
   [ 0.03906  0.00391  0.06641  0.02344 -0.05859 -0.05859  0.03516]
   [-0.07812  0.05859  0.13281 -0.00781 -0.07031 -0.01172 -0.05469]
   [-0.0625  -0.08984 -0.15625  0.08594 -0.07812 -0.      -0.01172]
   [ 0.00391  0.03516 -0.06641 -0.10938  0.13281 -0.04688 -0.01172]
   [-0.       0.02734 -0.02344 -0.11719  0.05859  0.08594 -0.04297]
   [-0.07031  0.02344 -0.00781 -0.05078 -0.01953  0.05859  0.03516]]]


 [[[-0.01953 -0.00391  0.00391  0.00781 -0.02734 -0.05078 -0.03125]
   [-0.01562 -0.01172 -0.      -0.00391 -0.05859 -0.05469 -0.03125]
   [ 0.03516 -0.03906 -0.07812 -0.08984 -0.01953  0.01172  0.03516]
   [ 0.07422  0.06641  0.10938  0.0625   0.04688  0.01953  0.01953]
   [ 0.02344 -0.02344 -0.05469 -0.11719 -0.08203 -0.02344  0.01953]
   [-0.01562 -0.01172 -0.01172 -0.      -0.00781 -0.03125 -0.03516]
   [-0.02734 -0.02734  0.00781  0.04297  0.02344 -0.00781 -0.01562]]]


 [[[ 0.02734  0.07422  0.07422 -0.      -0.12109 -0.05078 -0.0625 ]
   [-0.08203  0.00391  0.10156 -0.01172 -0.00781 -0.04297 -0.09766]
   [-0.02734 -0.00781  0.05859  0.1875  -0.08594 -0.03125 -0.03125]
   [-0.04297 -0.00781 -0.03906  0.17188 -0.02344  0.01562 -0.05078]
   [-0.05469 -0.05469 -0.06641  0.10156  0.04297 -0.02734  0.00391]
   [-0.05078 -0.06641 -0.01953  0.05078  0.03125  0.00391 -0.01172]
   [-0.02734 -0.04688 -0.00391 -0.00781  0.05859 -0.00781 -0.01953]]]


 [[[ 0.15625  0.00391  0.02344 -0.00781 -0.00391  0.17578  0.14453]
   [ 0.10547  0.10938  0.03516  0.05078  0.125    0.05078  0.07031]
   [ 0.1875   0.       0.09766 -0.07031 -0.21484  0.17969  0.17969]
   [ 0.13672  0.01172 -0.35156 -0.49609  0.04297  0.04688  0.04688]
   [ 0.19922  0.02734 -0.24219 -0.32422 -0.05078  0.125    0.16016]
   [ 0.11328  0.01562  0.15234  0.10938  0.07031  0.07422  0.08984]
   [ 0.15234  0.14062  0.03125  0.05078  0.       0.02344  0.11328]]]


 [[[-0.01953 -0.00391 -0.04688  0.01562 -0.05469 -0.00391  0.02734]
   [-0.02344  0.00391 -0.01172 -0.03125 -0.05859  0.0625   0.03516]
   [-0.03516 -0.02734 -0.08203 -0.17578  0.13281  0.06641  0.07422]
   [-0.01172 -0.06641 -0.01172  0.05078  0.04688  0.02734  0.00781]
   [ 0.05078  0.14453  0.08984 -0.05469 -0.02344 -0.07031 -0.11328]
   [ 0.04297 -0.01562 -0.01562  0.01562 -0.01953 -0.05859 -0.02344]
   [ 0.01562 -0.02344 -0.01172 -0.02344 -0.05469 -0.00781  0.00391]]]


 [[[-0.00781 -0.02734  0.00391 -0.01953  0.00781  0.01172 -0.01562]
   [-0.00391 -0.00391 -0.02734  0.04297 -0.04297 -0.06641 -0.01172]
   [ 0.05859  0.0625   0.04688 -0.05859 -0.05859 -0.03906 -0.02344]
   [ 0.03125  0.05859  0.02734  0.04297  0.14453  0.12109  0.10547]
   [-0.02344 -0.06641 -0.08203 -0.24219 -0.01953  0.08984  0.07812]
   [-0.02734 -0.05078 -0.       0.      -0.08203 -0.04297  0.03906]
   [-0.01953 -0.03125 -0.02344 -0.03516 -0.01953 -0.03516 -0.07422]]]


 [[[ 0.0625   0.05469  0.08594  0.02344 -0.00391 -0.0625  -0.08984]
   [ 0.03125  0.05859  0.08203  0.08203 -0.01172  0.03125 -0.0625 ]
   [-0.02734 -0.01172  0.15234  0.07031 -0.01953 -0.02734 -0.01953]
   [ 0.04688 -0.04688 -0.04297  0.14453 -0.21094  0.0625  -0.04688]
   [-0.01953  0.02344 -0.13281  0.23438 -0.09375  0.01172  0.06641]
   [-0.05469 -0.07031 -0.05859  0.11719  0.14844 -0.07812  0.     ]
   [-0.09766 -0.      -0.04297  0.11719  0.09375  0.08594 -0.03125]]]


 [[[ 0.00781  0.00781 -0.01953 -0.07031 -0.00391  0.03516  0.05859]
   [ 0.02734  0.       0.00391 -0.07812  0.05469  0.05469  0.00781]
   [-0.01172  0.01562  0.03516 -0.12109  0.12109 -0.04297 -0.02734]
   [-0.01953 -0.00391 -0.05859 -0.04297  0.01562 -0.01562  0.01562]
   [-0.00391 -0.04297  0.02734  0.00781 -0.01562  0.05078  0.01172]
   [-0.00781  0.05078  0.03516 -0.01172 -0.05469 -0.01172  0.01562]
   [ 0.04297  0.04297  0.01172 -0.02734 -0.03516 -0.01562  0.00391]]]]...
--------------------------------------------------------------------------------
[Bias] Layer: encoder3.block.0.0.fn.0 (QuantConv2d)
  Shape: (8,)
  Bit Width: 16.0
  Signed: True
  Scale: 0.0001220703125
  Sample Bias: [ 0.06042  0.11108  0.07971 -0.39673  0.00134 -0.02625 -0.24194 -0.08142]...
################################################################################

