################################################################################
[Weight] Layer: encoder1.block.0.0.fn.0 (QuantConv2d)
  Shape: (8, 1, 3, 3)
  Bit Width: 8.0
  Signed: True
  Scale: 0.0625
  Sample Weights: [[[[-6.5    -3.1875  1.375 ]
   [-3.5    -7.     -1.875 ]
   [ 0.75   -0.0625  1.4375]]]


 [[[-3.625   4.8125 -5.375 ]
   [ 0.9375  4.3125  2.3125]
   [-1.6875 -0.125  -1.8125]]]


 [[[ 2.25    4.875  -3.8125]
   [-1.6875 -2.875   0.6875]
   [ 1.25    1.25    1.    ]]]


 [[[-0.8125 -1.      0.375 ]
   [-0.9375  5.3125  0.5625]
   [-0.75    1.75   -0.6875]]]


 [[[-0.5625 -2.5     0.3125]
   [ 0.5625 -5.25    0.125 ]
   [ 0.375   4.9375  1.875 ]]]


 [[[-1.3125 -1.125  -0.6875]
   [-1.25    0.875  -0.0625]
   [ 0.5625  0.5     1.0625]]]


 [[[-0.3125 -1.3125  3.25  ]
   [-0.0625  1.5625  3.25  ]
   [-0.4375 -2.6875 -3.9375]]]


 [[[ 0.125   0.      0.75  ]
   [ 0.6875  0.125   1.5   ]
   [-7.9375 -0.1875  4.0625]]]]...
--------------------------------------------------------------------------------
[Bias] Layer: encoder1.block.0.0.fn.0 (QuantConv2d)
  Shape: (8,)
  Bit Width: 16.0
  Signed: True
  Scale: 0.0009765625
  Sample Bias: [ 3.77441  0.50293 -0.00781 -0.79688  0.61133  0.6377   0.99805  0.2041 ]...
################################################################################

