################################################################################
[Weight] Layer: encoder3.block.0.2 (QuantConv2d)
  Shape: (32, 8, 1, 1)
  Bit Width: 8.0
  Signed: True
  Scale: 0.00390625
  Sample Weights: [[[[-0.04688]]

  [[-0.03906]]

  [[-0.20703]]

  [[ 0.23438]]

  [[-0.21875]]

  [[ 0.29297]]

  [[ 0.0625 ]]

  [[ 0.01172]]]


 [[[-0.04297]]

  [[ 0.19531]]

  [[-0.0625 ]]

  [[-0.19141]]

  [[ 0.125  ]]

  [[ 0.49609]]

  [[ 0.10938]]

  [[-0.05469]]]


 [[[ 0.00781]]

  [[ 0.01172]]

  [[ 0.03125]]

  [[-0.05859]]

  [[ 0.13672]]

  [[ 0.02734]]

  [[ 0.14453]]

  [[-0.15234]]]


 [[[-0.09766]]

  [[-0.07812]]

  [[-0.03906]]

  [[ 0.07812]]

  [[ 0.05859]]

  [[-0.09766]]

  [[-0.13672]]

  [[ 0.1875 ]]]


 [[[-0.     ]]

  [[-0.03516]]

  [[ 0.36719]]

  [[-0.24219]]

  [[ 0.12109]]

  [[ 0.08594]]

  [[ 0.23438]]

  [[ 0.25   ]]]


 [[[ 0.12891]]

  [[ 0.21875]]

  [[-0.03906]]

  [[-0.18359]]

  [[ 0.40234]]

  [[-0.12891]]

  [[-0.08594]]

  [[ 0.35547]]]


 [[[ 0.11719]]

  [[-0.0625 ]]

  [[-0.14062]]

  [[-0.10156]]

  [[ 0.20703]]

  [[ 0.10938]]

  [[ 0.16406]]

  [[-0.10547]]]


 [[[-0.13672]]

  [[ 0.08203]]

  [[ 0.34766]]

  [[-0.23047]]

  [[ 0.07031]]

  [[-0.00391]]

  [[-0.22266]]

  [[-0.08594]]]


 [[[-0.10938]]

  [[ 0.     ]]

  [[ 0.10938]]

  [[ 0.07031]]

  [[-0.24219]]

  [[-0.12109]]

  [[-0.26172]]

  [[ 0.04688]]]


 [[[-0.01953]]

  [[-0.03906]]

  [[-0.03516]]

  [[ 0.00781]]

  [[-0.03906]]

  [[ 0.05078]]

  [[-0.03516]]

  [[ 0.03516]]]]...
--------------------------------------------------------------------------------
[Bias] Layer: encoder3.block.0.2 (QuantConv2d)
  Shape: (32,)
  Bit Width: 16.0
  Signed: True
  Scale: 0.0001220703125
  Sample Bias: [-0.22217 -0.21777 -0.02832  0.13794 -0.22632 -0.29211  0.005    0.08276
  0.34204  0.04614]...
################################################################################

