################################################################################
[Weight] Layer: encoder3.block.0.5 (QuantConv2d)
  Shape: (8, 32, 1, 1)
  Bit Width: 8.0
  Signed: True
  Scale: 0.0078125
  Sample Weights: [[[[-0.17969]]

  [[ 0.63281]]

  [[-0.04688]]

  [[-0.1875 ]]

  [[-0.01562]]

  [[ 0.50781]]

  [[-0.     ]]

  [[ 0.28125]]

  [[-0.14844]]

  [[-0.0625 ]]

  [[-0.09375]]

  [[-0.5625 ]]

  [[-0.09375]]

  [[ 0.01562]]

  [[-0.03125]]

  [[ 0.74219]]

  [[ 0.26562]]

  [[ 0.02344]]

  [[ 0.36719]]

  [[-0.10156]]

  [[-0.17188]]

  [[ 0.05469]]

  [[-0.03906]]

  [[ 0.16406]]

  [[ 0.00781]]

  [[ 0.39062]]

  [[ 0.     ]]

  [[ 0.1875 ]]

  [[ 0.07812]]

  [[ 0.26562]]

  [[ 0.00781]]

  [[ 0.07812]]]


 [[[ 0.36719]]

  [[ 0.45312]]

  [[-0.10938]]

  [[ 0.21094]]

  [[-0.07031]]

  [[-0.25   ]]

  [[-0.28125]]

  [[-0.125  ]]

  [[-0.00781]]

  [[ 0.17188]]

  [[-0.14062]]

  [[-0.48438]]

  [[ 0.10938]]

  [[ 0.01562]]

  [[ 0.60156]]

  [[-0.01562]]

  [[-0.08594]]

  [[-0.     ]]

  [[ 0.26562]]

  [[ 0.50781]]

  [[ 0.48438]]

  [[ 0.48438]]

  [[ 0.04688]]

  [[ 0.5625 ]]

  [[-0.03125]]

  [[-0.09375]]

  [[ 0.     ]]

  [[ 0.07812]]

  [[ 0.05469]]

  [[-0.14062]]

  [[ 0.0625 ]]

  [[-0.01562]]]


 [[[-0.25781]]

  [[-0.13281]]

  [[ 0.05469]]

  [[-0.53906]]

  [[ 0.60938]]

  [[-0.32031]]

  [[ 0.08594]]

  [[-0.20312]]

  [[-0.53125]]

  [[-0.09375]]

  [[-0.1875 ]]

  [[-0.25   ]]

  [[ 0.     ]]

  [[ 0.17969]]

  [[ 0.39844]]

  [[ 0.03906]]

  [[-0.27344]]

  [[ 0.20312]]

  [[-0.46094]]

  [[ 0.21875]]

  [[-0.01562]]

  [[-0.17188]]

  [[ 0.42969]]

  [[ 0.21094]]

  [[ 0.21094]]

  [[ 0.32812]]

  [[ 0.     ]]

  [[-0.00781]]

  [[-0.16406]]

  [[ 0.32812]]

  [[-0.03906]]

  [[-0.02344]]]


 [[[ 0.32031]]

  [[ 0.22656]]

  [[ 0.125  ]]

  [[ 0.42188]]

  [[ 0.40625]]

  [[ 0.64062]]

  [[ 0.17969]]

  [[-0.25   ]]

  [[ 0.00781]]

  [[ 0.07031]]

  [[ 0.08594]]

  [[ 0.08594]]

  [[-0.0625 ]]

  [[-0.19531]]

  [[-0.1875 ]]

  [[ 0.27344]]

  [[-0.19531]]

  [[ 0.32031]]

  [[-0.41406]]

  [[ 0.22656]]

  [[-0.04688]]

  [[ 0.39062]]

  [[ 0.13281]]

  [[ 0.53906]]

  [[ 0.3125 ]]

  [[-0.28125]]

  [[-0.     ]]

  [[-0.     ]]

  [[ 0.21875]]

  [[-0.17188]]

  [[-0.15625]]

  [[-0.21875]]]


 [[[ 0.19531]]

  [[-0.02344]]

  [[-0.17188]]

  [[ 0.25   ]]

  [[ 0.55469]]

  [[ 0.39844]]

  [[-0.19531]]

  [[ 0.47656]]

  [[-0.     ]]

  [[ 0.07812]]

  [[ 0.04688]]

  [[ 0.14844]]

  [[-0.14844]]

  [[-0.20312]]

  [[ 0.19531]]

  [[-0.20312]]

  [[-0.36719]]

  [[-0.29688]]

  [[ 0.15625]]

  [[-0.10938]]

  [[-0.25781]]

  [[-0.03125]]

  [[ 0.14062]]

  [[ 0.01562]]

  [[-0.51562]]

  [[ 0.03906]]

  [[ 0.     ]]

  [[-0.07031]]

  [[-0.17969]]

  [[ 0.38281]]

  [[ 0.14844]]

  [[-0.34375]]]


 [[[ 0.02344]]

  [[-0.27344]]

  [[ 0.10938]]

  [[ 0.14062]]

  [[ 0.375  ]]

  [[ 0.63281]]

  [[-0.24219]]

  [[ 0.35156]]

  [[-0.46094]]

  [[-0.03906]]

  [[ 0.13281]]

  [[-0.22656]]

  [[ 0.48438]]

  [[ 0.21875]]

  [[-0.52344]]

  [[ 0.17969]]

  [[ 0.16406]]

  [[ 0.25   ]]

  [[-0.11719]]

  [[ 0.10938]]

  [[ 0.32031]]

  [[-0.07031]]

  [[ 0.47656]]

  [[-0.35938]]

  [[-0.46094]]

  [[-0.27344]]

  [[ 0.     ]]

  [[ 0.69531]]

  [[-0.375  ]]

  [[-0.02344]]

  [[ 0.67969]]

  [[-0.4375 ]]]


 [[[ 0.25   ]]

  [[ 0.54688]]

  [[ 0.27344]]

  [[-0.03125]]

  [[-0.08594]]

  [[-0.11719]]

  [[ 0.33594]]

  [[-0.04688]]

  [[-0.22656]]

  [[ 0.09375]]

  [[-0.08594]]

  [[-0.40625]]

  [[ 0.08594]]

  [[-0.3125 ]]

  [[-0.23438]]

  [[-0.32812]]

  [[-0.15625]]

  [[ 0.03906]]

  [[ 0.34375]]

  [[-0.44531]]

  [[ 0.23438]]

  [[-0.21094]]

  [[-0.10938]]

  [[-0.13281]]

  [[-0.05469]]

  [[ 0.125  ]]

  [[-0.     ]]

  [[-0.27344]]

  [[-0.1875 ]]

  [[-0.16406]]

  [[ 0.19531]]

  [[ 0.10938]]]


 [[[-0.625  ]]

  [[ 0.     ]]

  [[ 0.02344]]

  [[-0.08594]]

  [[-0.21094]]

  [[-0.10938]]

  [[ 0.32031]]

  [[-0.28125]]

  [[ 0.60156]]

  [[ 0.03125]]

  [[ 0.04688]]

  [[ 0.11719]]

  [[ 0.375  ]]

  [[ 0.21875]]

  [[-0.34375]]

  [[-0.3125 ]]

  [[-0.28125]]

  [[-0.25   ]]

  [[-0.14844]]

  [[-0.17969]]

  [[-0.03906]]

  [[ 0.41406]]

  [[-0.32031]]

  [[ 0.17188]]

  [[ 0.14062]]

  [[-0.28125]]

  [[-0.     ]]

  [[ 0.04688]]

  [[ 0.375  ]]

  [[-0.5625 ]]

  [[-0.38281]]

  [[ 0.1875 ]]]]...
--------------------------------------------------------------------------------
[Bias] Layer: encoder3.block.0.5 (QuantConv2d)
  Shape: (8,)
  Bit Width: 16.0
  Signed: True
  Scale: 0.000244140625
  Sample Bias: [-0.02515 -0.09692  0.36426 -0.17432 -0.01978 -0.05078  0.30469  0.2439 ]...
################################################################################

