################################################################################
[Weight] Layer: encoder3.up.conv.0 (QuantConv2d)
  Shape: (16, 8, 3, 3)
  Bit Width: 8.0
  Signed: True
  Scale: 0.00390625
  Sample Weights: [[[[ 0.00391 -0.02734 -0.03125]
   [ 0.08203  0.08984  0.0625 ]
   [ 0.06641 -0.03125  0.00781]]

  [[ 0.01953 -0.02344 -0.03516]
   [ 0.125    0.17969  0.     ]
   [ 0.03125 -0.10547  0.09375]]

  [[ 0.05859  0.125   -0.     ]
   [-0.05078  0.16406 -0.07812]
   [-0.05078  0.11328  0.11719]]

  [[ 0.01953 -0.01562  0.11719]
   [ 0.02734  0.01953  0.03516]
   [ 0.03516 -0.05859  0.14844]]

  [[-0.07812 -0.15234 -0.10156]
   [-0.16406 -0.27344 -0.03125]
   [-0.20312 -0.19531 -0.05078]]

  [[ 0.14453  0.02734  0.02734]
   [ 0.01172 -0.04297 -0.     ]
   [-0.00391  0.07422 -0.03516]]

  [[-0.      -0.07812 -0.12891]
   [ 0.13672 -0.01562  0.04297]
   [ 0.05469 -0.01953 -0.04688]]

  [[ 0.17969  0.03125  0.14062]
   [ 0.13672 -0.02734  0.09766]
   [ 0.125   -0.02734 -0.06641]]]


 [[[-0.13281 -0.11328 -0.07031]
   [-0.08594 -0.07812 -0.22266]
   [-0.0625   0.05469 -0.05078]]

  [[-0.07031 -0.01953 -0.01172]
   [ 0.0625   0.05078 -0.18359]
   [-0.00391  0.14453 -0.14844]]

  [[-0.02734  0.       0.03906]
   [ 0.0625  -0.01562  0.01562]
   [ 0.03906 -0.04297 -0.07422]]

  [[ 0.09375  0.00391  0.00391]
   [-0.00781 -0.08984  0.00391]
   [-0.00391 -0.06641 -0.02344]]

  [[-0.00391 -0.14453 -0.14062]
   [ 0.07031 -0.01953 -0.02734]
   [ 0.03516 -0.08203  0.02344]]

  [[-0.05078 -0.11719 -0.07812]
   [-0.14062 -0.10156  0.07812]
   [-0.15234 -0.12109 -0.00391]]

  [[-0.      -0.05859 -0.01562]
   [ 0.13281  0.06641 -0.06641]
   [-0.01562 -0.00781  0.05859]]

  [[-0.05078 -0.04297 -0.0625 ]
   [ 0.03516 -0.04688  0.02344]
   [ 0.03906  0.00781 -0.02734]]]


 [[[-0.00781  0.00781 -0.12109]
   [-0.01562 -0.14844 -0.19141]
   [ 0.04297 -0.01953 -0.13281]]

  [[-0.07031 -0.03125 -0.05078]
   [ 0.02344 -0.0625  -0.01172]
   [-0.02734 -0.02344 -0.07031]]

  [[-0.10156  0.17578  0.01953]
   [-0.13281  0.05078  0.00781]
   [-0.07031  0.02344  0.0625 ]]

  [[-0.03516 -0.02734  0.05078]
   [ 0.01562  0.00781  0.08594]
   [-0.03125  0.04297  0.08984]]

  [[-0.05859 -0.07031  0.05078]
   [ 0.07422 -0.07422  0.10938]
   [-0.06641  0.03516  0.07422]]

  [[ 0.02734 -0.00781 -0.08594]
   [ 0.14062  0.11719  0.02344]
   [ 0.08203  0.13672  0.04297]]

  [[-0.01953 -0.125   -0.05859]
   [ 0.04688 -0.      -0.05469]
   [ 0.0625  -0.01172 -0.09766]]

  [[ 0.05078  0.01953 -0.07031]
   [ 0.08203  0.00781  0.03516]
   [ 0.07031  0.05469  0.07422]]]


 [[[ 0.07422 -0.07031  0.08203]
   [-0.03516 -0.23438 -0.10547]
   [ 0.01562  0.02344 -0.01562]]

  [[-0.17188  0.01562 -0.00781]
   [ 0.08984 -0.18359  0.00391]
   [ 0.06641  0.16016 -0.00781]]

  [[-0.19922 -0.0625   0.10547]
   [-0.10547 -0.20312 -0.06641]
   [-0.06641 -0.11719 -0.04688]]

  [[ 0.05859 -0.05859 -0.02734]
   [ 0.09766 -0.3125   0.03906]
   [ 0.07812 -0.00781  0.07812]]

  [[-0.06641 -0.08203 -0.10938]
   [-0.03516  0.23828 -0.07812]
   [-0.10156 -0.19141  0.04688]]

  [[ 0.04688 -0.00391 -0.03906]
   [-0.06641 -0.38281 -0.09375]
   [-0.06641  0.07422  0.05469]]

  [[-0.06641 -0.14062 -0.03125]
   [-0.07422 -0.23047 -0.07031]
   [-0.00391 -0.04297 -0.01172]]

  [[-0.08203 -0.17578 -0.10156]
   [ 0.02734 -0.03516  0.01172]
   [-0.03516 -0.00391 -0.02344]]]


 [[[-0.06641 -0.00781  0.09375]
   [-0.10547 -0.05859 -0.12109]
   [-0.10156  0.03516  0.05469]]

  [[-0.05469 -0.01953  0.03125]
   [-0.10156 -0.08594 -0.01562]
   [ 0.03125 -0.07422 -0.05078]]

  [[ 0.05859 -0.05859 -0.05078]
   [ 0.10938 -0.14453  0.05078]
   [-0.14844 -0.11719 -0.03125]]

  [[ 0.02344  0.08203  0.15234]
   [-0.07812 -0.09766 -0.03906]
   [-0.15625 -0.28125  0.0625 ]]

  [[ 0.04297  0.1875  -0.03516]
   [ 0.1875   0.18359 -0.02344]
   [-0.00391  0.04297 -0.     ]]

  [[ 0.04297  0.04688  0.00391]
   [-0.06641 -0.07422  0.08594]
   [-0.04688 -0.03125  0.03125]]

  [[-0.00391  0.03906 -0.05859]
   [-0.05859 -0.04297  0.     ]
   [ 0.00391 -0.02734  0.04688]]

  [[ 0.05469 -0.00781 -0.00391]
   [-0.07031 -0.04688  0.05078]
   [ 0.00391 -0.14453 -0.04297]]]


 [[[-0.00391 -0.09766 -0.03516]
   [ 0.125    0.03125  0.0625 ]
   [ 0.02734 -0.17969  0.07031]]

  [[ 0.10547  0.04297  0.07422]
   [-0.03516  0.14062  0.12891]
   [-0.      -0.03906  0.18359]]

  [[ 0.23047 -0.13281  0.01562]
   [ 0.21484  0.07422 -0.05469]
   [ 0.05469  0.25391  0.12891]]

  [[ 0.00781 -0.01953  0.03516]
   [-0.22656 -0.19141 -0.12109]
   [-0.07422 -0.00391 -0.125  ]]

  [[ 0.03516 -0.02344 -0.0625 ]
   [-0.03906  0.17188 -0.01562]
   [-0.03125  0.01953  0.00391]]

  [[-0.08984  0.00781  0.00781]
   [-0.01172 -0.08203  0.07812]
   [ 0.12891  0.02344 -0.05859]]

  [[ 0.08594  0.07422 -0.0625 ]
   [-0.08984  0.03516  0.14844]
   [ 0.01172 -0.13281 -0.01562]]

  [[-0.08203  0.125    0.10547]
   [-0.08984 -0.11719  0.01953]
   [ 0.14844  0.05469  0.08203]]]


 [[[ 0.1875   0.05469 -0.05469]
   [ 0.16406  0.05078 -0.12109]
   [-0.01172 -0.09375 -0.03906]]

  [[ 0.17969  0.24219 -0.05859]
   [-0.04688  0.08203 -0.03906]
   [ 0.0625   0.01172 -0.09766]]

  [[-0.09375  0.03125  0.0625 ]
   [-0.10938 -0.06641  0.04297]
   [-0.02344 -0.08984 -0.01562]]

  [[ 0.125    0.12109  0.08984]
   [-0.01953  0.02344  0.04297]
   [-0.01172 -0.03125  0.06641]]

  [[-0.12891 -0.19531 -0.05469]
   [-0.03125 -0.14844 -0.02344]
   [ 0.02734  0.09766  0.21484]]

  [[ 0.01562 -0.01562 -0.09375]
   [ 0.07422  0.03516 -0.07031]
   [ 0.10156 -0.125   -0.08594]]

  [[-0.08594 -0.01172 -0.10156]
   [-0.10547 -0.06641 -0.08594]
   [-0.00781 -0.05078 -0.00781]]

  [[ 0.01562  0.00391 -0.05859]
   [-0.08203 -0.      -0.12109]
   [-0.16797 -0.15625 -0.13281]]]


 [[[-0.01562 -0.06641 -0.11328]
   [-0.09766 -0.09375  0.10938]
   [-0.0625  -0.02344 -0.03125]]

  [[ 0.00781 -0.07031 -0.00781]
   [-0.05859 -0.03125 -0.04297]
   [-0.125    0.07812 -0.01172]]

  [[ 0.11328 -0.12109 -0.00391]
   [ 0.03125 -0.13281  0.02734]
   [ 0.02734 -0.00781 -0.09766]]

  [[ 0.01562  0.125   -0.05078]
   [ 0.14062  0.03125  0.05078]
   [ 0.19141  0.0625  -0.03516]]

  [[-0.10938  0.08594 -0.07812]
   [ 0.03516 -0.10938 -0.03125]
   [ 0.04688 -0.03516 -0.01562]]

  [[ 0.04688  0.13281  0.05469]
   [-0.03125 -0.10156  0.10547]
   [-0.01562  0.01172 -0.04688]]

  [[-0.13672 -0.07031  0.01562]
   [-0.03906  0.01562  0.04688]
   [ 0.       0.00781  0.0625 ]]

  [[-0.01562  0.08203  0.03516]
   [-0.08203  0.10156  0.01172]
   [-0.06641 -0.00781  0.00781]]]


 [[[-0.00391 -0.03125  0.07031]
   [ 0.21094 -0.00781 -0.21484]
   [ 0.01953 -0.04297  0.     ]]

  [[ 0.03906  0.07031 -0.05078]
   [-0.10938 -0.07812 -0.01953]
   [-0.03516  0.00781 -0.07422]]

  [[-0.14453 -0.09375 -0.0625 ]
   [ 0.00391 -0.09375  0.03516]
   [-0.07422 -0.04297 -0.02344]]

  [[-0.06641  0.17578  0.14453]
   [-0.06641  0.26953 -0.125  ]
   [ 0.18359 -0.00781  0.11328]]

  [[-0.11719 -0.04297  0.07812]
   [-0.14453 -0.01562 -0.00781]
   [-0.08594 -0.03125 -0.02344]]

  [[ 0.01562  0.       0.05469]
   [ 0.24609  0.125   -0.01953]
   [ 0.14062  0.00391  0.00391]]

  [[-0.01172  0.16016 -0.07422]
   [ 0.05469 -0.04688 -0.08594]
   [ 0.0625   0.06641  0.13672]]

  [[ 0.10156 -0.07812  0.04297]
   [-0.03906  0.00391  0.12109]
   [ 0.13672  0.04297 -0.02344]]]


 [[[-0.       0.03125 -0.10938]
   [ 0.09766  0.17969 -0.21484]
   [ 0.09766 -0.20312 -0.01953]]

  [[-0.05469 -0.03516 -0.02734]
   [-0.24609 -0.0625   0.03516]
   [-0.14062 -0.19531  0.09766]]

  [[-0.30469 -0.26172  0.12109]
   [-0.01562  0.23438 -0.02734]
   [ 0.12891  0.20312  0.07031]]

  [[-0.03125 -0.29297 -0.24219]
   [-0.11719  0.19922 -0.05078]
   [ 0.14062  0.14453  0.10156]]

  [[ 0.05469 -0.20312 -0.07031]
   [ 0.03125  0.10938 -0.01172]
   [ 0.07812  0.25781  0.08984]]

  [[ 0.10156 -0.03125 -0.19531]
   [ 0.04688 -0.08203 -0.17188]
   [ 0.22266 -0.00781 -0.10938]]

  [[ 0.03906  0.04688 -0.125  ]
   [ 0.05469 -0.0625  -0.13672]
   [ 0.17578  0.01562  0.11328]]

  [[ 0.03906  0.03125 -0.12109]
   [ 0.05859 -0.0625  -0.03906]
   [ 0.01562  0.09766  0.01172]]]]...
--------------------------------------------------------------------------------
[Bias] Layer: encoder3.up.conv.0 (QuantConv2d)
  Shape: (16,)
  Bit Width: 16.0
  Signed: True
  Scale: 0.0001220703125
  Sample Bias: [-0.09802  0.4707  -0.15161  0.84192  0.35168 -0.3064   0.28882  0.05359
 -0.19482  0.28906]...
################################################################################

