################################################################################
[Weight] Layer: encoder4.block.0.1.fn.0 (QuantConv2d)
  Shape: (16, 1, 7, 7)
  Bit Width: 8.0
  Signed: True
  Scale: 0.001953125
  Sample Weights: [[[[-0.00391 -0.02539 -0.04297 -0.01562 -0.01758 -0.       0.02539]
   [ 0.01367 -0.01562 -0.04492 -0.03125 -0.01953 -0.00586  0.01367]
   [-0.00586  0.00195 -0.00391 -0.00977 -0.02148 -0.01367 -0.00391]
   [-0.00781 -0.01367 -0.00781  0.02344  0.00586 -0.      -0.01172]
   [-0.00195 -0.00781  0.01367  0.03906  0.03125 -0.00195 -0.00977]
   [-0.00586 -0.01953 -0.00781  0.00586  0.01172  0.01758 -0.02344]
   [ 0.01562 -0.00781 -0.02344 -0.00391 -0.01367  0.02344  0.00977]]]


 [[[ 0.0918   0.01562 -0.00391 -0.0293   0.03516 -0.02344 -0.08008]
   [ 0.10352  0.01367 -0.00781 -0.00195 -0.01562  0.01953 -0.05664]
   [ 0.10156  0.00977  0.06445  0.0625   0.01367  0.04102  0.00195]
   [ 0.05273  0.03125  0.04492  0.02148 -0.0332   0.08008  0.02734]
   [ 0.0293  -0.01953  0.06836  0.04102 -0.00391  0.02344  0.01562]
   [-0.01953 -0.00586  0.03711  0.06641 -0.03125  0.02148  0.03125]
   [-0.0625  -0.03125 -0.04883 -0.06445 -0.04883 -0.00977  0.08398]]]


 [[[-0.05273 -0.04688 -0.01758  0.09961  0.04688  0.0332   0.03125]
   [-0.0293  -0.04492 -0.00391  0.0625   0.04688 -0.00391  0.01953]
   [-0.01367 -0.04688 -0.01562  0.02344  0.02734 -0.00391  0.00977]
   [-0.02734 -0.06445  0.00391  0.01367  0.00977 -0.00391 -0.01367]
   [-0.02148 -0.0625   0.02148  0.06445 -0.02539 -0.00977 -0.     ]
   [-0.02539 -0.04102  0.02344  0.08789  0.04102  0.01367  0.01758]
   [-0.05469 -0.0332   0.03711  0.14258  0.10938  0.04297 -0.00195]]]


 [[[-0.00391 -0.00391 -0.00391 -0.00391 -0.00391 -0.00391 -0.00391]
   [-0.00391 -0.00391 -0.00391 -0.00391 -0.00391 -0.00391 -0.00391]
   [-0.00391 -0.00391 -0.00391 -0.00391 -0.00391 -0.00391 -0.00391]
   [-0.00391 -0.00391 -0.00391 -0.00391 -0.00391 -0.00391 -0.00391]
   [-0.00391 -0.00391 -0.00391 -0.00391 -0.00391 -0.00391 -0.00391]
   [-0.00391 -0.00391 -0.00391 -0.00391 -0.00391 -0.00391 -0.00391]
   [-0.00391 -0.00391 -0.00391 -0.00391 -0.00391 -0.00391 -0.00391]]]


 [[[ 0.22266  0.11914 -0.04102 -0.03125  0.125    0.03516 -0.04688]
   [ 0.18359  0.04102 -0.02539 -0.01367  0.10742 -0.05469 -0.06055]
   [ 0.08594  0.00195  0.03711  0.06055 -0.06641 -0.07422 -0.02148]
   [ 0.05469  0.02148 -0.02344  0.04297 -0.07227 -0.06836  0.08789]
   [-0.01758 -0.0625  -0.0918  -0.06641 -0.02539  0.00391 -0.00391]
   [-0.06641 -0.07031 -0.0293  -0.05664 -0.02734  0.02148  0.04102]
   [-0.00977 -0.11914 -0.05664  0.       0.01172  0.0918   0.16602]]]


 [[[-0.04102  0.01953 -0.00586 -0.06055 -0.08203 -0.08594 -0.04102]
   [-0.02148  0.00391  0.00977 -0.05664 -0.08398 -0.05859 -0.06641]
   [ 0.02344  0.01562  0.0293  -0.02148 -0.08008 -0.08203 -0.07812]
   [ 0.01758  0.00195  0.00977  0.01953 -0.01758 -0.04297 -0.06836]
   [ 0.00391  0.00586  0.01953  0.00781  0.00586  0.01562 -0.01953]
   [ 0.02539 -0.00391  0.02344  0.02344  0.01562  0.00195 -0.01953]
   [-0.03516  0.01562  0.06445  0.0625   0.01172 -0.01367 -0.03516]]]


 [[[ 0.04297  0.01172  0.10156 -0.01562  0.00586  0.08008  0.01172]
   [ 0.04297 -0.02734  0.05469 -0.00391  0.16406  0.18164  0.10156]
   [-0.01562 -0.00391 -0.01367  0.07617  0.14844  0.0918   0.13672]
   [ 0.03125  0.01953 -0.06055 -0.14453 -0.00781  0.03125  0.14844]
   [-0.02539 -0.01953 -0.02734 -0.12109 -0.00781  0.03906  0.05273]
   [-0.00391 -0.03711  0.02539  0.00781  0.05859  0.04102  0.0625 ]
   [-0.03125  0.01758 -0.03516  0.03711  0.03516  0.06836  0.02539]]]


 [[[ 0.01367 -0.07031 -0.00977  0.00195 -0.00195 -0.04688 -0.04883]
   [ 0.04492 -0.01172 -0.      -0.00391 -0.01172 -0.07617 -0.0332 ]
   [ 0.0293   0.02344  0.00391  0.02539 -0.0332  -0.05664 -0.02148]
   [ 0.05078  0.01562  0.       0.04492 -0.03906 -0.03906  0.00977]
   [ 0.0332  -0.02148  0.00391  0.03711 -0.04102 -0.04883 -0.02539]
   [ 0.00391 -0.05664  0.03711 -0.00586 -0.05859 -0.06641 -0.03906]
   [ 0.01953 -0.01562  0.02148  0.01172 -0.12109 -0.04688 -0.00977]]]


 [[[-0.      -0.      -0.      -0.      -0.      -0.      -0.     ]
   [-0.      -0.      -0.      -0.      -0.      -0.      -0.     ]
   [-0.      -0.      -0.      -0.      -0.      -0.      -0.     ]
   [-0.      -0.      -0.       0.      -0.      -0.      -0.     ]
   [-0.      -0.       0.      -0.      -0.      -0.       0.     ]
   [-0.      -0.       0.      -0.      -0.       0.       0.     ]
   [-0.      -0.      -0.      -0.       0.       0.      -0.     ]]]


 [[[-0.00781 -0.02539  0.08398  0.05859  0.02734  0.00195  0.0625 ]
   [-0.02344 -0.05078  0.04883  0.01953  0.05664 -0.03516  0.05078]
   [-0.05273 -0.04883 -0.0332   0.05469  0.01172 -0.07812 -0.01172]
   [ 0.01758 -0.00586 -0.06641 -0.03516 -0.04688 -0.0957  -0.0293 ]
   [ 0.05469  0.00195 -0.08008 -0.03516 -0.0918  -0.0625  -0.04297]
   [ 0.08789  0.03516 -0.04297 -0.01562 -0.02344 -0.05273 -0.00781]
   [ 0.18555  0.09766  0.00586 -0.      -0.01172 -0.02344  0.04688]]]]...
--------------------------------------------------------------------------------
[Bias] Layer: encoder4.block.0.1.fn.0 (QuantConv2d)
  Shape: (16,)
  Bit Width: 16.0
  Signed: True
  Scale: 6.103515625e-05
  Sample Bias: [-0.08325 -0.3028  -0.1441  -0.00409 -0.10748  0.04565 -0.38263  0.22888
 -0.01324 -0.09174]...
################################################################################

