################################################################################
[Weight] Layer: encoder4.block.0.5 (QuantConv2d)
  Shape: (16, 64, 1, 1)
  Bit Width: 8.0
  Signed: True
  Scale: 0.0078125
  Sample Weights: [[[[-0.     ]]

  [[ 0.     ]]

  [[-0.29688]]

  [[-0.     ]]

  [[-0.14062]]

  [[-0.22656]]

  [[ 0.     ]]

  [[ 0.     ]]

  [[-0.     ]]

  [[-0.44531]]

  [[ 0.39844]]

  [[-0.     ]]

  [[-0.03125]]

  [[ 0.26562]]

  [[-0.     ]]

  [[ 0.     ]]

  [[ 0.     ]]

  [[ 0.     ]]

  [[-0.     ]]

  [[ 0.     ]]

  [[ 0.     ]]

  [[-0.     ]]

  [[ 0.20312]]

  [[-0.     ]]

  [[ 0.01562]]

  [[-0.     ]]

  [[-0.03125]]

  [[-0.32031]]

  [[ 0.     ]]

  [[-0.10938]]

  [[-0.00781]]

  [[ 0.     ]]

  [[ 0.     ]]

  [[-0.10156]]

  [[-0.01562]]

  [[ 0.09375]]

  [[ 0.     ]]

  [[ 0.     ]]

  [[ 0.     ]]

  [[ 0.     ]]

  [[ 0.     ]]

  [[-0.     ]]

  [[ 0.14844]]

  [[ 0.00781]]

  [[ 0.     ]]

  [[-0.09375]]

  [[ 0.     ]]

  [[-0.     ]]

  [[-0.125  ]]

  [[-0.     ]]

  [[-0.08594]]

  [[-0.15625]]

  [[ 0.     ]]

  [[ 0.     ]]

  [[-0.     ]]

  [[-0.     ]]

  [[-0.     ]]

  [[-0.29688]]

  [[-0.     ]]

  [[ 0.     ]]

  [[ 0.     ]]

  [[-0.     ]]

  [[-0.     ]]

  [[-0.20312]]]


 [[[ 0.     ]]

  [[ 0.57812]]

  [[ 0.03906]]

  [[ 0.     ]]

  [[-0.02344]]

  [[-0.21094]]

  [[ 0.     ]]

  [[-0.     ]]

  [[ 0.     ]]

  [[-0.35938]]

  [[ 0.39844]]

  [[-0.     ]]

  [[-0.03906]]

  [[ 0.33594]]

  [[-0.     ]]

  [[-0.     ]]

  [[ 0.     ]]

  [[ 0.     ]]

  [[-0.     ]]

  [[-0.     ]]

  [[ 0.     ]]

  [[ 0.     ]]

  [[-0.07031]]

  [[ 0.     ]]

  [[ 0.01562]]

  [[ 0.     ]]

  [[-0.125  ]]

  [[-0.21875]]

  [[ 0.     ]]

  [[-0.0625 ]]

  [[-0.00781]]

  [[ 0.     ]]

  [[ 0.     ]]

  [[-0.25   ]]

  [[ 0.07031]]

  [[-0.24219]]

  [[-0.     ]]

  [[ 0.     ]]

  [[-0.     ]]

  [[-0.     ]]

  [[ 0.     ]]

  [[ 0.     ]]

  [[ 0.25781]]

  [[ 0.21875]]

  [[-0.     ]]

  [[-0.07031]]

  [[ 0.     ]]

  [[ 0.     ]]

  [[-0.22656]]

  [[ 0.     ]]

  [[-0.09375]]

  [[-0.28125]]

  [[-0.     ]]

  [[-0.     ]]

  [[ 0.     ]]

  [[-0.     ]]

  [[-0.     ]]

  [[-0.10156]]

  [[ 0.     ]]

  [[ 0.     ]]

  [[-0.     ]]

  [[-0.     ]]

  [[-0.     ]]

  [[-0.03906]]]


 [[[ 0.     ]]

  [[-0.17969]]

  [[-0.03906]]

  [[-0.     ]]

  [[-0.25   ]]

  [[-0.05469]]

  [[-0.     ]]

  [[ 0.     ]]

  [[ 0.     ]]

  [[ 0.05469]]

  [[ 0.07031]]

  [[-0.     ]]

  [[-0.07812]]

  [[-0.10938]]

  [[ 0.     ]]

  [[-0.     ]]

  [[ 0.     ]]

  [[ 0.     ]]

  [[ 0.     ]]

  [[ 0.     ]]

  [[ 0.     ]]

  [[-0.     ]]

  [[ 0.00781]]

  [[-0.     ]]

  [[-0.09375]]

  [[ 0.     ]]

  [[-0.125  ]]

  [[-0.44531]]

  [[-0.     ]]

  [[-0.19531]]

  [[-0.02344]]

  [[ 0.     ]]

  [[ 0.     ]]

  [[-0.27344]]

  [[-0.0625 ]]

  [[-0.03906]]

  [[ 0.     ]]

  [[-0.     ]]

  [[ 0.     ]]

  [[ 0.     ]]

  [[ 0.     ]]

  [[-0.     ]]

  [[ 0.21875]]

  [[ 0.50781]]

  [[ 0.     ]]

  [[-0.15625]]

  [[-0.     ]]

  [[ 0.     ]]

  [[ 0.10938]]

  [[ 0.     ]]

  [[-0.19531]]

  [[ 0.23438]]

  [[ 0.     ]]

  [[ 0.     ]]

  [[ 0.     ]]

  [[-0.     ]]

  [[ 0.     ]]

  [[ 0.59375]]

  [[ 0.     ]]

  [[-0.     ]]

  [[-0.     ]]

  [[ 0.     ]]

  [[-0.     ]]

  [[ 0.5625 ]]]


 [[[ 0.     ]]

  [[-0.25781]]

  [[-0.07812]]

  [[-0.     ]]

  [[ 0.11719]]

  [[-0.0625 ]]

  [[-0.     ]]

  [[-0.     ]]

  [[ 0.     ]]

  [[-0.23438]]

  [[-0.77344]]

  [[-0.     ]]

  [[ 0.00781]]

  [[-0.07031]]

  [[-0.     ]]

  [[-0.     ]]

  [[ 0.     ]]

  [[-0.     ]]

  [[-0.     ]]

  [[-0.     ]]

  [[-0.     ]]

  [[ 0.     ]]

  [[-0.32812]]

  [[ 0.     ]]

  [[ 0.57812]]

  [[-0.     ]]

  [[ 0.49219]]

  [[-0.03125]]

  [[-0.     ]]

  [[-0.16406]]

  [[-0.05469]]

  [[-0.     ]]

  [[-0.     ]]

  [[-0.25   ]]

  [[ 0.25781]]

  [[ 0.25781]]

  [[-0.     ]]

  [[ 0.     ]]

  [[-0.     ]]

  [[ 0.     ]]

  [[-0.     ]]

  [[-0.     ]]

  [[-0.44531]]

  [[-0.58594]]

  [[-0.     ]]

  [[-0.05469]]

  [[ 0.     ]]

  [[ 0.     ]]

  [[-0.21875]]

  [[-0.     ]]

  [[-0.49219]]

  [[-0.26562]]

  [[-0.     ]]

  [[-0.     ]]

  [[ 0.     ]]

  [[-0.     ]]

  [[ 0.     ]]

  [[ 0.0625 ]]

  [[ 0.     ]]

  [[-0.     ]]

  [[-0.     ]]

  [[ 0.     ]]

  [[ 0.     ]]

  [[ 0.     ]]]


 [[[-0.     ]]

  [[-0.41406]]

  [[-0.14062]]

  [[-0.     ]]

  [[-0.125  ]]

  [[-0.32031]]

  [[-0.     ]]

  [[-0.     ]]

  [[-0.     ]]

  [[-0.36719]]

  [[-0.20312]]

  [[ 0.     ]]

  [[ 0.01562]]

  [[ 0.04688]]

  [[ 0.     ]]

  [[ 0.     ]]

  [[ 0.     ]]

  [[-0.     ]]

  [[ 0.     ]]

  [[-0.     ]]

  [[-0.     ]]

  [[-0.     ]]

  [[-0.16406]]

  [[ 0.     ]]

  [[-0.24219]]

  [[-0.     ]]

  [[-0.20312]]

  [[ 0.0625 ]]

  [[ 0.     ]]

  [[-0.22656]]

  [[-0.11719]]

  [[ 0.     ]]

  [[ 0.     ]]

  [[ 0.26562]]

  [[ 0.73438]]

  [[ 0.03125]]

  [[ 0.     ]]

  [[-0.     ]]

  [[-0.     ]]

  [[ 0.     ]]

  [[ 0.     ]]

  [[ 0.     ]]

  [[ 0.09375]]

  [[-0.17188]]

  [[-0.     ]]

  [[ 0.07031]]

  [[-0.     ]]

  [[ 0.     ]]

  [[ 0.00781]]

  [[-0.     ]]

  [[-0.25   ]]

  [[ 0.32812]]

  [[-0.     ]]

  [[-0.     ]]

  [[-0.     ]]

  [[ 0.     ]]

  [[ 0.     ]]

  [[-0.11719]]

  [[-0.     ]]

  [[-0.     ]]

  [[ 0.     ]]

  [[ 0.     ]]

  [[ 0.     ]]

  [[-0.09375]]]


 [[[ 0.     ]]

  [[ 0.10156]]

  [[ 0.125  ]]

  [[-0.     ]]

  [[-0.02344]]

  [[-0.125  ]]

  [[-0.     ]]

  [[ 0.     ]]

  [[-0.     ]]

  [[-0.24219]]

  [[-0.28125]]

  [[ 0.     ]]

  [[ 0.03906]]

  [[ 0.02344]]

  [[-0.     ]]

  [[ 0.     ]]

  [[-0.     ]]

  [[ 0.     ]]

  [[-0.     ]]

  [[ 0.     ]]

  [[-0.     ]]

  [[-0.     ]]

  [[ 0.38281]]

  [[-0.     ]]

  [[-0.20312]]

  [[-0.     ]]

  [[-0.17188]]

  [[-0.21094]]

  [[-0.     ]]

  [[ 0.61719]]

  [[-0.00781]]

  [[ 0.     ]]

  [[-0.     ]]

  [[-0.15625]]

  [[-0.16406]]

  [[-0.02344]]

  [[ 0.     ]]

  [[-0.     ]]

  [[ 0.     ]]

  [[-0.     ]]

  [[-0.     ]]

  [[-0.     ]]

  [[-0.13281]]

  [[-0.35156]]

  [[ 0.     ]]

  [[ 0.0625 ]]

  [[-0.     ]]

  [[-0.     ]]

  [[-0.13281]]

  [[-0.     ]]

  [[ 0.24219]]

  [[-0.15625]]

  [[ 0.     ]]

  [[ 0.     ]]

  [[-0.     ]]

  [[ 0.     ]]

  [[ 0.     ]]

  [[-0.25   ]]

  [[-0.     ]]

  [[-0.     ]]

  [[ 0.     ]]

  [[ 0.     ]]

  [[-0.     ]]

  [[-0.23438]]]


 [[[ 0.     ]]

  [[ 0.     ]]

  [[ 0.     ]]

  [[ 0.     ]]

  [[ 0.     ]]

  [[ 0.     ]]

  [[ 0.     ]]

  [[ 0.     ]]

  [[ 0.     ]]

  [[ 0.     ]]

  [[ 0.     ]]

  [[ 0.     ]]

  [[ 0.     ]]

  [[ 0.     ]]

  [[ 0.     ]]

  [[ 0.     ]]

  [[ 0.     ]]

  [[ 0.     ]]

  [[ 0.     ]]

  [[ 0.     ]]

  [[ 0.     ]]

  [[ 0.     ]]

  [[ 0.     ]]

  [[ 0.     ]]

  [[ 0.     ]]

  [[ 0.     ]]

  [[ 0.     ]]

  [[ 0.     ]]

  [[ 0.     ]]

  [[ 0.     ]]

  [[ 0.     ]]

  [[ 0.     ]]

  [[ 0.     ]]

  [[ 0.     ]]

  [[ 0.     ]]

  [[ 0.     ]]

  [[ 0.     ]]

  [[ 0.     ]]

  [[ 0.     ]]

  [[ 0.     ]]

  [[ 0.     ]]

  [[ 0.     ]]

  [[ 0.     ]]

  [[ 0.     ]]

  [[ 0.     ]]

  [[ 0.     ]]

  [[ 0.     ]]

  [[ 0.     ]]

  [[ 0.     ]]

  [[ 0.     ]]

  [[ 0.     ]]

  [[ 0.     ]]

  [[ 0.     ]]

  [[ 0.     ]]

  [[ 0.     ]]

  [[ 0.     ]]

  [[ 0.     ]]

  [[ 0.     ]]

  [[ 0.     ]]

  [[ 0.     ]]

  [[ 0.     ]]

  [[ 0.     ]]

  [[ 0.     ]]

  [[ 0.     ]]]


 [[[ 0.     ]]

  [[ 0.16406]]

  [[ 0.03906]]

  [[-0.     ]]

  [[ 0.     ]]

  [[ 0.20312]]

  [[ 0.     ]]

  [[-0.     ]]

  [[ 0.     ]]

  [[ 0.1875 ]]

  [[-0.125  ]]

  [[ 0.     ]]

  [[-0.00781]]

  [[ 0.05469]]

  [[-0.     ]]

  [[ 0.     ]]

  [[ 0.     ]]

  [[-0.     ]]

  [[-0.     ]]

  [[-0.     ]]

  [[-0.     ]]

  [[ 0.     ]]

  [[-0.05469]]

  [[-0.     ]]

  [[ 0.02344]]

  [[ 0.     ]]

  [[-0.07031]]

  [[-0.13281]]

  [[-0.     ]]

  [[-0.24219]]

  [[-0.02344]]

  [[-0.     ]]

  [[ 0.     ]]

  [[ 0.45312]]

  [[ 0.29688]]

  [[-0.00781]]

  [[ 0.     ]]

  [[ 0.     ]]

  [[-0.     ]]

  [[-0.     ]]

  [[-0.     ]]

  [[-0.     ]]

  [[ 0.32031]]

  [[ 0.     ]]

  [[ 0.     ]]

  [[-0.10938]]

  [[-0.     ]]

  [[-0.     ]]

  [[-0.10156]]

  [[ 0.     ]]

  [[ 0.13281]]

  [[-0.21875]]

  [[ 0.     ]]

  [[ 0.     ]]

  [[-0.     ]]

  [[ 0.     ]]

  [[ 0.     ]]

  [[ 0.03125]]

  [[-0.     ]]

  [[ 0.     ]]

  [[ 0.     ]]

  [[-0.     ]]

  [[ 0.     ]]

  [[ 0.10938]]]


 [[[-0.     ]]

  [[-0.21094]]

  [[ 0.42969]]

  [[-0.     ]]

  [[ 0.04688]]

  [[-0.02344]]

  [[ 0.     ]]

  [[-0.     ]]

  [[ 0.     ]]

  [[-0.05469]]

  [[ 0.10156]]

  [[ 0.     ]]

  [[-0.01562]]

  [[ 0.27344]]

  [[ 0.     ]]

  [[-0.     ]]

  [[ 0.     ]]

  [[-0.     ]]

  [[-0.     ]]

  [[-0.     ]]

  [[-0.     ]]

  [[ 0.     ]]

  [[ 0.42969]]

  [[ 0.     ]]

  [[ 0.01562]]

  [[-0.     ]]

  [[ 0.02344]]

  [[ 0.45312]]

  [[-0.     ]]

  [[-0.09375]]

  [[ 0.0625 ]]

  [[ 0.     ]]

  [[-0.     ]]

  [[-0.09375]]

  [[-0.03125]]

  [[-0.05469]]

  [[-0.     ]]

  [[ 0.     ]]

  [[-0.     ]]

  [[-0.     ]]

  [[-0.     ]]

  [[-0.     ]]

  [[ 0.34375]]

  [[ 0.07812]]

  [[-0.     ]]

  [[ 0.15625]]

  [[-0.     ]]

  [[ 0.     ]]

  [[-0.10156]]

  [[-0.     ]]

  [[-0.14062]]

  [[-0.16406]]

  [[-0.     ]]

  [[-0.     ]]

  [[-0.     ]]

  [[ 0.     ]]

  [[ 0.     ]]

  [[ 0.20312]]

  [[ 0.     ]]

  [[ 0.     ]]

  [[ 0.     ]]

  [[ 0.     ]]

  [[ 0.     ]]

  [[ 0.03125]]]


 [[[-0.     ]]

  [[ 0.     ]]

  [[-0.     ]]

  [[-0.     ]]

  [[ 0.     ]]

  [[-0.     ]]

  [[-0.     ]]

  [[-0.     ]]

  [[ 0.     ]]

  [[ 0.     ]]

  [[ 0.     ]]

  [[-0.     ]]

  [[ 0.     ]]

  [[-0.     ]]

  [[-0.     ]]

  [[ 0.     ]]

  [[-0.     ]]

  [[-0.     ]]

  [[-0.     ]]

  [[ 0.     ]]

  [[-0.     ]]

  [[-0.     ]]

  [[ 0.     ]]

  [[ 0.     ]]

  [[ 0.     ]]

  [[ 0.     ]]

  [[-0.     ]]

  [[-0.     ]]

  [[-0.     ]]

  [[ 0.     ]]

  [[ 0.     ]]

  [[-0.     ]]

  [[ 0.     ]]

  [[ 0.     ]]

  [[-0.     ]]

  [[-0.     ]]

  [[-0.     ]]

  [[-0.     ]]

  [[-0.     ]]

  [[ 0.     ]]

  [[-0.     ]]

  [[-0.     ]]

  [[ 0.     ]]

  [[ 0.     ]]

  [[ 0.     ]]

  [[-0.     ]]

  [[-0.     ]]

  [[-0.     ]]

  [[ 0.     ]]

  [[-0.     ]]

  [[ 0.     ]]

  [[ 0.     ]]

  [[ 0.     ]]

  [[ 0.     ]]

  [[-0.     ]]

  [[ 0.     ]]

  [[-0.     ]]

  [[-0.     ]]

  [[-0.     ]]

  [[ 0.     ]]

  [[-0.     ]]

  [[-0.     ]]

  [[-0.     ]]

  [[ 0.     ]]]]...
--------------------------------------------------------------------------------
[Bias] Layer: encoder4.block.0.5 (QuantConv2d)
  Shape: (16,)
  Bit Width: 16.0
  Signed: True
  Scale: 0.0001220703125
  Sample Bias: [ 0.14136 -0.08142  0.06519  0.5249   0.3446   0.19312  0.      -0.12305
 -0.08289 -0.     ]...
################################################################################

