################################################################################
[Weight] Layer: encoder4.up.conv.0 (QuantConv2d)
  Shape: (16, 16, 3, 3)
  Bit Width: 8.0
  Signed: True
  Scale: 0.001953125
  Sample Weights: [[[[-0.13477 -0.0293  -0.01758]
   [-0.13672  0.04688 -0.03906]
   [-0.04883  0.07422  0.06836]]

  [[-0.06836  0.06641  0.01172]
   [-0.05664  0.01758 -0.01172]
   [-0.06836 -0.02734 -0.02734]]

  [[ 0.17383  0.20898  0.24023]
   [-0.03711  0.00195 -0.03711]
   [-0.0332  -0.11133 -0.10156]]

  ...

  [[ 0.01172 -0.00586 -0.00391]
   [-0.00781 -0.02539 -0.00195]
   [-0.02344 -0.00781  0.00977]]

  [[ 0.02344 -0.05273  0.09961]
   [-0.18945 -0.17188 -0.09375]
   [-0.15234 -0.06836 -0.07617]]

  [[ 0.18164 -0.03516 -0.07812]
   [-0.00781 -0.13086 -0.00391]
   [-0.03516 -0.07617  0.06836]]]


 [[[-0.01953 -0.05664 -0.02344]
   [ 0.07617  0.0625  -0.02539]
   [ 0.03516 -0.03906 -0.04883]]

  [[ 0.11914  0.02539  0.01953]
   [ 0.19336  0.15625  0.03125]
   [ 0.08398  0.01758  0.01367]]

  [[-0.01367  0.05078 -0.01367]
   [-0.16406 -0.13281 -0.05664]
   [-0.08789  0.01953  0.0625 ]]

  ...

  [[-0.00586  0.02148 -0.00195]
   [ 0.00195  0.00586  0.00586]
   [ 0.00195 -0.01172  0.01562]]

  [[ 0.02734  0.08008  0.08789]
   [ 0.01172 -0.13867 -0.00195]
   [ 0.24805  0.04492 -0.07031]]

  [[-0.06836 -0.01953  0.01367]
   [-0.07031 -0.04102 -0.05469]
   [-0.06836  0.03711 -0.13281]]]


 [[[-0.12305 -0.08008 -0.12891]
   [-0.14258 -0.02734 -0.05469]
   [-0.15625 -0.0625  -0.08594]]

  [[-0.02734 -0.06641 -0.18555]
   [-0.01953 -0.04688 -0.08008]
   [-0.0957  -0.12305 -0.16016]]

  [[-0.00781 -0.03711  0.00391]
   [ 0.06836  0.00391  0.01367]
   [ 0.0625  -0.05859 -0.09961]]

  ...

  [[-0.01562 -0.03711 -0.02148]
   [-0.03125 -0.04492 -0.00391]
   [-0.03125  0.01172  0.02734]]

  [[-0.03125  0.10547  0.02344]
   [-0.07812  0.10547  0.06055]
   [-0.02344 -0.06836  0.05273]]

  [[ 0.13086  0.12891  0.08008]
   [ 0.08008  0.08203  0.02734]
   [ 0.13281  0.02148 -0.00391]]]


 ...


 [[[-0.06445  0.04102 -0.05664]
   [-0.10547  0.04688 -0.03711]
   [-0.08008  0.00195 -0.06445]]

  [[ 0.05469  0.05078 -0.02539]
   [-0.00781 -0.03906 -0.00391]
   [-0.05273  0.00781  0.01758]]

  [[ 0.01172 -0.05469  0.03125]
   [ 0.02344 -0.01562  0.08594]
   [ 0.0293  -0.08594 -0.00781]]

  ...

  [[-0.00977 -0.01562 -0.0332 ]
   [-0.00195 -0.01562 -0.04297]
   [-0.00586 -0.05078 -0.04297]]

  [[-0.09961  0.08203 -0.0332 ]
   [-0.10547  0.04883  0.08789]
   [-0.05273 -0.05273  0.14062]]

  [[ 0.04688  0.08984  0.02148]
   [-0.03906  0.00586  0.08594]
   [ 0.05859 -0.05859  0.05664]]]


 [[[ 0.01758  0.03906  0.06641]
   [ 0.08398  0.08008  0.07031]
   [ 0.07227  0.06836  0.04492]]

  [[ 0.06055  0.04883 -0.04688]
   [ 0.06641  0.00586  0.     ]
   [ 0.00195 -0.00586 -0.04102]]

  [[ 0.03711 -0.01172 -0.02734]
   [ 0.06055 -0.08789 -0.12305]
   [ 0.0332  -0.03906 -0.04883]]

  ...

  [[-0.00586 -0.02539 -0.00586]
   [-0.01953 -0.01172 -0.00391]
   [-0.01562 -0.01367 -0.01367]]

  [[-0.0957   0.06836  0.21094]
   [-0.02539 -0.01953 -0.03125]
   [ 0.02539 -0.04883 -0.0625 ]]

  [[-0.01367  0.05078  0.11133]
   [ 0.0332   0.00781  0.01562]
   [ 0.06055 -0.02344 -0.01367]]]


 [[[ 0.06641  0.02344 -0.     ]
   [ 0.11719  0.0625   0.0293 ]
   [ 0.05664  0.00977 -0.02148]]

  [[-0.00781  0.01367  0.     ]
   [ 0.05273  0.00195  0.03906]
   [-0.00781 -0.03906 -0.02344]]

  [[-0.00781 -0.08203 -0.11328]
   [ 0.0332  -0.09766 -0.15039]
   [ 0.01758 -0.02539 -0.01367]]

  ...

  [[-0.00781 -0.01367 -0.     ]
   [-0.00391  0.01562  0.03711]
   [ 0.02148  0.0293   0.03516]]

  [[-0.11523 -0.13477 -0.07617]
   [ 0.0332  -0.08789 -0.08789]
   [ 0.06055 -0.06055 -0.0293 ]]

  [[-0.00977 -0.04297 -0.06055]
   [ 0.       0.      -0.05469]
   [ 0.01758 -0.04102 -0.08008]]]]...
--------------------------------------------------------------------------------
[Bias] Layer: encoder4.up.conv.0 (QuantConv2d)
  Shape: (16,)
  Bit Width: 16.0
  Signed: True
  Scale: 3.0517578125e-05
  Sample Bias: [ 0.22653  0.17532  0.1019   0.29636 -0.14011 -0.10529 -0.04755 -0.04782
  0.06815  0.21552]...
################################################################################

