################################################################################
[Weight] Layer: encoder5.block.0.5 (QuantConv2d)
  Shape: (16, 64, 1, 1)
  Bit Width: 8.0
  Signed: True
  Scale: 0.0078125
  Sample Weights: [[[[-0.     ]]

  [[-0.23438]]

  [[ 0.     ]]

  [[ 0.     ]]

  [[ 0.     ]]

  [[-0.     ]]

  [[-0.     ]]

  [[ 0.00781]]

  [[ 0.     ]]

  [[ 0.     ]]

  [[ 0.     ]]

  [[ 0.     ]]

  [[ 0.     ]]

  [[-0.01562]]

  [[-0.     ]]

  [[ 0.     ]]

  [[-0.     ]]

  [[ 0.02344]]

  [[ 0.     ]]

  [[-0.     ]]

  [[-0.     ]]

  [[-0.16406]]

  [[-0.     ]]

  [[-0.     ]]

  [[-0.24219]]

  [[ 0.     ]]

  [[-0.11719]]

  [[-0.05469]]

  [[-0.27344]]

  [[ 0.     ]]

  [[ 0.16406]]

  [[-0.     ]]

  [[-0.     ]]

  [[-0.     ]]

  [[ 0.     ]]

  [[-0.     ]]

  [[ 0.     ]]

  [[ 0.     ]]

  [[-0.     ]]

  [[-0.03906]]

  [[ 0.     ]]

  [[-0.     ]]

  [[ 0.32812]]

  [[ 0.11719]]

  [[ 0.     ]]

  [[ 0.     ]]

  [[-0.     ]]

  [[ 0.13281]]

  [[ 0.     ]]

  [[-0.03125]]

  [[-0.     ]]

  [[ 0.     ]]

  [[-0.09375]]

  [[-0.     ]]

  [[ 0.     ]]

  [[-0.03906]]

  [[ 0.     ]]

  [[ 0.     ]]

  [[ 0.     ]]

  [[ 0.     ]]

  [[-0.     ]]

  [[ 0.     ]]

  [[-0.     ]]

  [[-0.11719]]]


 [[[-0.     ]]

  [[-0.14844]]

  [[-0.     ]]

  [[-0.     ]]

  [[ 0.     ]]

  [[-0.     ]]

  [[ 0.     ]]

  [[ 0.02344]]

  [[ 0.     ]]

  [[-0.     ]]

  [[-0.     ]]

  [[-0.     ]]

  [[-0.     ]]

  [[-0.02344]]

  [[-0.     ]]

  [[ 0.     ]]

  [[-0.     ]]

  [[-0.09375]]

  [[ 0.     ]]

  [[ 0.     ]]

  [[ 0.     ]]

  [[-0.02344]]

  [[-0.     ]]

  [[-0.     ]]

  [[ 0.07812]]

  [[-0.     ]]

  [[-0.00781]]

  [[-0.05469]]

  [[ 0.1875 ]]

  [[-0.     ]]

  [[-0.15625]]

  [[ 0.     ]]

  [[-0.     ]]

  [[-0.     ]]

  [[-0.     ]]

  [[ 0.     ]]

  [[ 0.     ]]

  [[-0.     ]]

  [[-0.     ]]

  [[-0.00781]]

  [[ 0.     ]]

  [[ 0.     ]]

  [[ 0.02344]]

  [[-0.07031]]

  [[ 0.     ]]

  [[ 0.     ]]

  [[-0.     ]]

  [[ 0.03906]]

  [[ 0.     ]]

  [[ 0.09375]]

  [[-0.     ]]

  [[ 0.     ]]

  [[-0.17188]]

  [[-0.     ]]

  [[ 0.     ]]

  [[-0.16406]]

  [[-0.     ]]

  [[ 0.03125]]

  [[ 0.     ]]

  [[ 0.     ]]

  [[-0.     ]]

  [[ 0.     ]]

  [[ 0.     ]]

  [[ 0.21875]]]


 [[[-0.     ]]

  [[-0.05469]]

  [[-0.     ]]

  [[ 0.     ]]

  [[-0.     ]]

  [[-0.     ]]

  [[-0.     ]]

  [[ 0.01562]]

  [[-0.     ]]

  [[-0.     ]]

  [[-0.     ]]

  [[ 0.     ]]

  [[ 0.     ]]

  [[ 0.00781]]

  [[-0.     ]]

  [[-0.     ]]

  [[ 0.     ]]

  [[ 0.08594]]

  [[-0.     ]]

  [[ 0.     ]]

  [[-0.     ]]

  [[ 0.00781]]

  [[ 0.     ]]

  [[ 0.     ]]

  [[-0.02344]]

  [[-0.     ]]

  [[ 0.07812]]

  [[ 0.     ]]

  [[-0.01562]]

  [[ 0.     ]]

  [[-0.11719]]

  [[ 0.     ]]

  [[ 0.     ]]

  [[-0.     ]]

  [[-0.     ]]

  [[-0.     ]]

  [[ 0.     ]]

  [[ 0.     ]]

  [[-0.     ]]

  [[-0.0625 ]]

  [[-0.     ]]

  [[ 0.     ]]

  [[-0.03906]]

  [[-0.10938]]

  [[-0.     ]]

  [[ 0.     ]]

  [[ 0.     ]]

  [[-0.07812]]

  [[ 0.     ]]

  [[-0.01562]]

  [[ 0.     ]]

  [[ 0.     ]]

  [[ 0.1875 ]]

  [[ 0.     ]]

  [[ 0.     ]]

  [[ 0.14062]]

  [[-0.     ]]

  [[ 0.01562]]

  [[-0.     ]]

  [[ 0.     ]]

  [[ 0.     ]]

  [[ 0.     ]]

  [[ 0.     ]]

  [[-0.00781]]]


 [[[-0.     ]]

  [[-0.00781]]

  [[ 0.     ]]

  [[ 0.     ]]

  [[-0.     ]]

  [[ 0.     ]]

  [[-0.     ]]

  [[ 0.     ]]

  [[-0.     ]]

  [[-0.     ]]

  [[-0.     ]]

  [[-0.     ]]

  [[-0.     ]]

  [[ 0.     ]]

  [[-0.     ]]

  [[ 0.     ]]

  [[ 0.     ]]

  [[ 0.11719]]

  [[-0.     ]]

  [[ 0.     ]]

  [[ 0.     ]]

  [[-0.03906]]

  [[ 0.     ]]

  [[-0.     ]]

  [[-0.     ]]

  [[-0.     ]]

  [[-0.     ]]

  [[-0.00781]]

  [[ 0.00781]]

  [[ 0.     ]]

  [[-0.03125]]

  [[-0.     ]]

  [[ 0.     ]]

  [[ 0.     ]]

  [[ 0.     ]]

  [[ 0.     ]]

  [[ 0.     ]]

  [[ 0.     ]]

  [[-0.     ]]

  [[-0.02344]]

  [[ 0.     ]]

  [[ 0.     ]]

  [[ 0.00781]]

  [[ 0.03906]]

  [[ 0.     ]]

  [[-0.     ]]

  [[ 0.     ]]

  [[ 0.00781]]

  [[-0.     ]]

  [[-0.     ]]

  [[ 0.     ]]

  [[ 0.     ]]

  [[-0.05469]]

  [[ 0.     ]]

  [[ 0.     ]]

  [[-0.     ]]

  [[-0.     ]]

  [[-0.     ]]

  [[-0.     ]]

  [[-0.     ]]

  [[-0.     ]]

  [[-0.     ]]

  [[ 0.     ]]

  [[ 0.00781]]]


 [[[ 0.     ]]

  [[ 0.     ]]

  [[-0.     ]]

  [[-0.     ]]

  [[-0.     ]]

  [[ 0.     ]]

  [[ 0.     ]]

  [[ 0.     ]]

  [[ 0.     ]]

  [[-0.     ]]

  [[ 0.     ]]

  [[ 0.     ]]

  [[ 0.     ]]

  [[-0.     ]]

  [[-0.     ]]

  [[ 0.     ]]

  [[-0.     ]]

  [[-0.     ]]

  [[-0.     ]]

  [[-0.     ]]

  [[-0.     ]]

  [[ 0.     ]]

  [[ 0.     ]]

  [[ 0.     ]]

  [[-0.     ]]

  [[ 0.     ]]

  [[ 0.     ]]

  [[ 0.     ]]

  [[ 0.     ]]

  [[-0.     ]]

  [[-0.     ]]

  [[ 0.     ]]

  [[ 0.     ]]

  [[ 0.     ]]

  [[ 0.     ]]

  [[-0.     ]]

  [[ 0.     ]]

  [[-0.     ]]

  [[ 0.     ]]

  [[ 0.     ]]

  [[ 0.     ]]

  [[-0.     ]]

  [[ 0.     ]]

  [[-0.     ]]

  [[ 0.     ]]

  [[-0.     ]]

  [[-0.     ]]

  [[-0.     ]]

  [[ 0.     ]]

  [[ 0.     ]]

  [[ 0.     ]]

  [[-0.     ]]

  [[ 0.     ]]

  [[ 0.     ]]

  [[-0.     ]]

  [[ 0.     ]]

  [[ 0.     ]]

  [[-0.     ]]

  [[ 0.     ]]

  [[-0.     ]]

  [[ 0.     ]]

  [[ 0.     ]]

  [[ 0.     ]]

  [[ 0.     ]]]


 [[[ 0.     ]]

  [[-0.21094]]

  [[-0.     ]]

  [[ 0.     ]]

  [[-0.     ]]

  [[-0.     ]]

  [[ 0.     ]]

  [[-0.02344]]

  [[-0.     ]]

  [[ 0.     ]]

  [[ 0.     ]]

  [[-0.     ]]

  [[ 0.     ]]

  [[ 0.04688]]

  [[-0.     ]]

  [[-0.     ]]

  [[ 0.     ]]

  [[-0.11719]]

  [[-0.     ]]

  [[ 0.     ]]

  [[-0.     ]]

  [[-0.04688]]

  [[ 0.     ]]

  [[-0.     ]]

  [[-0.0625 ]]

  [[ 0.     ]]

  [[-0.03125]]

  [[-0.08594]]

  [[-0.10156]]

  [[-0.     ]]

  [[-0.20312]]

  [[-0.     ]]

  [[ 0.     ]]

  [[-0.     ]]

  [[-0.     ]]

  [[ 0.     ]]

  [[-0.     ]]

  [[-0.     ]]

  [[-0.     ]]

  [[-0.10938]]

  [[-0.     ]]

  [[-0.     ]]

  [[ 0.20312]]

  [[ 0.32031]]

  [[ 0.     ]]

  [[-0.     ]]

  [[-0.     ]]

  [[ 0.66406]]

  [[-0.     ]]

  [[ 0.09375]]

  [[-0.     ]]

  [[-0.     ]]

  [[-0.10938]]

  [[ 0.     ]]

  [[-0.     ]]

  [[-0.26562]]

  [[-0.     ]]

  [[ 0.05469]]

  [[ 0.     ]]

  [[-0.     ]]

  [[-0.     ]]

  [[ 0.     ]]

  [[-0.     ]]

  [[-0.22656]]]


 [[[-0.     ]]

  [[-0.09375]]

  [[-0.     ]]

  [[ 0.     ]]

  [[ 0.     ]]

  [[-0.     ]]

  [[-0.     ]]

  [[ 0.00781]]

  [[-0.     ]]

  [[-0.     ]]

  [[-0.     ]]

  [[ 0.     ]]

  [[ 0.     ]]

  [[ 0.     ]]

  [[ 0.     ]]

  [[ 0.     ]]

  [[-0.     ]]

  [[ 0.21094]]

  [[ 0.     ]]

  [[ 0.     ]]

  [[-0.     ]]

  [[-0.07812]]

  [[ 0.     ]]

  [[ 0.     ]]

  [[-0.11719]]

  [[-0.     ]]

  [[ 0.00781]]

  [[-0.03125]]

  [[-0.3125 ]]

  [[ 0.     ]]

  [[-0.07812]]

  [[ 0.     ]]

  [[-0.     ]]

  [[ 0.     ]]

  [[-0.     ]]

  [[-0.     ]]

  [[-0.     ]]

  [[ 0.     ]]

  [[-0.     ]]

  [[-0.14062]]

  [[ 0.     ]]

  [[ 0.     ]]

  [[ 0.46094]]

  [[-0.03125]]

  [[-0.     ]]

  [[ 0.     ]]

  [[ 0.     ]]

  [[ 0.05469]]

  [[-0.     ]]

  [[-0.05469]]

  [[-0.     ]]

  [[-0.     ]]

  [[ 0.13281]]

  [[ 0.     ]]

  [[-0.     ]]

  [[-0.24219]]

  [[ 0.     ]]

  [[-0.02344]]

  [[-0.     ]]

  [[-0.     ]]

  [[ 0.     ]]

  [[-0.     ]]

  [[-0.     ]]

  [[ 0.15625]]]


 [[[ 0.     ]]

  [[ 0.     ]]

  [[-0.     ]]

  [[ 0.     ]]

  [[ 0.     ]]

  [[ 0.     ]]

  [[ 0.     ]]

  [[ 0.     ]]

  [[ 0.     ]]

  [[ 0.     ]]

  [[-0.     ]]

  [[ 0.     ]]

  [[ 0.     ]]

  [[-0.     ]]

  [[-0.     ]]

  [[-0.     ]]

  [[ 0.     ]]

  [[-0.     ]]

  [[-0.     ]]

  [[-0.     ]]

  [[-0.     ]]

  [[ 0.     ]]

  [[ 0.     ]]

  [[ 0.     ]]

  [[ 0.     ]]

  [[ 0.     ]]

  [[ 0.     ]]

  [[ 0.     ]]

  [[-0.     ]]

  [[-0.     ]]

  [[-0.     ]]

  [[-0.     ]]

  [[ 0.     ]]

  [[ 0.     ]]

  [[ 0.     ]]

  [[ 0.     ]]

  [[ 0.     ]]

  [[-0.     ]]

  [[-0.     ]]

  [[ 0.     ]]

  [[-0.     ]]

  [[ 0.     ]]

  [[-0.     ]]

  [[ 0.     ]]

  [[ 0.     ]]

  [[ 0.     ]]

  [[ 0.     ]]

  [[ 0.     ]]

  [[ 0.     ]]

  [[ 0.     ]]

  [[ 0.     ]]

  [[-0.     ]]

  [[ 0.     ]]

  [[-0.     ]]

  [[-0.     ]]

  [[-0.     ]]

  [[-0.     ]]

  [[ 0.     ]]

  [[ 0.     ]]

  [[-0.     ]]

  [[ 0.     ]]

  [[ 0.     ]]

  [[-0.     ]]

  [[ 0.     ]]]


 [[[-0.     ]]

  [[-0.07812]]

  [[ 0.     ]]

  [[ 0.     ]]

  [[ 0.     ]]

  [[-0.     ]]

  [[ 0.     ]]

  [[ 0.07031]]

  [[ 0.     ]]

  [[-0.     ]]

  [[-0.     ]]

  [[ 0.     ]]

  [[-0.     ]]

  [[ 0.04688]]

  [[-0.     ]]

  [[-0.     ]]

  [[-0.     ]]

  [[ 0.00781]]

  [[-0.     ]]

  [[ 0.     ]]

  [[-0.     ]]

  [[ 0.     ]]

  [[ 0.     ]]

  [[-0.     ]]

  [[ 0.1875 ]]

  [[ 0.     ]]

  [[ 0.00781]]

  [[-0.00781]]

  [[ 0.21094]]

  [[ 0.     ]]

  [[-0.     ]]

  [[-0.     ]]

  [[-0.     ]]

  [[-0.     ]]

  [[-0.     ]]

  [[-0.     ]]

  [[-0.     ]]

  [[ 0.     ]]

  [[ 0.     ]]

  [[ 0.00781]]

  [[-0.     ]]

  [[ 0.     ]]

  [[-0.03125]]

  [[-0.02344]]

  [[-0.     ]]

  [[ 0.     ]]

  [[ 0.     ]]

  [[-0.01562]]

  [[ 0.     ]]

  [[-0.04688]]

  [[ 0.     ]]

  [[-0.     ]]

  [[ 0.01562]]

  [[-0.     ]]

  [[ 0.     ]]

  [[-0.     ]]

  [[ 0.     ]]

  [[ 0.27344]]

  [[-0.     ]]

  [[-0.     ]]

  [[-0.     ]]

  [[ 0.     ]]

  [[-0.     ]]

  [[ 0.19531]]]


 [[[-0.     ]]

  [[ 0.     ]]

  [[-0.     ]]

  [[ 0.     ]]

  [[-0.     ]]

  [[ 0.     ]]

  [[ 0.     ]]

  [[ 0.     ]]

  [[ 0.     ]]

  [[-0.     ]]

  [[ 0.     ]]

  [[ 0.     ]]

  [[-0.     ]]

  [[-0.     ]]

  [[ 0.     ]]

  [[ 0.     ]]

  [[ 0.     ]]

  [[-0.     ]]

  [[-0.     ]]

  [[ 0.     ]]

  [[-0.     ]]

  [[ 0.     ]]

  [[-0.     ]]

  [[-0.     ]]

  [[-0.     ]]

  [[-0.     ]]

  [[ 0.     ]]

  [[ 0.     ]]

  [[-0.     ]]

  [[ 0.     ]]

  [[ 0.     ]]

  [[ 0.     ]]

  [[-0.     ]]

  [[-0.     ]]

  [[ 0.     ]]

  [[ 0.     ]]

  [[-0.     ]]

  [[ 0.     ]]

  [[-0.     ]]

  [[ 0.     ]]

  [[-0.     ]]

  [[ 0.     ]]

  [[-0.     ]]

  [[ 0.     ]]

  [[-0.     ]]

  [[-0.     ]]

  [[ 0.     ]]

  [[ 0.     ]]

  [[ 0.     ]]

  [[-0.     ]]

  [[ 0.     ]]

  [[-0.     ]]

  [[ 0.     ]]

  [[-0.     ]]

  [[-0.     ]]

  [[-0.     ]]

  [[-0.     ]]

  [[ 0.     ]]

  [[-0.     ]]

  [[ 0.     ]]

  [[ 0.     ]]

  [[ 0.     ]]

  [[-0.     ]]

  [[-0.     ]]]]...
--------------------------------------------------------------------------------
[Bias] Layer: encoder5.block.0.5 (QuantConv2d)
  Shape: (16,)
  Bit Width: 16.0
  Signed: True
  Scale: 6.103515625e-05
  Sample Bias: [ 0.16089  0.06671  0.10876 -0.00592 -0.       0.06622  0.08466 -0.
 -0.05908  0.     ]...
################################################################################

