################################################################################
[Weight] Layer: encoder5.block.1.0.fn.0 (QuantConv2d)
  Shape: (16, 1, 9, 9)
  Bit Width: 8.0
  Signed: True
  Scale: 0.00390625
  Sample Weights: [[[[-0.07812 -0.04297 -0.01562  0.02344  0.03125  0.04688  0.05469
     0.06641  0.10547]
   [-0.03906 -0.00781 -0.02344 -0.02734 -0.03516  0.00781  0.07031
     0.04688  0.0625 ]
   [-0.04688 -0.00781  0.02734 -0.01562 -0.08594 -0.05469  0.00391
     0.02344  0.03125]
   [-0.04688 -0.04688  0.05078  0.04688 -0.0625  -0.11328 -0.05859
    -0.03906  0.01562]
   [-0.07031 -0.0625   0.01172  0.07422 -0.01953 -0.11328 -0.05469
    -0.05078  0.01172]
   [-0.07031 -0.10156 -0.05859  0.08984  0.07031 -0.03125 -0.00391
    -0.04688  0.02734]
   [-0.04688 -0.10547 -0.10547  0.01562  0.04297 -0.00391 -0.
    -0.03516  0.02344]
   [-0.03516 -0.07422 -0.08984 -0.01172  0.02344 -0.01953 -0.01172
    -0.02344 -0.02344]
   [-0.05859 -0.06641 -0.125   -0.09375 -0.03906 -0.02734 -0.00391
    -0.01172 -0.04297]]]


 [[[-0.10938 -0.16016 -0.14844 -0.07812  0.01172  0.01172  0.17578
     0.36328  0.37891]
   [-0.10938 -0.15234 -0.12109  0.00781  0.06641  0.07422  0.10156
     0.37109  0.4375 ]
   [-0.11719 -0.14062 -0.125   -0.09375 -0.04688 -0.05469 -0.03125
     0.21875  0.21484]
   [-0.05469 -0.13281 -0.14453 -0.12109 -0.05469 -0.05078 -0.02344
     0.13281  0.05078]
   [ 0.02734 -0.04688 -0.09375 -0.08594  0.07422  0.05469  0.00391
     0.01953 -0.04688]
   [ 0.09375  0.02734 -0.02344 -0.01172  0.05859 -0.01953 -0.12109
    -0.13672 -0.125  ]
   [ 0.24609  0.14453  0.07422 -0.00391  0.03125 -0.02344 -0.19922
    -0.11328 -0.09766]
   [ 0.45703  0.25391  0.11328  0.06641  0.0625  -0.05078 -0.21484
    -0.09375 -0.0625 ]
   [ 0.49609  0.33203  0.08984  0.08203  0.12109 -0.05469 -0.17188
    -0.09766 -0.07031]]]


 [[[ 0.02344  0.01562 -0.00391 -0.01172  0.00781  0.03906  0.04688
     0.05859  0.07422]
   [-0.00391 -0.02734 -0.04297 -0.01562  0.01953  0.03906  0.04297
     0.05859  0.0625 ]
   [-0.03125 -0.06641 -0.05078  0.01172  0.05078  0.05859  0.05469
     0.04688  0.05469]
   [-0.03906 -0.06641 -0.01562  0.0625   0.07031  0.07422  0.04297
     0.03906  0.03516]
   [-0.03516 -0.03125  0.01953  0.06641  0.05859  0.03516  0.01172
     0.01172 -0.00391]
   [-0.01953  0.01562  0.0625   0.08594  0.04297 -0.00781 -0.01172
    -0.00781 -0.02344]
   [ 0.00781  0.03516  0.05859  0.0625   0.      -0.03125 -0.03125
    -0.01562 -0.02344]
   [-0.00391  0.01953  0.04688  0.03516  0.      -0.01562 -0.01562
    -0.00391 -0.00781]
   [ 0.00391  0.01953  0.03906  0.02734  0.00391 -0.00781 -0.00781
    -0.00781 -0.00391]]]


 [[[-0.      -0.       0.       0.       0.       0.       0.
     0.       0.     ]
   [-0.      -0.       0.       0.       0.       0.       0.
     0.       0.     ]
   [-0.       0.       0.       0.       0.       0.      -0.
    -0.       0.     ]
   [ 0.       0.       0.       0.       0.      -0.      -0.
     0.       0.     ]
   [-0.       0.       0.       0.       0.      -0.      -0.
     0.       0.     ]
   [-0.      -0.       0.       0.       0.       0.      -0.
    -0.       0.     ]
   [-0.      -0.      -0.      -0.       0.       0.      -0.
    -0.      -0.     ]
   [-0.      -0.      -0.      -0.      -0.      -0.      -0.
    -0.       0.     ]
   [ 0.      -0.      -0.      -0.      -0.      -0.       0.
    -0.      -0.     ]]]


 [[[ 0.      -0.       0.      -0.       0.       0.      -0.
    -0.      -0.     ]
   [-0.      -0.       0.      -0.       0.       0.       0.
    -0.      -0.     ]
   [ 0.       0.      -0.      -0.       0.       0.      -0.
    -0.      -0.     ]
   [-0.      -0.      -0.       0.       0.       0.       0.
     0.       0.     ]
   [ 0.      -0.       0.      -0.       0.       0.      -0.
    -0.      -0.     ]
   [-0.       0.       0.      -0.      -0.      -0.      -0.
     0.       0.     ]
   [ 0.      -0.       0.       0.       0.      -0.      -0.
    -0.      -0.     ]
   [ 0.      -0.      -0.       0.       0.      -0.       0.
    -0.      -0.     ]
   [ 0.       0.      -0.       0.      -0.       0.       0.
    -0.      -0.     ]]]


 [[[ 0.08203  0.0625   0.05078  0.01562 -0.00781  0.       0.01172
     0.04688  0.07812]
   [ 0.06641  0.07422  0.05859  0.01562 -0.01562 -0.01953 -0.02344
     0.       0.03516]
   [ 0.05469  0.0625   0.05859  0.00391 -0.01562 -0.01953 -0.05078
    -0.03906 -0.01172]
   [ 0.02734  0.03125  0.01562 -0.01953 -0.02344 -0.02344 -0.03906
    -0.04297 -0.01172]
   [ 0.02734 -0.00391 -0.01953 -0.02734 -0.01172  0.00391 -0.02734
    -0.04297 -0.00781]
   [ 0.03516 -0.      -0.03516 -0.03516 -0.01172  0.01172  0.00391
    -0.01172  0.01562]
   [ 0.01562 -0.01172 -0.03906 -0.04688 -0.03516  0.00781  0.05078
     0.01953  0.03906]
   [-0.01562 -0.01562 -0.03125 -0.01172 -0.01172  0.02344  0.05469
     0.01953  0.01562]
   [-0.02734  0.       0.       0.02344  0.02344  0.02734  0.02734
     0.00781 -0.     ]]]


 [[[-0.07031 -0.04688 -0.00781  0.01562  0.01562 -0.01953 -0.04688
    -0.01172 -0.00391]
   [-0.04297 -0.03516 -0.01172 -0.01172 -0.01562 -0.02344 -0.04297
    -0.02734 -0.     ]
   [-0.02344 -0.01562 -0.00781  0.00391 -0.01172 -0.01562 -0.02344
    -0.01172  0.00391]
   [-0.00391 -0.00391  0.02344  0.05078  0.01562 -0.00391 -0.00391
    -0.00391  0.01172]
   [-0.01953 -0.04297 -0.       0.02344 -0.       0.00781 -0.00391
    -0.00781  0.01172]
   [-0.04688 -0.05078  0.01562  0.03125  0.       0.00781  0.00391
    -0.01562  0.     ]
   [-0.03516 -0.03906 -0.00391  0.00391 -0.01953 -0.02734 -0.02344
    -0.05469 -0.03906]
   [-0.01953 -0.02734 -0.03906 -0.03906 -0.03906 -0.05859 -0.04688
    -0.08984 -0.07031]
   [-0.04297 -0.04297 -0.05078 -0.04297 -0.03906 -0.05078 -0.05469
    -0.07812 -0.06641]]]


 [[[-0.      -0.      -0.      -0.      -0.       0.      -0.
     0.       0.     ]
   [ 0.       0.      -0.      -0.      -0.       0.      -0.
     0.       0.     ]
   [-0.      -0.      -0.      -0.      -0.      -0.      -0.
    -0.      -0.     ]
   [-0.      -0.       0.      -0.      -0.       0.       0.
     0.      -0.     ]
   [ 0.      -0.       0.      -0.       0.      -0.       0.
    -0.      -0.     ]
   [-0.       0.      -0.      -0.      -0.       0.       0.
     0.      -0.     ]
   [ 0.       0.       0.       0.       0.       0.       0.
     0.       0.     ]
   [-0.      -0.      -0.      -0.       0.       0.       0.
     0.      -0.     ]
   [ 0.      -0.      -0.       0.      -0.       0.       0.
     0.      -0.     ]]]


 [[[ 0.01953  0.      -0.02734 -0.02734 -0.03125 -0.02734 -0.01172
     0.01172  0.     ]
   [ 0.02344  0.01953 -0.00781 -0.       0.       0.00391  0.01172
     0.02734 -0.     ]
   [ 0.01953  0.01953 -0.00391  0.       0.01172  0.01953  0.02734
     0.02734 -0.00391]
   [ 0.04297  0.03906 -0.      -0.00391  0.00781  0.02734  0.03125
     0.02344  0.00391]
   [ 0.07031  0.07812  0.00781 -0.00781 -0.00781  0.00781  0.01953
     0.03125  0.00391]
   [ 0.03125  0.05469  0.00781 -0.      -0.00781 -0.00781 -0.00781
    -0.00391 -0.03125]
   [ 0.01953  0.03125  0.02734  0.04688  0.04297  0.02344  0.01953
     0.01562 -0.00391]
   [ 0.05078  0.08594  0.13281  0.16406  0.15625  0.11719  0.08594
     0.07812  0.05859]
   [ 0.0625   0.08203  0.07812  0.10156  0.13281  0.14453  0.12891
     0.12109  0.11719]]]


 [[[ 0.       0.      -0.      -0.       0.       0.       0.
     0.      -0.     ]
   [ 0.      -0.      -0.       0.      -0.      -0.      -0.
     0.       0.     ]
   [-0.       0.       0.       0.       0.      -0.       0.
     0.      -0.     ]
   [-0.       0.      -0.       0.       0.      -0.       0.
     0.       0.     ]
   [-0.       0.       0.       0.       0.      -0.      -0.
     0.      -0.     ]
   [-0.       0.       0.      -0.       0.      -0.      -0.
    -0.       0.     ]
   [ 0.       0.       0.       0.       0.      -0.       0.
     0.       0.     ]
   [ 0.       0.       0.      -0.       0.       0.      -0.
     0.      -0.     ]
   [-0.      -0.      -0.       0.       0.       0.       0.
     0.      -0.     ]]]]...
--------------------------------------------------------------------------------
[Bias] Layer: encoder5.block.1.0.fn.0 (QuantConv2d)
  Shape: (16,)
  Bit Width: 16.0
  Signed: True
  Scale: 3.0517578125e-05
  Sample Bias: [ 0.23389 -0.05551 -0.06784 -0.01846  0.      -0.02127  0.20584  0.
 -0.00085 -0.     ]...
################################################################################

