################################################################################
[Weight] Layer: encoder5.block.1.1.fn.0 (QuantConv2d)
  Shape: (16, 1, 9, 9)
  Bit Width: 8.0
  Signed: True
  Scale: 0.001953125
  Sample Weights: [[[[-0.06055 -0.03711 -0.00977  0.00195  0.02734  0.00781 -0.06445
    -0.0625  -0.08008]
   [-0.03125 -0.02539  0.01758 -0.00391 -0.00781 -0.01562 -0.03516
    -0.07422 -0.0625 ]
   [-0.00586 -0.07617 -0.01562  0.03711  0.02344 -0.01367  0.01953
    -0.01953 -0.05859]
   [ 0.00586 -0.07422 -0.08398 -0.00781  0.06641  0.02539 -0.02344
    -0.0332  -0.04102]
   [ 0.02344 -0.05469 -0.10352 -0.10742  0.00586  0.10352  0.02148
    -0.03711 -0.04688]
   [ 0.01172 -0.01953 -0.08594 -0.1875  -0.05078  0.06641  0.06641
    -0.02539 -0.03516]
   [ 0.01172 -0.00781 -0.08398 -0.15625 -0.11133  0.00195  0.03516
    -0.01172 -0.00977]
   [-0.00977 -0.00977 -0.02734 -0.05078 -0.0918  -0.04883 -0.00781
    -0.01172 -0.0332 ]
   [-0.06055 -0.03906 -0.01758  0.03516 -0.03906 -0.01172 -0.01562
    -0.00391 -0.04297]]]


 [[[ 0.11719  0.13477  0.14648  0.06641 -0.0332   0.00586 -0.01758
    -0.06836 -0.08008]
   [ 0.13477  0.16602  0.17188  0.04492 -0.10547 -0.0625  -0.07031
    -0.08789 -0.08203]
   [ 0.10156  0.13672  0.12305 -0.01562 -0.1582  -0.10156 -0.07812
    -0.06445 -0.06445]
   [ 0.06641  0.07617  0.03516 -0.08594 -0.16992 -0.11328 -0.06836
    -0.04492 -0.05859]
   [ 0.00781  0.00781 -0.04102 -0.10938 -0.12891 -0.08594 -0.0332
    -0.01172 -0.00977]
   [-0.03516 -0.04688 -0.07617 -0.0918  -0.09766 -0.03906  0.02734
     0.06836  0.08008]
   [-0.04102 -0.06836 -0.05664 -0.05664 -0.05469  0.03906  0.09375
     0.10742  0.13086]
   [-0.02734 -0.05859 -0.03516 -0.01562  0.00586  0.10742  0.14844
     0.12695  0.11328]
   [ 0.00977 -0.02539 -0.0293  -0.00586  0.03125  0.12695  0.12891
     0.0918   0.03906]]]


 [[[-0.07031 -0.04883 -0.05664 -0.10352 -0.05078 -0.03125 -0.01367
    -0.00977  0.00391]
   [-0.08008 -0.06055 -0.08594 -0.04102  0.00195  0.00586 -0.01953
    -0.01562  0.01953]
   [-0.08008 -0.07422 -0.05859  0.00977  0.04102  0.00977 -0.03125
     0.01953  0.03125]
   [-0.07812 -0.02539 -0.00586  0.24805  0.01562 -0.04102 -0.07031
     0.00977  0.05859]
   [-0.04492 -0.00586  0.01367  0.03125 -0.07812 -0.13086 -0.11523
    -0.02539  0.08203]
   [-0.05664 -0.03516 -0.01953 -0.01172 -0.14062 -0.15234 -0.03906
     0.01953  0.08008]
   [-0.03516 -0.0293  -0.01953 -0.02539 -0.0625  -0.03125  0.04297
     0.02734  0.07422]
   [-0.02734 -0.04492 -0.04492 -0.0332  -0.05664  0.01562  0.09766
     0.05664  0.07031]
   [-0.0332  -0.02148 -0.03711 -0.04297 -0.0332   0.03906  0.11328
     0.10547  0.08398]]]


 [[[-0.00391 -0.00391 -0.00195 -0.      -0.      -0.00195 -0.00195
    -0.00195 -0.00195]
   [-0.00391 -0.00391 -0.00195 -0.00195 -0.00195 -0.00195 -0.00391
    -0.00195 -0.00391]
   [-0.00391 -0.00391 -0.00195 -0.00195 -0.00391 -0.00391 -0.00391
    -0.00391 -0.00195]
   [-0.00586 -0.00391 -0.00195 -0.      -0.00195 -0.00195 -0.00391
    -0.00195 -0.00195]
   [-0.00586 -0.00586 -0.00195 -0.      -0.      -0.      -0.00195
    -0.00195 -0.00195]
   [-0.00781 -0.00781 -0.00781 -0.00391 -0.00195 -0.      -0.
    -0.      -0.     ]
   [-0.00586 -0.00977 -0.00977 -0.00977 -0.00781 -0.00586 -0.00195
    -0.00195 -0.00195]
   [-0.00195 -0.00781 -0.01172 -0.01172 -0.00977 -0.00977 -0.00586
    -0.00391 -0.00391]
   [-0.00195 -0.00391 -0.00781 -0.00781 -0.00781 -0.00781 -0.00586
    -0.00586 -0.00391]]]


 [[[ 0.      -0.      -0.      -0.      -0.       0.      -0.
     0.       0.     ]
   [ 0.       0.       0.       0.       0.       0.       0.
    -0.       0.     ]
   [ 0.      -0.      -0.       0.      -0.       0.       0.
     0.       0.     ]
   [-0.      -0.       0.      -0.       0.       0.       0.
     0.      -0.     ]
   [ 0.       0.       0.       0.      -0.       0.       0.
    -0.      -0.     ]
   [-0.      -0.       0.      -0.      -0.       0.       0.
    -0.      -0.     ]
   [ 0.      -0.       0.       0.       0.      -0.      -0.
    -0.       0.     ]
   [ 0.      -0.       0.      -0.      -0.       0.       0.
     0.       0.     ]
   [ 0.       0.       0.       0.       0.       0.       0.
     0.       0.     ]]]


 [[[ 0.07227  0.07422  0.06641  0.04102  0.00195 -0.00977 -0.02148
    -0.00586 -0.01172]
   [ 0.0625   0.08008  0.07031  0.02734 -0.00781 -0.03125 -0.03906
    -0.06055 -0.05664]
   [ 0.03906  0.05078  0.05273  0.04102  0.00977 -0.02344 -0.02734
    -0.0625  -0.07812]
   [ 0.00977 -0.       0.03516  0.0625   0.02539 -0.02734  0.00391
    -0.02148 -0.05859]
   [-0.01172 -0.03906  0.00977  0.03125  0.00391  0.03125  0.01953
    -0.01953 -0.0293 ]
   [ 0.      -0.01953 -0.03711 -0.07031 -0.03125  0.03711  0.04102
     0.01172  0.02539]
   [ 0.00586  0.00195 -0.03516 -0.08984 -0.04688  0.01758  0.05859
     0.05273  0.06055]
   [ 0.01562  0.0293  -0.01367 -0.05664 -0.06641 -0.01367  0.05469
     0.06641  0.07812]
   [ 0.02539  0.02344  0.01172  0.      -0.01172 -0.00391  0.0332
     0.05469  0.11133]]]


 [[[-0.       0.       0.       0.       0.      -0.       0.
     0.       0.     ]
   [ 0.       0.       0.       0.      -0.      -0.      -0.
    -0.       0.     ]
   [ 0.       0.       0.      -0.      -0.      -0.      -0.
    -0.      -0.     ]
   [ 0.       0.      -0.      -0.      -0.      -0.      -0.
    -0.      -0.     ]
   [-0.      -0.      -0.      -0.      -0.      -0.      -0.
    -0.      -0.     ]
   [-0.      -0.      -0.      -0.      -0.      -0.      -0.
    -0.      -0.     ]
   [-0.      -0.      -0.      -0.      -0.      -0.      -0.
    -0.      -0.     ]
   [-0.      -0.      -0.      -0.      -0.      -0.      -0.
    -0.      -0.     ]
   [-0.      -0.      -0.      -0.      -0.      -0.      -0.
    -0.      -0.     ]]]


 [[[-0.      -0.       0.       0.       0.      -0.      -0.
    -0.      -0.     ]
   [-0.       0.       0.       0.      -0.      -0.      -0.
     0.      -0.     ]
   [ 0.      -0.      -0.      -0.      -0.       0.      -0.
     0.       0.     ]
   [ 0.       0.       0.      -0.       0.       0.       0.
    -0.      -0.     ]
   [-0.      -0.       0.       0.       0.       0.      -0.
    -0.      -0.     ]
   [ 0.      -0.       0.      -0.       0.       0.      -0.
     0.      -0.     ]
   [-0.       0.       0.      -0.       0.       0.      -0.
     0.      -0.     ]
   [ 0.      -0.       0.       0.       0.       0.       0.
    -0.       0.     ]
   [ 0.       0.       0.      -0.       0.       0.      -0.
    -0.      -0.     ]]]


 [[[-0.01172  0.00781  0.00391 -0.00195 -0.00391 -0.01367 -0.02734
    -0.03125 -0.02734]
   [-0.02539  0.00977  0.0293   0.03125  0.01953  0.00195 -0.01758
    -0.0332  -0.04688]
   [-0.03516  0.00586  0.04492  0.05859  0.05078  0.02734 -0.
    -0.0332  -0.05859]
   [-0.03711  0.00781  0.05469  0.05859  0.05469  0.04688  0.03125
    -0.00195 -0.02344]
   [-0.05664 -0.00977  0.0293   0.0293   0.01562  0.01953  0.02148
     0.00977 -0.00391]
   [-0.02734  0.00781  0.04297  0.04883  0.03516  0.04102  0.04688
     0.04688  0.0332 ]
   [-0.04102 -0.01953  0.00195  0.03125  0.03125  0.01953  0.00586
     0.00391 -0.00586]
   [-0.125   -0.09766 -0.08203 -0.06445 -0.0625  -0.06836 -0.08789
    -0.08398 -0.07422]
   [-0.11523 -0.08008 -0.06836 -0.07031 -0.07812 -0.06445 -0.07617
    -0.07617 -0.06445]]]


 [[[-0.       0.       0.       0.       0.       0.       0.
     0.       0.     ]
   [-0.      -0.       0.       0.       0.       0.       0.
     0.       0.     ]
   [-0.      -0.       0.       0.       0.       0.       0.
     0.       0.     ]
   [ 0.       0.      -0.       0.       0.       0.       0.
     0.       0.     ]
   [ 0.       0.      -0.      -0.      -0.       0.       0.
     0.       0.     ]
   [ 0.       0.      -0.      -0.      -0.      -0.       0.
     0.       0.     ]
   [ 0.       0.       0.      -0.      -0.      -0.      -0.
    -0.       0.     ]
   [-0.       0.       0.       0.      -0.      -0.      -0.
    -0.      -0.     ]
   [-0.      -0.       0.       0.       0.       0.      -0.
    -0.      -0.     ]]]]...
--------------------------------------------------------------------------------
[Bias] Layer: encoder5.block.1.1.fn.0 (QuantConv2d)
  Shape: (16,)
  Bit Width: 16.0
  Signed: True
  Scale: 1.52587890625e-05
  Sample Bias: [ 0.43674 -0.00217  0.16068  0.04709 -0.       0.1172  -0.00139 -0.
  0.19475  0.     ]...
################################################################################

