################################################################################
[Weight] Layer: encoder5.block.1.5 (QuantConv2d)
  Shape: (16, 64, 1, 1)
  Bit Width: 8.0
  Signed: True
  Scale: 0.015625
  Sample Weights: [[[[-0.     ]]

  [[-0.03125]]

  [[-0.     ]]

  [[-0.     ]]

  [[ 0.     ]]

  [[ 0.     ]]

  [[ 0.0625 ]]

  [[-0.     ]]

  [[-0.     ]]

  [[-0.29688]]

  [[ 0.     ]]

  [[ 0.     ]]

  [[-0.15625]]

  [[ 0.     ]]

  [[-0.     ]]

  [[ 0.     ]]

  [[ 0.     ]]

  [[-0.     ]]

  [[ 0.     ]]

  [[ 0.     ]]

  [[-0.     ]]

  [[ 0.     ]]

  [[-0.     ]]

  [[-0.     ]]

  [[ 0.     ]]

  [[-0.     ]]

  [[-0.     ]]

  [[-0.     ]]

  [[-0.     ]]

  [[-0.     ]]

  [[ 0.     ]]

  [[ 0.26562]]

  [[-0.     ]]

  [[ 0.     ]]

  [[-0.     ]]

  [[ 0.     ]]

  [[-0.     ]]

  [[-0.     ]]

  [[ 0.     ]]

  [[ 0.     ]]

  [[-0.     ]]

  [[ 0.     ]]

  [[-0.     ]]

  [[ 0.     ]]

  [[-0.     ]]

  [[-0.04688]]

  [[ 0.     ]]

  [[ 1.5    ]]

  [[ 0.     ]]

  [[ 0.     ]]

  [[ 0.     ]]

  [[-0.01562]]

  [[-0.     ]]

  [[ 0.03125]]

  [[ 0.     ]]

  [[ 0.     ]]

  [[ 0.     ]]

  [[ 0.     ]]

  [[-0.     ]]

  [[ 0.     ]]

  [[-0.     ]]

  [[-0.     ]]

  [[ 0.     ]]

  [[-0.     ]]]


 [[[-0.     ]]

  [[ 0.14062]]

  [[-0.     ]]

  [[ 0.     ]]

  [[-0.     ]]

  [[-0.     ]]

  [[ 0.     ]]

  [[ 0.     ]]

  [[-0.     ]]

  [[-0.21875]]

  [[-0.     ]]

  [[-0.     ]]

  [[-0.09375]]

  [[-0.     ]]

  [[-0.     ]]

  [[ 0.     ]]

  [[-0.     ]]

  [[ 0.     ]]

  [[ 0.     ]]

  [[-0.     ]]

  [[-0.     ]]

  [[ 0.     ]]

  [[-0.     ]]

  [[ 0.     ]]

  [[ 0.     ]]

  [[ 0.     ]]

  [[ 0.     ]]

  [[-0.     ]]

  [[ 0.     ]]

  [[-0.     ]]

  [[ 0.     ]]

  [[-0.125  ]]

  [[-0.     ]]

  [[-0.     ]]

  [[-0.     ]]

  [[-0.     ]]

  [[-0.     ]]

  [[-0.     ]]

  [[-0.     ]]

  [[ 0.     ]]

  [[ 0.     ]]

  [[-0.     ]]

  [[-0.09375]]

  [[-0.     ]]

  [[-0.     ]]

  [[-0.09375]]

  [[ 0.     ]]

  [[ 0.14062]]

  [[-0.     ]]

  [[-0.     ]]

  [[ 0.04688]]

  [[-0.     ]]

  [[-0.     ]]

  [[ 0.     ]]

  [[ 0.     ]]

  [[-0.     ]]

  [[-0.     ]]

  [[-0.     ]]

  [[ 0.     ]]

  [[-0.     ]]

  [[-0.     ]]

  [[ 0.     ]]

  [[-0.     ]]

  [[ 0.     ]]]


 [[[-0.     ]]

  [[ 0.21875]]

  [[-0.     ]]

  [[ 0.     ]]

  [[-0.     ]]

  [[-0.     ]]

  [[-0.     ]]

  [[-0.     ]]

  [[-0.     ]]

  [[ 0.03125]]

  [[-0.     ]]

  [[ 0.     ]]

  [[-0.01562]]

  [[-0.     ]]

  [[-0.     ]]

  [[-0.     ]]

  [[-0.     ]]

  [[-0.     ]]

  [[ 0.     ]]

  [[-0.     ]]

  [[ 0.     ]]

  [[ 0.     ]]

  [[ 0.     ]]

  [[-0.     ]]

  [[-0.     ]]

  [[ 0.     ]]

  [[ 0.     ]]

  [[-0.     ]]

  [[ 0.     ]]

  [[ 0.     ]]

  [[ 0.     ]]

  [[-0.     ]]

  [[ 0.     ]]

  [[ 0.     ]]

  [[ 0.     ]]

  [[-0.     ]]

  [[-0.     ]]

  [[ 0.     ]]

  [[ 0.     ]]

  [[-0.     ]]

  [[-0.     ]]

  [[-0.     ]]

  [[-0.     ]]

  [[ 0.     ]]

  [[-0.     ]]

  [[-0.     ]]

  [[ 0.     ]]

  [[ 0.125  ]]

  [[-0.     ]]

  [[ 0.     ]]

  [[ 0.23438]]

  [[-0.     ]]

  [[-0.     ]]

  [[-0.     ]]

  [[ 0.     ]]

  [[ 0.     ]]

  [[ 0.     ]]

  [[ 0.     ]]

  [[-0.     ]]

  [[ 0.     ]]

  [[ 0.     ]]

  [[ 0.     ]]

  [[-0.     ]]

  [[-0.     ]]]


 [[[-0.     ]]

  [[-0.01562]]

  [[ 0.     ]]

  [[-0.     ]]

  [[ 0.     ]]

  [[-0.     ]]

  [[-0.     ]]

  [[ 0.     ]]

  [[-0.     ]]

  [[-0.17188]]

  [[ 0.     ]]

  [[-0.     ]]

  [[ 0.09375]]

  [[ 0.     ]]

  [[-0.     ]]

  [[-0.     ]]

  [[-0.     ]]

  [[ 0.     ]]

  [[-0.     ]]

  [[ 0.     ]]

  [[-0.     ]]

  [[ 0.     ]]

  [[ 0.     ]]

  [[-0.     ]]

  [[-0.     ]]

  [[-0.     ]]

  [[ 0.     ]]

  [[ 0.     ]]

  [[ 0.     ]]

  [[-0.     ]]

  [[-0.     ]]

  [[ 0.0625 ]]

  [[-0.     ]]

  [[-0.     ]]

  [[-0.     ]]

  [[ 0.     ]]

  [[-0.     ]]

  [[ 0.     ]]

  [[-0.     ]]

  [[ 0.     ]]

  [[-0.     ]]

  [[-0.     ]]

  [[-0.48438]]

  [[-0.     ]]

  [[-0.     ]]

  [[ 1.4375 ]]

  [[ 0.     ]]

  [[-0.03125]]

  [[ 0.     ]]

  [[-0.     ]]

  [[-0.04688]]

  [[ 0.53125]]

  [[ 0.     ]]

  [[ 0.09375]]

  [[ 0.     ]]

  [[ 0.     ]]

  [[-0.     ]]

  [[-0.     ]]

  [[ 0.     ]]

  [[-0.     ]]

  [[-0.     ]]

  [[ 0.     ]]

  [[ 0.     ]]

  [[-0.     ]]]


 [[[ 0.     ]]

  [[-0.0625 ]]

  [[ 0.     ]]

  [[-0.     ]]

  [[ 0.     ]]

  [[ 0.     ]]

  [[-0.0625 ]]

  [[ 0.     ]]

  [[-0.     ]]

  [[-0.03125]]

  [[ 0.     ]]

  [[ 0.     ]]

  [[ 0.17188]]

  [[-0.     ]]

  [[ 0.     ]]

  [[ 0.     ]]

  [[ 0.     ]]

  [[-0.     ]]

  [[ 0.     ]]

  [[ 0.     ]]

  [[-0.     ]]

  [[-0.     ]]

  [[-0.     ]]

  [[-0.     ]]

  [[-0.     ]]

  [[ 0.     ]]

  [[ 0.     ]]

  [[ 0.     ]]

  [[ 0.     ]]

  [[ 0.     ]]

  [[-0.     ]]

  [[ 0.125  ]]

  [[ 0.     ]]

  [[ 0.     ]]

  [[ 0.     ]]

  [[-0.     ]]

  [[-0.     ]]

  [[ 0.     ]]

  [[-0.     ]]

  [[ 0.     ]]

  [[-0.     ]]

  [[ 0.     ]]

  [[ 0.59375]]

  [[-0.     ]]

  [[ 0.     ]]

  [[-0.21875]]

  [[ 0.     ]]

  [[-0.03125]]

  [[ 0.     ]]

  [[ 0.     ]]

  [[ 0.     ]]

  [[-0.10938]]

  [[ 0.     ]]

  [[-0.03125]]

  [[ 0.     ]]

  [[-0.     ]]

  [[-0.     ]]

  [[ 0.     ]]

  [[ 0.     ]]

  [[ 0.     ]]

  [[-0.     ]]

  [[ 0.     ]]

  [[-0.     ]]

  [[-0.     ]]]


 [[[-0.     ]]

  [[-0.10938]]

  [[-0.     ]]

  [[ 0.     ]]

  [[-0.     ]]

  [[ 0.     ]]

  [[ 0.32812]]

  [[ 0.     ]]

  [[ 0.     ]]

  [[-0.01562]]

  [[-0.     ]]

  [[ 0.     ]]

  [[ 0.04688]]

  [[ 0.     ]]

  [[-0.     ]]

  [[ 0.     ]]

  [[-0.     ]]

  [[-0.     ]]

  [[-0.     ]]

  [[-0.     ]]

  [[-0.     ]]

  [[-0.     ]]

  [[-0.     ]]

  [[-0.     ]]

  [[ 0.     ]]

  [[ 0.     ]]

  [[-0.     ]]

  [[-0.     ]]

  [[ 0.     ]]

  [[-0.     ]]

  [[-0.     ]]

  [[ 0.79688]]

  [[ 0.     ]]

  [[-0.     ]]

  [[-0.     ]]

  [[-0.     ]]

  [[ 0.     ]]

  [[ 0.     ]]

  [[-0.     ]]

  [[ 0.     ]]

  [[-0.     ]]

  [[ 0.     ]]

  [[ 0.0625 ]]

  [[-0.     ]]

  [[-0.     ]]

  [[-0.01562]]

  [[-0.     ]]

  [[-0.10938]]

  [[ 0.     ]]

  [[ 0.     ]]

  [[-0.04688]]

  [[ 0.03125]]

  [[ 0.     ]]

  [[ 0.29688]]

  [[ 0.     ]]

  [[ 0.     ]]

  [[-0.     ]]

  [[-0.     ]]

  [[ 0.     ]]

  [[-0.     ]]

  [[-0.     ]]

  [[ 0.     ]]

  [[ 0.     ]]

  [[ 0.     ]]]


 [[[ 0.     ]]

  [[ 0.     ]]

  [[ 0.     ]]

  [[ 0.     ]]

  [[ 0.     ]]

  [[ 0.     ]]

  [[ 0.     ]]

  [[ 0.     ]]

  [[ 0.     ]]

  [[ 0.     ]]

  [[ 0.     ]]

  [[ 0.     ]]

  [[ 0.     ]]

  [[ 0.     ]]

  [[ 0.     ]]

  [[ 0.     ]]

  [[ 0.     ]]

  [[ 0.     ]]

  [[ 0.     ]]

  [[ 0.     ]]

  [[ 0.     ]]

  [[ 0.     ]]

  [[ 0.     ]]

  [[ 0.     ]]

  [[ 0.     ]]

  [[ 0.     ]]

  [[ 0.     ]]

  [[ 0.     ]]

  [[ 0.     ]]

  [[ 0.     ]]

  [[ 0.     ]]

  [[ 0.     ]]

  [[ 0.     ]]

  [[ 0.     ]]

  [[ 0.     ]]

  [[ 0.     ]]

  [[ 0.     ]]

  [[ 0.     ]]

  [[ 0.     ]]

  [[ 0.     ]]

  [[ 0.     ]]

  [[ 0.     ]]

  [[ 0.     ]]

  [[ 0.     ]]

  [[ 0.     ]]

  [[ 0.     ]]

  [[ 0.     ]]

  [[ 0.     ]]

  [[ 0.     ]]

  [[ 0.     ]]

  [[ 0.     ]]

  [[ 0.     ]]

  [[ 0.     ]]

  [[ 0.     ]]

  [[ 0.     ]]

  [[ 0.     ]]

  [[ 0.     ]]

  [[ 0.     ]]

  [[ 0.     ]]

  [[ 0.     ]]

  [[ 0.     ]]

  [[ 0.     ]]

  [[ 0.     ]]

  [[ 0.     ]]]


 [[[ 0.     ]]

  [[ 0.     ]]

  [[ 0.     ]]

  [[ 0.     ]]

  [[ 0.     ]]

  [[ 0.     ]]

  [[ 0.     ]]

  [[ 0.     ]]

  [[ 0.     ]]

  [[ 0.     ]]

  [[ 0.     ]]

  [[ 0.     ]]

  [[ 0.     ]]

  [[ 0.     ]]

  [[ 0.     ]]

  [[ 0.     ]]

  [[ 0.     ]]

  [[ 0.     ]]

  [[ 0.     ]]

  [[ 0.     ]]

  [[ 0.     ]]

  [[ 0.     ]]

  [[ 0.     ]]

  [[ 0.     ]]

  [[ 0.     ]]

  [[ 0.     ]]

  [[ 0.     ]]

  [[ 0.     ]]

  [[ 0.     ]]

  [[ 0.     ]]

  [[ 0.     ]]

  [[ 0.     ]]

  [[ 0.     ]]

  [[ 0.     ]]

  [[ 0.     ]]

  [[ 0.     ]]

  [[ 0.     ]]

  [[ 0.     ]]

  [[ 0.     ]]

  [[ 0.     ]]

  [[ 0.     ]]

  [[ 0.     ]]

  [[ 0.     ]]

  [[ 0.     ]]

  [[ 0.     ]]

  [[ 0.     ]]

  [[ 0.     ]]

  [[ 0.     ]]

  [[ 0.     ]]

  [[ 0.     ]]

  [[ 0.     ]]

  [[ 0.     ]]

  [[ 0.     ]]

  [[ 0.     ]]

  [[ 0.     ]]

  [[ 0.     ]]

  [[ 0.     ]]

  [[ 0.     ]]

  [[ 0.     ]]

  [[ 0.     ]]

  [[ 0.     ]]

  [[ 0.     ]]

  [[ 0.     ]]

  [[ 0.     ]]]


 [[[ 0.     ]]

  [[ 1.     ]]

  [[ 0.     ]]

  [[-0.     ]]

  [[ 0.     ]]

  [[-0.     ]]

  [[ 0.     ]]

  [[-0.     ]]

  [[-0.     ]]

  [[-0.23438]]

  [[ 0.     ]]

  [[-0.     ]]

  [[-0.1875 ]]

  [[-0.     ]]

  [[ 0.     ]]

  [[ 0.     ]]

  [[-0.     ]]

  [[-0.     ]]

  [[-0.     ]]

  [[ 0.     ]]

  [[-0.     ]]

  [[ 0.     ]]

  [[-0.     ]]

  [[-0.     ]]

  [[-0.     ]]

  [[-0.     ]]

  [[-0.     ]]

  [[ 0.     ]]

  [[ 0.     ]]

  [[-0.     ]]

  [[-0.     ]]

  [[-0.20312]]

  [[ 0.     ]]

  [[ 0.     ]]

  [[-0.     ]]

  [[ 0.     ]]

  [[ 0.     ]]

  [[-0.     ]]

  [[ 0.     ]]

  [[ 0.     ]]

  [[-0.     ]]

  [[-0.     ]]

  [[-0.15625]]

  [[ 0.     ]]

  [[-0.     ]]

  [[-0.07812]]

  [[-0.     ]]

  [[ 0.03125]]

  [[-0.     ]]

  [[-0.     ]]

  [[ 0.60938]]

  [[-0.     ]]

  [[-0.     ]]

  [[-0.     ]]

  [[ 0.     ]]

  [[-0.     ]]

  [[ 0.     ]]

  [[-0.     ]]

  [[-0.     ]]

  [[ 0.     ]]

  [[-0.     ]]

  [[-0.     ]]

  [[-0.     ]]

  [[-0.     ]]]


 [[[ 0.     ]]

  [[ 0.     ]]

  [[ 0.     ]]

  [[ 0.     ]]

  [[ 0.     ]]

  [[ 0.     ]]

  [[ 0.     ]]

  [[ 0.     ]]

  [[ 0.     ]]

  [[ 0.     ]]

  [[ 0.     ]]

  [[ 0.     ]]

  [[ 0.     ]]

  [[ 0.     ]]

  [[ 0.     ]]

  [[ 0.     ]]

  [[ 0.     ]]

  [[ 0.     ]]

  [[ 0.     ]]

  [[ 0.     ]]

  [[ 0.     ]]

  [[ 0.     ]]

  [[ 0.     ]]

  [[ 0.     ]]

  [[ 0.     ]]

  [[ 0.     ]]

  [[ 0.     ]]

  [[ 0.     ]]

  [[ 0.     ]]

  [[ 0.     ]]

  [[ 0.     ]]

  [[ 0.     ]]

  [[ 0.     ]]

  [[ 0.     ]]

  [[ 0.     ]]

  [[ 0.     ]]

  [[ 0.     ]]

  [[ 0.     ]]

  [[ 0.     ]]

  [[ 0.     ]]

  [[ 0.     ]]

  [[ 0.     ]]

  [[ 0.     ]]

  [[ 0.     ]]

  [[ 0.     ]]

  [[ 0.     ]]

  [[ 0.     ]]

  [[ 0.     ]]

  [[ 0.     ]]

  [[ 0.     ]]

  [[ 0.     ]]

  [[ 0.     ]]

  [[ 0.     ]]

  [[ 0.     ]]

  [[ 0.     ]]

  [[ 0.     ]]

  [[ 0.     ]]

  [[ 0.     ]]

  [[ 0.     ]]

  [[ 0.     ]]

  [[ 0.     ]]

  [[ 0.     ]]

  [[ 0.     ]]

  [[ 0.     ]]]]...
--------------------------------------------------------------------------------
[Bias] Layer: encoder5.block.1.5 (QuantConv2d)
  Shape: (16,)
  Bit Width: 16.0
  Signed: True
  Scale: 6.103515625e-05
  Sample Bias: [-0.07544  0.03918 -0.08032  0.05188 -0.01355 -0.01422  0.       0.
  0.01746 -0.     ]...
################################################################################

