################################################################################
[Weight] Layer: Up_conv5.conv.0 (QuantConv2d)
  Shape: (16, 16, 3, 3)
  Bit Width: 8.0
  Signed: True
  Scale: 0.001953125
  Sample Weights: [[[[ 0.       0.       0.     ]
   [ 0.       0.       0.     ]
   [ 0.       0.       0.     ]]

  [[ 0.       0.       0.     ]
   [ 0.       0.       0.     ]
   [ 0.       0.       0.     ]]

  [[ 0.       0.       0.     ]
   [ 0.       0.       0.     ]
   [ 0.       0.       0.     ]]

  ...

  [[ 0.       0.       0.     ]
   [ 0.       0.       0.     ]
   [ 0.       0.       0.     ]]

  [[ 0.       0.       0.     ]
   [ 0.       0.       0.     ]
   [ 0.       0.       0.     ]]

  [[ 0.       0.       0.     ]
   [ 0.       0.       0.     ]
   [ 0.       0.       0.     ]]]


 [[[ 0.       0.       0.     ]
   [ 0.       0.       0.     ]
   [ 0.       0.       0.     ]]

  [[ 0.       0.       0.     ]
   [ 0.       0.       0.     ]
   [ 0.       0.       0.     ]]

  [[ 0.       0.       0.     ]
   [ 0.       0.       0.     ]
   [ 0.       0.       0.     ]]

  ...

  [[ 0.       0.       0.     ]
   [ 0.       0.       0.     ]
   [ 0.       0.       0.     ]]

  [[ 0.       0.       0.     ]
   [ 0.       0.       0.     ]
   [ 0.       0.       0.     ]]

  [[ 0.       0.       0.     ]
   [ 0.       0.       0.     ]
   [ 0.       0.       0.     ]]]


 [[[ 0.       0.       0.     ]
   [ 0.       0.       0.     ]
   [ 0.       0.       0.     ]]

  [[ 0.       0.       0.     ]
   [ 0.       0.       0.     ]
   [ 0.       0.       0.     ]]

  [[ 0.       0.       0.     ]
   [ 0.       0.       0.     ]
   [ 0.       0.       0.     ]]

  ...

  [[ 0.       0.       0.     ]
   [ 0.       0.       0.     ]
   [ 0.       0.       0.     ]]

  [[ 0.       0.       0.     ]
   [ 0.       0.       0.     ]
   [ 0.       0.       0.     ]]

  [[ 0.       0.       0.     ]
   [ 0.       0.       0.     ]
   [ 0.       0.       0.     ]]]


 ...


 [[[-0.0293   0.22656 -0.08008]
   [-0.05078  0.03125 -0.16602]
   [-0.07812 -0.13086 -0.10742]]

  [[ 0.00781  0.08984  0.10938]
   [ 0.03516 -0.05469  0.00781]
   [-0.03125  0.07812  0.04688]]

  [[ 0.05273 -0.03516 -0.02539]
   [ 0.06445  0.09375  0.02734]
   [ 0.01172  0.00977  0.01172]]

  ...

  [[ 0.06055  0.17578  0.08203]
   [ 0.01758  0.14453  0.07422]
   [-0.01562  0.08984  0.00391]]

  [[ 0.0293   0.04492  0.01172]
   [ 0.01758  0.07227 -0.00391]
   [ 0.03906  0.02734 -0.04883]]

  [[-0.02344  0.02148 -0.02344]
   [-0.02539  0.0332  -0.02344]
   [-0.02344  0.02344 -0.02148]]]


 [[[ 0.01953  0.0332   0.00781]
   [-0.08984 -0.02344 -0.0625 ]
   [-0.05469  0.00781  0.0293 ]]

  [[ 0.08203  0.06445  0.06641]
   [ 0.01953 -0.04102  0.03516]
   [-0.01758 -0.07422 -0.06055]]

  [[-0.05078 -0.07227 -0.0625 ]
   [-0.01172 -0.00391 -0.01562]
   [ 0.11328  0.13086  0.03906]]

  ...

  [[-0.02539 -0.01172  0.00977]
   [-0.01953 -0.0293   0.00195]
   [-0.0332  -0.08398 -0.04297]]

  [[-0.02539 -0.00586  0.00195]
   [ 0.00977 -0.00586  0.03711]
   [ 0.03125  0.06055  0.08008]]

  [[ 0.02539  0.01562  0.05664]
   [-0.00195 -0.00195  0.05664]
   [-0.03516 -0.04102  0.08203]]]


 [[[ 0.02539  0.12891  0.01172]
   [ 0.01758  0.04297  0.02734]
   [-0.06836 -0.13281 -0.05469]]

  [[-0.13086 -0.0625   0.02148]
   [-0.06445 -0.08203 -0.01172]
   [-0.06445 -0.06641 -0.02734]]

  [[-0.09766 -0.14258 -0.17383]
   [-0.07227 -0.02344 -0.08984]
   [-0.08398 -0.02734 -0.05078]]

  ...

  [[ 0.04688  0.07617  0.05469]
   [ 0.00195 -0.01562 -0.0332 ]
   [-0.04102 -0.08594 -0.11719]]

  [[-0.      -0.00195 -0.0332 ]
   [ 0.03711  0.04688 -0.01953]
   [ 0.03906  0.05273  0.00977]]

  [[-0.03125 -0.05859 -0.06445]
   [-0.03906 -0.02344 -0.01953]
   [ 0.02539  0.05664  0.04883]]]]...
--------------------------------------------------------------------------------
[Bias] Layer: Up_conv5.conv.0 (QuantConv2d)
  Shape: (16,)
  Bit Width: 16.0
  Signed: True
  Scale: 6.103515625e-05
  Sample Bias: [-0.       0.       0.       0.36572  0.39368  0.06799  0.13763  0.01312
 -0.04443  0.1142 ]...
################################################################################

