################################################################################
[Weight] Layer: encoder1.block.0.2 (QuantConv2d)
  Shape: (32, 8, 1, 1)
  Bit Width: 8.0
  Signed: True
  Scale: 0.0078125
  Sample Weights: [[[[-0.21094]]

  [[-0.17188]]

  [[ 0.32031]]

  [[-0.17188]]

  [[-0.16406]]

  [[-0.02344]]

  [[-0.26562]]

  [[-0.14844]]]


 [[[-0.23438]]

  [[-0.21875]]

  [[ 0.03906]]

  [[ 0.36719]]

  [[-0.11719]]

  [[ 0.21875]]

  [[ 0.01562]]

  [[ 0.13281]]]


 [[[ 0.07031]]

  [[ 0.05469]]

  [[-0.21094]]

  [[-0.375  ]]

  [[-0.3125 ]]

  [[-0.14844]]

  [[ 0.14844]]

  [[ 0.03125]]]


 [[[ 0.     ]]

  [[-0.23438]]

  [[ 0.24219]]

  [[-0.25   ]]

  [[-0.34375]]

  [[-0.13281]]

  [[ 0.0625 ]]

  [[ 0.14062]]]


 [[[-0.61719]]

  [[-0.11719]]

  [[ 0.11719]]

  [[-0.25   ]]

  [[ 0.09375]]

  [[ 0.17188]]

  [[-0.03125]]

  [[-0.01562]]]


 [[[ 0.02344]]

  [[-0.14844]]

  [[-0.07031]]

  [[-0.20312]]

  [[-0.08594]]

  [[-0.14062]]

  [[ 0.17188]]

  [[-0.59375]]]


 [[[ 0.0625 ]]

  [[-0.23438]]

  [[ 0.40625]]

  [[-0.17969]]

  [[-0.28906]]

  [[ 0.03125]]

  [[ 0.38281]]

  [[ 0.07031]]]


 [[[-0.17969]]

  [[-0.10938]]

  [[ 0.07031]]

  [[ 0.08594]]

  [[-0.25   ]]

  [[-0.14062]]

  [[-0.29688]]

  [[-0.32031]]]


 [[[-0.17969]]

  [[-0.03906]]

  [[ 0.13281]]

  [[ 0.     ]]

  [[ 0.04688]]

  [[ 0.05469]]

  [[-0.1875 ]]

  [[-0.32812]]]


 [[[-0.01562]]

  [[ 0.39844]]

  [[ 0.03125]]

  [[ 0.49219]]

  [[ 0.07031]]

  [[ 0.14844]]

  [[-0.07812]]

  [[-0.04688]]]]...
--------------------------------------------------------------------------------
[Bias] Layer: encoder1.block.0.2 (QuantConv2d)
  Shape: (32,)
  Bit Width: 16.0
  Signed: True
  Scale: 0.00048828125
  Sample Bias: [ 1.44238 -0.34326  0.61816  1.07617  0.56494  0.86035 -0.32324  1.48535
  0.52441 -1.19238]...
################################################################################

