################################################################################
[Weight] Layer: Up4.up.1 (QuantConv2d)
  Shape: (16, 16, 3, 3)
  Bit Width: 8.0
  Signed: True
  Scale: 0.001953125
  Sample Weights: [[[[ 0.00391  0.00781  0.00781]
   [-0.00781 -0.00195  0.     ]
   [-0.01758 -0.01172 -0.00781]]

  [[ 0.      -0.       0.     ]
   [ 0.      -0.      -0.     ]
   [-0.       0.      -0.     ]]

  [[-0.00195 -0.00781 -0.01172]
   [-0.00586 -0.01172 -0.01562]
   [-0.00781 -0.01367 -0.01758]]

  ...

  [[ 0.       0.       0.     ]
   [ 0.       0.       0.     ]
   [ 0.       0.       0.     ]]

  [[ 0.       0.       0.     ]
   [ 0.       0.       0.     ]
   [ 0.       0.       0.     ]]

  [[-0.00781 -0.00391 -0.00391]
   [-0.00586 -0.00195 -0.     ]
   [-0.00586 -0.00195  0.00195]]]


 [[[-0.01562  0.01562  0.04883]
   [ 0.01953  0.05273  0.07422]
   [ 0.04297  0.06641  0.08008]]

  [[ 0.      -0.       0.     ]
   [-0.      -0.      -0.     ]
   [ 0.      -0.      -0.     ]]

  [[ 0.01562  0.04883  0.09766]
   [ 0.06055  0.08789  0.12695]
   [ 0.0293   0.04297  0.07031]]

  ...

  [[-0.      -0.      -0.     ]
   [ 0.      -0.      -0.     ]
   [-0.      -0.      -0.     ]]

  [[ 0.       0.      -0.     ]
   [ 0.      -0.       0.     ]
   [-0.       0.       0.     ]]

  [[ 0.01367  0.00781  0.     ]
   [-0.01562 -0.02734 -0.03516]
   [-0.05859 -0.07031 -0.07617]]]


 [[[ 0.       0.       0.     ]
   [ 0.       0.       0.     ]
   [ 0.       0.       0.     ]]

  [[ 0.       0.       0.     ]
   [ 0.       0.       0.     ]
   [ 0.       0.       0.     ]]

  [[ 0.       0.       0.     ]
   [ 0.       0.       0.     ]
   [ 0.       0.       0.     ]]

  ...

  [[ 0.       0.       0.     ]
   [ 0.       0.       0.     ]
   [ 0.       0.       0.     ]]

  [[ 0.       0.       0.     ]
   [ 0.       0.       0.     ]
   [ 0.       0.       0.     ]]

  [[ 0.       0.       0.     ]
   [ 0.       0.       0.     ]
   [ 0.       0.       0.     ]]]


 ...


 [[[ 0.07422  0.01367 -0.00195]
   [ 0.11133  0.06641  0.04883]
   [ 0.13086  0.09961  0.08008]]

  [[-0.       0.      -0.     ]
   [-0.      -0.       0.     ]
   [-0.      -0.      -0.     ]]

  [[ 0.02148  0.02344  0.02734]
   [-0.01758 -0.02148 -0.01367]
   [-0.05273 -0.0625  -0.05469]]

  ...

  [[-0.      -0.      -0.     ]
   [-0.      -0.      -0.     ]
   [-0.      -0.       0.     ]]

  [[ 0.      -0.      -0.     ]
   [ 0.      -0.      -0.     ]
   [ 0.       0.       0.     ]]

  [[ 0.00586 -0.0625  -0.08008]
   [ 0.00977 -0.04102 -0.04883]
   [ 0.03711 -0.00195 -0.00977]]]


 [[[-0.07617 -0.08398 -0.08984]
   [-0.05469 -0.06836 -0.07227]
   [-0.04102 -0.05664 -0.05859]]

  [[ 0.       0.       0.     ]
   [-0.      -0.      -0.     ]
   [ 0.      -0.       0.     ]]

  [[-0.00977 -0.02734 -0.01562]
   [ 0.01562  0.00586  0.02148]
   [ 0.03906  0.03711  0.04883]]

  ...

  [[-0.      -0.      -0.     ]
   [-0.      -0.      -0.     ]
   [-0.      -0.       0.     ]]

  [[-0.       0.      -0.     ]
   [-0.       0.       0.     ]
   [ 0.       0.      -0.     ]]

  [[-0.06641 -0.01562  0.02539]
   [-0.0332  -0.01562 -0.00391]
   [-0.02344 -0.03711 -0.05273]]]


 [[[-0.       0.       0.     ]
   [-0.      -0.       0.     ]
   [-0.      -0.      -0.     ]]

  [[ 0.      -0.      -0.     ]
   [-0.       0.      -0.     ]
   [ 0.      -0.       0.     ]]

  [[-0.      -0.      -0.     ]
   [-0.      -0.      -0.     ]
   [-0.      -0.      -0.     ]]

  ...

  [[-0.      -0.      -0.     ]
   [-0.      -0.      -0.     ]
   [-0.      -0.       0.     ]]

  [[-0.       0.      -0.     ]
   [-0.      -0.      -0.     ]
   [-0.      -0.      -0.     ]]

  [[-0.00195 -0.      -0.     ]
   [-0.00195 -0.      -0.     ]
   [-0.00195 -0.      -0.     ]]]]...
--------------------------------------------------------------------------------
[Bias] Layer: Up4.up.1 (QuantConv2d)
  Shape: (16,)
  Bit Width: 16.0
  Signed: True
  Scale: 3.0517578125e-05
  Sample Bias: [ 0.02402  0.11563  0.       0.07877  0.18378 -0.01596  0.19223  0.06631
  0.27591 -0.00412]...
################################################################################

