################################################################################
[Weight] Layer: Up_conv4.conv.3 (QuantConv2d)
  Shape: (64, 16, 1, 1)
  Bit Width: 8.0
  Signed: True
  Scale: 0.0078125
  Sample Weights: [[[[ 0.15625]]

  [[-0.04688]]

  [[ 0.11719]]

  [[ 0.125  ]]

  [[-0.19531]]

  [[-0.16406]]

  [[-0.375  ]]

  [[ 0.15625]]

  [[ 0.14844]]

  [[ 0.24219]]

  [[ 0.10938]]

  [[-0.02344]]

  [[-0.05469]]

  [[ 0.     ]]

  [[ 0.33594]]

  [[ 0.3125 ]]]


 [[[ 0.125  ]]

  [[-0.11719]]

  [[-0.00781]]

  [[ 0.30469]]

  [[ 0.17188]]

  [[ 0.     ]]

  [[-0.01562]]

  [[-0.03125]]

  [[ 0.125  ]]

  [[ 0.08594]]

  [[-0.125  ]]

  [[ 0.14062]]

  [[ 0.125  ]]

  [[ 0.08594]]

  [[-0.10156]]

  [[ 0.10156]]]


 [[[-0.04688]]

  [[ 0.04688]]

  [[-0.10938]]

  [[ 0.28125]]

  [[ 0.08594]]

  [[-0.15625]]

  [[-0.20312]]

  [[-0.03906]]

  [[-0.05469]]

  [[ 0.07031]]

  [[-0.14062]]

  [[-0.00781]]

  [[ 0.11719]]

  [[-0.     ]]

  [[ 0.27344]]

  [[-0.03906]]]


 [[[ 0.     ]]

  [[-0.     ]]

  [[ 0.     ]]

  [[-0.     ]]

  [[ 0.     ]]

  [[ 0.     ]]

  [[ 0.     ]]

  [[ 0.     ]]

  [[-0.     ]]

  [[ 0.     ]]

  [[ 0.     ]]

  [[-0.     ]]

  [[-0.     ]]

  [[-0.     ]]

  [[ 0.     ]]

  [[ 0.     ]]]


 [[[-0.20312]]

  [[ 0.03906]]

  [[-0.07031]]

  [[ 0.10938]]

  [[-0.13281]]

  [[ 0.22656]]

  [[-0.21094]]

  [[ 0.00781]]

  [[-0.03125]]

  [[ 0.21875]]

  [[-0.10156]]

  [[-0.10156]]

  [[-0.08594]]

  [[-0.01562]]

  [[-0.02344]]

  [[ 0.03906]]]


 [[[ 0.20312]]

  [[-0.13281]]

  [[ 0.     ]]

  [[ 0.22656]]

  [[-0.11719]]

  [[ 0.03906]]

  [[-0.07812]]

  [[-0.125  ]]

  [[-0.10156]]

  [[-0.11719]]

  [[ 0.27344]]

  [[-0.03906]]

  [[ 0.29688]]

  [[-0.0625 ]]

  [[-0.03125]]

  [[-0.07031]]]


 [[[ 0.04688]]

  [[-0.03906]]

  [[-0.03906]]

  [[ 0.     ]]

  [[-0.04688]]

  [[-0.01562]]

  [[ 0.01562]]

  [[-0.03906]]

  [[-0.00781]]

  [[ 0.10156]]

  [[-0.08594]]

  [[-0.03906]]

  [[-0.0625 ]]

  [[ 0.     ]]

  [[-0.02344]]

  [[ 0.04688]]]


 [[[ 0.15625]]

  [[-0.1875 ]]

  [[-0.08594]]

  [[ 0.0625 ]]

  [[ 0.03125]]

  [[-0.19531]]

  [[-0.09375]]

  [[ 0.0625 ]]

  [[-0.27344]]

  [[-0.21094]]

  [[-0.125  ]]

  [[-0.03125]]

  [[-0.15625]]

  [[-0.05469]]

  [[ 0.     ]]

  [[ 0.     ]]]


 [[[-0.22656]]

  [[-0.10156]]

  [[ 0.04688]]

  [[-0.28125]]

  [[-0.01562]]

  [[ 0.4375 ]]

  [[-0.13281]]

  [[-0.14062]]

  [[-0.14062]]

  [[-0.125  ]]

  [[-0.05469]]

  [[-0.03906]]

  [[-0.21094]]

  [[-0.09375]]

  [[ 0.21875]]

  [[ 0.15625]]]


 [[[ 0.     ]]

  [[ 0.     ]]

  [[ 0.     ]]

  [[ 0.     ]]

  [[ 0.     ]]

  [[ 0.     ]]

  [[ 0.     ]]

  [[ 0.     ]]

  [[ 0.     ]]

  [[ 0.     ]]

  [[ 0.     ]]

  [[ 0.     ]]

  [[ 0.     ]]

  [[ 0.     ]]

  [[ 0.     ]]

  [[ 0.     ]]]]...
--------------------------------------------------------------------------------
[Bias] Layer: Up_conv4.conv.3 (QuantConv2d)
  Shape: (64,)
  Bit Width: 16.0
  Signed: True
  Scale: 0.0001220703125
  Sample Bias: [-0.22546 -0.18958 -0.16541 -0.       0.05383 -0.12952  0.04834  0.26855
  0.10889  0.     ]...
################################################################################

