################################################################################
[Weight] Layer: Up_conv4.conv.6 (QuantConv2d)
  Shape: (16, 64, 1, 1)
  Bit Width: 8.0
  Signed: True
  Scale: 0.0078125
  Sample Weights: [[[[-0.04688]]

  [[-0.10156]]

  [[ 0.23438]]

  [[-0.     ]]

  [[-0.04688]]

  [[-0.50781]]

  [[ 0.01562]]

  [[ 0.19531]]

  [[ 0.16406]]

  [[ 0.     ]]

  [[ 0.02344]]

  [[-0.     ]]

  [[ 0.     ]]

  [[ 0.07812]]

  [[-0.01562]]

  [[ 0.     ]]

  [[ 0.03125]]

  [[ 0.23438]]

  [[ 0.20312]]

  [[ 0.29688]]

  [[ 0.25   ]]

  [[-0.14844]]

  [[-0.3125 ]]

  [[-0.30469]]

  [[ 0.04688]]

  [[-0.35938]]

  [[ 0.03125]]

  [[ 0.     ]]

  [[-0.05469]]

  [[ 0.15625]]

  [[-0.09375]]

  [[-0.03125]]

  [[-0.     ]]

  [[-0.03906]]

  [[ 0.14844]]

  [[-0.125  ]]

  [[-0.     ]]

  [[ 0.04688]]

  [[-0.03125]]

  [[-0.15625]]

  [[-0.46094]]

  [[ 0.14062]]

  [[-0.07812]]

  [[ 0.375  ]]

  [[-0.25781]]

  [[-0.     ]]

  [[ 0.15625]]

  [[ 0.5625 ]]

  [[-0.17188]]

  [[ 0.23438]]

  [[-0.23438]]

  [[ 0.00781]]

  [[-0.10156]]

  [[-0.07031]]

  [[-0.10156]]

  [[-0.11719]]

  [[ 0.29688]]

  [[-0.     ]]

  [[ 0.3125 ]]

  [[-0.21875]]

  [[-0.04688]]

  [[ 0.00781]]

  [[-0.45312]]

  [[ 0.23438]]]


 [[[ 0.25   ]]

  [[ 0.01562]]

  [[ 0.10938]]

  [[-0.     ]]

  [[ 0.23438]]

  [[-0.09375]]

  [[ 0.     ]]

  [[ 0.01562]]

  [[ 0.01562]]

  [[ 0.     ]]

  [[-0.02344]]

  [[ 0.     ]]

  [[ 0.     ]]

  [[-0.00781]]

  [[ 0.25781]]

  [[-0.17969]]

  [[ 0.26562]]

  [[ 0.11719]]

  [[-0.0625 ]]

  [[ 0.17188]]

  [[-0.375  ]]

  [[ 0.13281]]

  [[-0.02344]]

  [[ 0.32031]]

  [[-0.17969]]

  [[-0.08594]]

  [[ 0.27344]]

  [[ 0.     ]]

  [[-0.01562]]

  [[-0.19531]]

  [[ 0.24219]]

  [[-0.01562]]

  [[ 0.     ]]

  [[ 0.00781]]

  [[-0.14062]]

  [[-0.10156]]

  [[ 0.     ]]

  [[ 0.125  ]]

  [[ 0.     ]]

  [[-0.10156]]

  [[-0.05469]]

  [[-0.10156]]

  [[ 0.00781]]

  [[-0.     ]]

  [[ 0.25   ]]

  [[ 0.     ]]

  [[ 0.07031]]

  [[-0.0625 ]]

  [[ 0.23438]]

  [[-0.17969]]

  [[-0.02344]]

  [[ 0.125  ]]

  [[-0.20312]]

  [[ 0.     ]]

  [[ 0.04688]]

  [[ 0.00781]]

  [[ 0.20312]]

  [[-0.     ]]

  [[ 0.05469]]

  [[ 0.08594]]

  [[ 0.28125]]

  [[ 0.00781]]

  [[-0.125  ]]

  [[-0.01562]]]


 [[[ 0.01562]]

  [[-0.00781]]

  [[-0.00781]]

  [[ 0.     ]]

  [[-0.02344]]

  [[-0.02344]]

  [[-0.01562]]

  [[ 0.04688]]

  [[-0.03906]]

  [[-0.     ]]

  [[-0.03125]]

  [[-0.     ]]

  [[-0.     ]]

  [[-0.07812]]

  [[-0.01562]]

  [[-0.16406]]

  [[ 0.00781]]

  [[-0.0625 ]]

  [[-0.     ]]

  [[-0.04688]]

  [[-0.07031]]

  [[-0.02344]]

  [[-0.01562]]

  [[-0.03906]]

  [[-0.00781]]

  [[-0.03906]]

  [[-0.05469]]

  [[-0.     ]]

  [[-0.08594]]

  [[-0.125  ]]

  [[ 0.     ]]

  [[-0.04688]]

  [[ 0.     ]]

  [[-0.     ]]

  [[ 0.     ]]

  [[-0.07031]]

  [[ 0.     ]]

  [[-0.08594]]

  [[-0.00781]]

  [[-0.03906]]

  [[-0.     ]]

  [[-0.03125]]

  [[ 0.04688]]

  [[-0.03906]]

  [[-0.     ]]

  [[ 0.     ]]

  [[-0.01562]]

  [[-0.07031]]

  [[-0.01562]]

  [[ 0.00781]]

  [[ 0.0625 ]]

  [[-0.0625 ]]

  [[ 0.01562]]

  [[-0.01562]]

  [[-0.01562]]

  [[-0.03906]]

  [[ 0.16406]]

  [[-0.     ]]

  [[ 0.21094]]

  [[-0.02344]]

  [[-0.03906]]

  [[ 0.00781]]

  [[-0.0625 ]]

  [[-0.00781]]]


 [[[-0.14062]]

  [[-0.07031]]

  [[ 0.     ]]

  [[ 0.     ]]

  [[-0.03906]]

  [[-0.23438]]

  [[-0.03125]]

  [[ 0.0625 ]]

  [[-0.10156]]

  [[-0.     ]]

  [[ 0.4375 ]]

  [[ 0.     ]]

  [[-0.     ]]

  [[ 0.15625]]

  [[-0.14062]]

  [[ 0.00781]]

  [[-0.02344]]

  [[ 0.50781]]

  [[-0.     ]]

  [[ 0.24219]]

  [[-0.15625]]

  [[-0.03906]]

  [[-0.25   ]]

  [[-0.0625 ]]

  [[ 0.01562]]

  [[-0.21875]]

  [[-0.21094]]

  [[ 0.     ]]

  [[ 0.11719]]

  [[-0.33594]]

  [[-0.02344]]

  [[-0.20312]]

  [[-0.     ]]

  [[ 0.375  ]]

  [[-0.10156]]

  [[-0.15625]]

  [[ 0.     ]]

  [[-0.04688]]

  [[ 0.14062]]

  [[-0.22656]]

  [[ 0.15625]]

  [[-0.04688]]

  [[ 0.14844]]

  [[ 0.24219]]

  [[-0.04688]]

  [[-0.     ]]

  [[-0.10156]]

  [[ 0.00781]]

  [[-0.     ]]

  [[-0.14844]]

  [[-0.08594]]

  [[ 0.21875]]

  [[ 0.00781]]

  [[-0.24219]]

  [[-0.02344]]

  [[ 0.07031]]

  [[-0.20312]]

  [[-0.     ]]

  [[ 0.10938]]

  [[-0.0625 ]]

  [[-0.02344]]

  [[ 0.07812]]

  [[-0.14062]]

  [[-0.20312]]]


 [[[ 0.47656]]

  [[-0.15625]]

  [[ 0.     ]]

  [[ 0.     ]]

  [[-0.02344]]

  [[ 0.25   ]]

  [[ 0.01562]]

  [[ 0.14062]]

  [[-0.01562]]

  [[-0.     ]]

  [[-0.15625]]

  [[-0.     ]]

  [[ 0.     ]]

  [[-0.07812]]

  [[ 0.3125 ]]

  [[-0.17969]]

  [[-0.17969]]

  [[-0.03906]]

  [[-0.01562]]

  [[-0.05469]]

  [[-0.20312]]

  [[ 0.13281]]

  [[ 0.13281]]

  [[-0.03125]]

  [[ 0.13281]]

  [[ 0.21875]]

  [[ 0.1875 ]]

  [[-0.     ]]

  [[-0.04688]]

  [[ 0.24219]]

  [[-0.16406]]

  [[-0.24219]]

  [[ 0.     ]]

  [[-0.08594]]

  [[ 0.11719]]

  [[ 0.10156]]

  [[-0.     ]]

  [[ 0.09375]]

  [[-0.03906]]

  [[ 0.11719]]

  [[-0.10156]]

  [[-0.00781]]

  [[-0.125  ]]

  [[ 0.26562]]

  [[ 0.19531]]

  [[ 0.     ]]

  [[-0.10938]]

  [[ 0.25   ]]

  [[ 0.20312]]

  [[-0.19531]]

  [[-0.19531]]

  [[-0.03906]]

  [[-0.05469]]

  [[ 0.19531]]

  [[-0.02344]]

  [[-0.125  ]]

  [[ 0.15625]]

  [[-0.     ]]

  [[ 0.0625 ]]

  [[ 0.52344]]

  [[-0.08594]]

  [[ 0.02344]]

  [[-0.03906]]

  [[ 0.03906]]]


 [[[ 0.26562]]

  [[-0.03906]]

  [[ 0.24219]]

  [[-0.     ]]

  [[ 0.42969]]

  [[-0.03125]]

  [[-0.00781]]

  [[-0.16406]]

  [[ 0.11719]]

  [[-0.     ]]

  [[-0.125  ]]

  [[-0.     ]]

  [[-0.     ]]

  [[ 0.45312]]

  [[ 0.07031]]

  [[ 0.57031]]

  [[-0.00781]]

  [[ 0.07031]]

  [[-0.02344]]

  [[ 0.00781]]

  [[ 0.17969]]

  [[-0.03125]]

  [[ 0.04688]]

  [[-0.24219]]

  [[-0.00781]]

  [[-0.07812]]

  [[-0.21094]]

  [[ 0.     ]]

  [[-0.14844]]

  [[-0.17188]]

  [[ 0.125  ]]

  [[-0.14062]]

  [[ 0.     ]]

  [[ 0.02344]]

  [[-0.34375]]

  [[ 0.01562]]

  [[ 0.     ]]

  [[ 0.1875 ]]

  [[-0.00781]]

  [[ 0.22656]]

  [[-0.07031]]

  [[-0.15625]]

  [[-0.0625 ]]

  [[-0.14844]]

  [[ 0.03906]]

  [[ 0.     ]]

  [[ 0.20312]]

  [[-0.09375]]

  [[-0.11719]]

  [[-0.03125]]

  [[ 0.21875]]

  [[-0.0625 ]]

  [[-0.14062]]

  [[-0.07031]]

  [[-0.03125]]

  [[-0.17969]]

  [[ 0.24219]]

  [[-0.     ]]

  [[ 0.17969]]

  [[-0.0625 ]]

  [[-0.0625 ]]

  [[-0.01562]]

  [[ 0.27344]]

  [[-0.05469]]]


 [[[-0.13281]]

  [[-0.02344]]

  [[ 0.0625 ]]

  [[ 0.     ]]

  [[ 0.07031]]

  [[ 0.05469]]

  [[ 0.13281]]

  [[ 0.15625]]

  [[ 0.125  ]]

  [[ 0.     ]]

  [[-0.125  ]]

  [[ 0.     ]]

  [[-0.     ]]

  [[ 0.1875 ]]

  [[-0.00781]]

  [[ 0.3125 ]]

  [[ 0.03125]]

  [[ 0.35156]]

  [[-0.10938]]

  [[ 0.22656]]

  [[-0.0625 ]]

  [[-0.03906]]

  [[ 0.30469]]

  [[-0.16406]]

  [[ 0.     ]]

  [[ 0.     ]]

  [[ 0.15625]]

  [[ 0.     ]]

  [[-0.125  ]]

  [[ 0.10156]]

  [[-0.     ]]

  [[ 0.55469]]

  [[ 0.     ]]

  [[ 0.25781]]

  [[ 0.10156]]

  [[ 0.10938]]

  [[ 0.     ]]

  [[-0.02344]]

  [[-0.05469]]

  [[-0.46094]]

  [[-0.05469]]

  [[-0.01562]]

  [[ 0.05469]]

  [[-0.07031]]

  [[-0.08594]]

  [[ 0.     ]]

  [[-0.23438]]

  [[-0.32031]]

  [[-0.07031]]

  [[ 0.03125]]

  [[-0.07031]]

  [[ 0.22656]]

  [[ 0.03125]]

  [[ 0.03125]]

  [[-0.125  ]]

  [[-0.42969]]

  [[-0.13281]]

  [[ 0.     ]]

  [[ 0.07812]]

  [[-0.28125]]

  [[ 0.35156]]

  [[-0.03906]]

  [[-0.04688]]

  [[-0.14844]]]


 [[[ 0.25   ]]

  [[-0.00781]]

  [[ 0.0625 ]]

  [[ 0.     ]]

  [[ 0.08594]]

  [[-0.125  ]]

  [[-0.05469]]

  [[-0.21094]]

  [[ 0.41406]]

  [[ 0.     ]]

  [[-0.16406]]

  [[-0.     ]]

  [[ 0.     ]]

  [[ 0.71875]]

  [[-0.07031]]

  [[ 0.03125]]

  [[-0.02344]]

  [[ 0.33594]]

  [[-0.00781]]

  [[-0.21875]]

  [[ 0.15625]]

  [[-0.22656]]

  [[ 0.07031]]

  [[ 0.20312]]

  [[ 0.07031]]

  [[-0.03125]]

  [[ 0.25   ]]

  [[-0.     ]]

  [[-0.19531]]

  [[-0.14062]]

  [[-0.03125]]

  [[-0.21875]]

  [[-0.     ]]

  [[-0.14062]]

  [[-0.48438]]

  [[-0.5625 ]]

  [[-0.     ]]

  [[-0.27344]]

  [[ 0.125  ]]

  [[-0.0625 ]]

  [[ 0.25781]]

  [[-0.29688]]

  [[-0.38281]]

  [[ 0.07031]]

  [[-0.0625 ]]

  [[ 0.     ]]

  [[-0.35938]]

  [[ 0.10156]]

  [[ 0.52344]]

  [[-0.10938]]

  [[-0.20312]]

  [[-0.15625]]

  [[ 0.15625]]

  [[ 0.1875 ]]

  [[-0.32812]]

  [[ 0.03906]]

  [[-0.16406]]

  [[ 0.     ]]

  [[-0.11719]]

  [[-0.24219]]

  [[ 0.30469]]

  [[-0.03906]]

  [[ 0.14062]]

  [[-0.0625 ]]]


 [[[ 0.14062]]

  [[-0.03125]]

  [[ 0.14062]]

  [[ 0.     ]]

  [[-0.22656]]

  [[ 0.02344]]

  [[-0.10938]]

  [[-0.15625]]

  [[ 0.26562]]

  [[ 0.     ]]

  [[-0.1875 ]]

  [[ 0.     ]]

  [[-0.     ]]

  [[-0.00781]]

  [[-0.21094]]

  [[ 0.52344]]

  [[-0.03906]]

  [[ 0.10938]]

  [[-0.125  ]]

  [[-0.11719]]

  [[-0.125  ]]

  [[ 0.23438]]

  [[ 0.09375]]

  [[-0.125  ]]

  [[ 0.1875 ]]

  [[-0.10156]]

  [[-0.125  ]]

  [[-0.     ]]

  [[-0.36719]]

  [[ 0.14062]]

  [[-0.08594]]

  [[-0.28125]]

  [[-0.     ]]

  [[ 0.02344]]

  [[ 0.01562]]

  [[ 0.00781]]

  [[ 0.     ]]

  [[ 0.17969]]

  [[-0.03125]]

  [[ 0.08594]]

  [[-0.02344]]

  [[-0.28125]]

  [[ 0.02344]]

  [[-0.28906]]

  [[ 0.05469]]

  [[-0.     ]]

  [[ 0.20312]]

  [[ 0.52344]]

  [[-0.00781]]

  [[ 0.     ]]

  [[-0.04688]]

  [[-0.13281]]

  [[ 0.34375]]

  [[-0.07031]]

  [[ 0.01562]]

  [[-0.27344]]

  [[ 0.5    ]]

  [[-0.     ]]

  [[ 0.10938]]

  [[-0.15625]]

  [[ 0.25781]]

  [[-0.07031]]

  [[-0.17188]]

  [[-0.07031]]]


 [[[-0.03906]]

  [[-0.10156]]

  [[-0.     ]]

  [[-0.     ]]

  [[-0.03906]]

  [[-0.16406]]

  [[-0.0625 ]]

  [[ 0.16406]]

  [[-0.24219]]

  [[-0.     ]]

  [[-0.16406]]

  [[-0.     ]]

  [[ 0.     ]]

  [[ 0.76562]]

  [[-0.15625]]

  [[ 0.03906]]

  [[-0.01562]]

  [[-0.07031]]

  [[ 0.01562]]

  [[-0.21875]]

  [[-0.17969]]

  [[-0.04688]]

  [[-0.10156]]

  [[-0.01562]]

  [[ 0.21875]]

  [[ 0.26562]]

  [[-0.14844]]

  [[-0.     ]]

  [[-0.03906]]

  [[-0.32031]]

  [[ 0.00781]]

  [[ 0.33594]]

  [[ 0.     ]]

  [[-0.17969]]

  [[-0.15625]]

  [[-0.15625]]

  [[ 0.     ]]

  [[-0.28125]]

  [[ 0.3125 ]]

  [[-0.13281]]

  [[ 0.16406]]

  [[ 0.89062]]

  [[-0.17188]]

  [[-0.09375]]

  [[-0.08594]]

  [[ 0.     ]]

  [[-0.28906]]

  [[-0.04688]]

  [[ 0.21875]]

  [[ 0.03906]]

  [[-0.05469]]

  [[ 0.14844]]

  [[ 0.17188]]

  [[ 0.00781]]

  [[ 0.00781]]

  [[ 0.10938]]

  [[-0.0625 ]]

  [[-0.     ]]

  [[-0.00781]]

  [[ 0.05469]]

  [[ 0.03906]]

  [[ 0.10156]]

  [[ 0.09375]]

  [[-0.01562]]]]...
--------------------------------------------------------------------------------
[Bias] Layer: Up_conv4.conv.6 (QuantConv2d)
  Shape: (16,)
  Bit Width: 16.0
  Signed: True
  Scale: 0.0001220703125
  Sample Bias: [ 0.25281 -0.0575   0.12646  0.19019  0.09729 -0.03296  0.12537  0.43005
  0.16846 -0.0498 ]...
################################################################################

