################################################################################
[Weight] Layer: Up3.up.1 (QuantConv2d)
  Shape: (8, 16, 3, 3)
  Bit Width: 8.0
  Signed: True
  Scale: 0.00390625
  Sample Weights: [[[[-0.00391 -0.00781  0.     ]
   [-0.21094  0.04688  0.09375]
   [-0.01172 -0.03125  0.08984]]

  [[-0.10938 -0.11719 -0.36719]
   [-0.08203  0.11719 -0.08203]
   [-0.14062  0.08594  0.06641]]

  [[ 0.01562  0.00781 -0.     ]
   [-0.02734 -0.01562 -0.03125]
   [-0.05078 -0.02734 -0.04297]]

  ...

  [[-0.11719  0.08203  0.14453]
   [ 0.02344  0.19922  0.12109]
   [ 0.03906  0.21484  0.10156]]

  [[-0.       0.0625   0.09766]
   [-0.01172  0.02734  0.05078]
   [ 0.09375  0.11719  0.10547]]

  [[ 0.25781  0.11719  0.29297]
   [ 0.23438 -0.03125  0.08594]
   [ 0.37109  0.15234  0.02344]]]


 [[[-0.01562 -0.04688 -0.08594]
   [-0.04297 -0.03516 -0.05078]
   [ 0.01562  0.02344  0.01953]]

  [[ 0.08984  0.03125 -0.00781]
   [ 0.05859 -0.00781 -0.04297]
   [ 0.03516 -0.02344 -0.04297]]

  [[ 0.03125  0.02344  0.00781]
   [ 0.03125  0.02344  0.00781]
   [ 0.02734  0.01953  0.01172]]

  ...

  [[-0.03125 -0.      -0.03125]
   [-0.03516 -0.02734 -0.08203]
   [ 0.00391 -0.01172 -0.07812]]

  [[ 0.03516  0.03516  0.01953]
   [ 0.04688  0.04297  0.03125]
   [ 0.05859  0.05859  0.04688]]

  [[-0.03516  0.01172  0.02344]
   [-0.00781  0.02734  0.01953]
   [ 0.01562  0.01953 -0.02734]]]


 [[[-0.20703 -0.05078 -0.07031]
   [-0.02344  0.04297  0.01172]
   [ 0.04297  0.07812  0.125  ]]

  [[ 0.13281  0.15625 -0.04688]
   [ 0.12891  0.17188 -0.     ]
   [ 0.01953  0.0625   0.     ]]

  [[ 0.01953  0.03125  0.02344]
   [ 0.01953  0.03125  0.01953]
   [ 0.01172  0.01953  0.00781]]

  ...

  [[ 0.00391  0.10938  0.0625 ]
   [-0.02344  0.05078  0.01953]
   [ 0.14453  0.14453  0.07812]]

  [[ 0.09375  0.08594  0.02344]
   [ 0.07812  0.05859 -0.00391]
   [ 0.06641  0.04297 -0.01562]]

  [[ 0.01953  0.03125  0.15625]
   [-0.03125 -0.09766 -0.06641]
   [ 0.06641  0.03906  0.10156]]]


 ...


 [[[ 0.02734 -0.23438 -0.29297]
   [ 0.13672  0.14062 -0.03516]
   [-0.14062  0.01953  0.00781]]

  [[-0.00781  0.20703  0.02344]
   [-0.03125  0.15625 -0.07812]
   [-0.14453  0.07031 -0.11719]]

  [[-0.00781 -0.00781 -0.     ]
   [-0.01953 -0.00391  0.     ]
   [-0.04688 -0.01172  0.00391]]

  ...

  [[-0.12109 -0.08203  0.02344]
   [ 0.02734 -0.0625  -0.00391]
   [ 0.21484  0.01562  0.03906]]

  [[-0.125   -0.09766 -0.04297]
   [-0.07812 -0.10547 -0.10156]
   [-0.07812 -0.15625 -0.20312]]

  [[ 0.20703  0.09375 -0.01953]
   [ 0.05859  0.05859  0.20703]
   [ 0.06641  0.00781  0.16797]]]


 [[[ 0.01953 -0.06641 -0.15625]
   [ 0.0625  -0.03516 -0.125  ]
   [ 0.12891  0.03906 -0.04297]]

  [[ 0.00391 -0.00781 -0.0625 ]
   [-0.      -0.00781 -0.03516]
   [-0.01172 -0.01562 -0.01172]]

  [[ 0.02734  0.01953  0.00391]
   [ 0.02734  0.0625   0.00781]
   [ 0.02344  0.01562  0.01172]]

  ...

  [[ 0.01172 -0.00781 -0.00391]
   [ 0.02344 -0.01953 -0.03516]
   [ 0.03906 -0.02344 -0.08203]]

  [[ 0.04297  0.03125  0.00781]
   [ 0.05078  0.03516  0.00391]
   [ 0.04297  0.02734 -0.01172]]

  [[ 0.       0.03906  0.04297]
   [-0.01562 -0.00391  0.00781]
   [-0.      -0.00391 -0.02344]]]


 [[[ 0.16797  0.15234 -0.03125]
   [ 0.13672  0.14453 -0.23438]
   [ 0.03906  0.08203 -0.17578]]

  [[-0.00391  0.07812  0.00391]
   [ 0.08594  0.08984 -0.125  ]
   [ 0.11719  0.03906 -0.22656]]

  [[-0.01953 -0.02344 -0.03906]
   [ 0.01562  0.      -0.03125]
   [ 0.01562  0.01172 -0.02344]]

  ...

  [[-0.00391 -0.19922 -0.125  ]
   [-0.03516 -0.17578  0.03125]
   [-0.05078 -0.15625  0.03516]]

  [[-0.13672 -0.11328 -0.07422]
   [-0.0625  -0.03906 -0.01562]
   [-0.03125  0.01172  0.03125]]

  [[-0.01562  0.10938  0.03516]
   [-0.09375  0.00781  0.03516]
   [ 0.06641 -0.02734 -0.12109]]]]...
--------------------------------------------------------------------------------
[Bias] Layer: Up3.up.1 (QuantConv2d)
  Shape: (8,)
  Bit Width: 16.0
  Signed: True
  Scale: 6.103515625e-05
  Sample Bias: [ 0.35248  0.08496 -0.04504  0.21075  0.58759  0.6554   0.10107  0.12616]...
################################################################################

