################################################################################
[Weight] Layer: Up_conv3.conv.3 (QuantConv2d)
  Shape: (32, 8, 1, 1)
  Bit Width: 8.0
  Signed: True
  Scale: 0.0078125
  Sample Weights: [[[[-0.11719]]

  [[-0.1875 ]]

  [[-0.00781]]

  [[ 0.26562]]

  [[ 0.64062]]

  [[-0.5    ]]

  [[-0.375  ]]

  [[-0.4375 ]]]


 [[[-0.02344]]

  [[-0.07031]]

  [[ 0.07031]]

  [[ 0.375  ]]

  [[ 0.08594]]

  [[ 0.07031]]

  [[-0.19531]]

  [[-0.10938]]]


 [[[ 0.03906]]

  [[ 0.03125]]

  [[-0.125  ]]

  [[ 0.09375]]

  [[-0.14062]]

  [[-0.09375]]

  [[ 0.09375]]

  [[ 0.4375 ]]]


 [[[ 0.     ]]

  [[-0.02344]]

  [[ 0.05469]]

  [[ 0.3125 ]]

  [[ 0.14062]]

  [[ 0.04688]]

  [[ 0.07812]]

  [[ 0.11719]]]


 [[[ 0.0625 ]]

  [[ 0.3125 ]]

  [[-0.     ]]

  [[ 0.13281]]

  [[ 0.22656]]

  [[ 0.44531]]

  [[ 0.38281]]

  [[ 0.02344]]]


 [[[-0.21875]]

  [[-0.08594]]

  [[ 0.0625 ]]

  [[-0.17188]]

  [[-0.17969]]

  [[-0.34375]]

  [[ 0.125  ]]

  [[-0.10938]]]


 [[[ 0.03125]]

  [[-0.33594]]

  [[-0.14062]]

  [[-0.1875 ]]

  [[ 0.29688]]

  [[ 0.39844]]

  [[-0.20312]]

  [[-0.14062]]]


 [[[-0.27344]]

  [[-0.05469]]

  [[-0.25   ]]

  [[-0.15625]]

  [[ 0.17969]]

  [[ 0.21875]]

  [[ 0.30469]]

  [[-0.22656]]]


 [[[-0.24219]]

  [[ 0.04688]]

  [[-0.07031]]

  [[ 0.04688]]

  [[ 0.07812]]

  [[-0.20312]]

  [[-0.03125]]

  [[ 0.23438]]]


 [[[-0.03125]]

  [[-0.03125]]

  [[ 0.01562]]

  [[-0.26562]]

  [[ 0.25   ]]

  [[-0.13281]]

  [[ 0.17188]]

  [[-0.00781]]]]...
--------------------------------------------------------------------------------
[Bias] Layer: Up_conv3.conv.3 (QuantConv2d)
  Shape: (32,)
  Bit Width: 16.0
  Signed: True
  Scale: 0.000244140625
  Sample Bias: [-0.03247 -0.05664  0.04517 -0.18066 -0.6167   0.47803 -0.05591  0.0437
  0.08691  0.01221]...
################################################################################

