################################################################################
[Weight] Layer: Up_conv3.conv.6 (QuantConv2d)
  Shape: (8, 32, 1, 1)
  Bit Width: 8.0
  Signed: True
  Scale: 0.0078125
  Sample Weights: [[[[ 0.00781]]

  [[ 0.125  ]]

  [[-0.03125]]

  [[ 0.35156]]

  [[ 0.41406]]

  [[-0.07031]]

  [[-0.38281]]

  [[ 0.46875]]

  [[-0.05469]]

  [[ 0.09375]]

  [[ 0.49219]]

  [[-0.03906]]

  [[-0.04688]]

  [[-0.08594]]

  [[ 0.32812]]

  [[ 0.04688]]

  [[-0.04688]]

  [[-0.16406]]

  [[-0.03125]]

  [[-0.10156]]

  [[-0.14062]]

  [[-0.22656]]

  [[-0.01562]]

  [[ 0.02344]]

  [[-0.10938]]

  [[-0.17188]]

  [[ 0.29688]]

  [[ 0.05469]]

  [[ 0.03906]]

  [[-0.125  ]]

  [[ 0.19531]]

  [[ 0.125  ]]]


 [[[-0.40625]]

  [[-0.25   ]]

  [[-0.4375 ]]

  [[-0.19531]]

  [[-0.55469]]

  [[-0.25781]]

  [[-0.29688]]

  [[-0.04688]]

  [[-0.25781]]

  [[-0.36719]]

  [[-0.28906]]

  [[ 0.125  ]]

  [[-0.20312]]

  [[ 0.44531]]

  [[-0.15625]]

  [[ 0.11719]]

  [[ 0.45312]]

  [[ 0.19531]]

  [[ 0.23438]]

  [[-0.19531]]

  [[-0.35156]]

  [[-0.11719]]

  [[-0.64844]]

  [[-0.15625]]

  [[-0.08594]]

  [[-0.40625]]

  [[-0.     ]]

  [[-0.22656]]

  [[-0.35938]]

  [[ 0.39062]]

  [[ 0.38281]]

  [[ 0.23438]]]


 [[[ 0.21094]]

  [[-0.33594]]

  [[ 0.04688]]

  [[-0.19531]]

  [[ 0.13281]]

  [[-0.     ]]

  [[ 0.11719]]

  [[-0.04688]]

  [[ 0.24219]]

  [[ 0.50781]]

  [[ 0.41406]]

  [[-0.03125]]

  [[ 0.82812]]

  [[-0.     ]]

  [[ 0.32031]]

  [[ 0.29688]]

  [[ 0.07031]]

  [[-0.27344]]

  [[-0.0625 ]]

  [[-0.07031]]

  [[-0.07031]]

  [[-0.16406]]

  [[-0.36719]]

  [[-0.1875 ]]

  [[ 0.11719]]

  [[-0.26562]]

  [[-0.32812]]

  [[ 0.03906]]

  [[ 0.125  ]]

  [[-0.10938]]

  [[ 0.32812]]

  [[ 0.60938]]]


 [[[ 0.01562]]

  [[-0.21094]]

  [[-0.0625 ]]

  [[-0.07812]]

  [[ 0.07031]]

  [[ 0.09375]]

  [[ 0.15625]]

  [[ 0.29688]]

  [[-0.32812]]

  [[ 0.14844]]

  [[-0.11719]]

  [[-0.03906]]

  [[-0.23438]]

  [[-0.07812]]

  [[-0.20312]]

  [[-0.21094]]

  [[ 0.1875 ]]

  [[ 0.07031]]

  [[-0.19531]]

  [[-0.26562]]

  [[-0.53906]]

  [[ 0.25781]]

  [[ 0.23438]]

  [[ 0.36719]]

  [[-0.16406]]

  [[-0.42188]]

  [[-0.11719]]

  [[ 0.15625]]

  [[-0.20312]]

  [[-0.25781]]

  [[-0.17969]]

  [[ 0.0625 ]]]


 [[[ 0.0625 ]]

  [[-0.00781]]

  [[ 0.24219]]

  [[-0.16406]]

  [[ 0.21875]]

  [[ 0.08594]]

  [[ 0.02344]]

  [[ 0.14062]]

  [[ 0.05469]]

  [[ 0.36719]]

  [[ 0.09375]]

  [[ 0.11719]]

  [[-0.11719]]

  [[ 0.07031]]

  [[ 0.19531]]

  [[ 0.02344]]

  [[ 0.28125]]

  [[ 0.16406]]

  [[ 0.10156]]

  [[-0.04688]]

  [[ 0.22656]]

  [[ 0.19531]]

  [[ 0.23438]]

  [[ 0.03906]]

  [[-0.00781]]

  [[ 0.125  ]]

  [[ 0.02344]]

  [[ 0.02344]]

  [[ 0.05469]]

  [[ 0.01562]]

  [[ 0.04688]]

  [[-0.35156]]]


 [[[ 0.42969]]

  [[ 0.28906]]

  [[-0.17188]]

  [[ 0.21094]]

  [[-0.21875]]

  [[-0.42969]]

  [[ 0.10156]]

  [[ 0.25781]]

  [[-0.24219]]

  [[-0.05469]]

  [[ 0.10938]]

  [[-0.04688]]

  [[ 0.28906]]

  [[-0.24219]]

  [[-0.23438]]

  [[ 0.33594]]

  [[-0.02344]]

  [[-0.21094]]

  [[ 0.13281]]

  [[ 0.16406]]

  [[-0.13281]]

  [[-0.14844]]

  [[ 0.0625 ]]

  [[ 0.15625]]

  [[ 0.10156]]

  [[ 0.14844]]

  [[ 0.26562]]

  [[ 0.07031]]

  [[ 0.30469]]

  [[ 0.08594]]

  [[ 0.42969]]

  [[ 0.17969]]]


 [[[ 0.07812]]

  [[-0.0625 ]]

  [[-0.34375]]

  [[-0.47656]]

  [[-0.14844]]

  [[-0.52344]]

  [[ 0.21094]]

  [[-0.26562]]

  [[ 0.04688]]

  [[-0.20312]]

  [[ 0.22656]]

  [[-0.0625 ]]

  [[ 0.08594]]

  [[-0.03906]]

  [[-0.23438]]

  [[ 0.17969]]

  [[-0.15625]]

  [[-0.30469]]

  [[-0.22656]]

  [[-0.17188]]

  [[-0.16406]]

  [[-0.     ]]

  [[-0.30469]]

  [[-0.54688]]

  [[-0.35938]]

  [[-0.27344]]

  [[-0.08594]]

  [[ 0.20312]]

  [[-0.14062]]

  [[-0.32031]]

  [[-0.09375]]

  [[ 0.16406]]]


 [[[-0.00781]]

  [[-0.07031]]

  [[-0.3125 ]]

  [[ 0.23438]]

  [[-0.125  ]]

  [[ 0.38281]]

  [[-0.14062]]

  [[-0.19531]]

  [[ 0.21094]]

  [[ 0.15625]]

  [[-0.125  ]]

  [[-0.03125]]

  [[ 0.08594]]

  [[ 0.07812]]

  [[-0.05469]]

  [[ 0.13281]]

  [[-0.17969]]

  [[ 0.22656]]

  [[-0.14062]]

  [[-0.52344]]

  [[-0.50781]]

  [[ 0.41406]]

  [[ 0.10938]]

  [[-0.19531]]

  [[-0.33594]]

  [[-0.03906]]

  [[-0.03906]]

  [[-0.10156]]

  [[ 0.10938]]

  [[-0.17969]]

  [[ 0.28906]]

  [[-0.5    ]]]]...
--------------------------------------------------------------------------------
[Bias] Layer: Up_conv3.conv.6 (QuantConv2d)
  Shape: (8,)
  Bit Width: 16.0
  Signed: True
  Scale: 0.000244140625
  Sample Bias: [-0.24121  1.00586 -0.59351  0.521   -0.29321 -0.0625   0.72046  0.55225]...
################################################################################

