################################################################################
[Weight] Layer: Up_conv2.conv.0 (QuantConv2d)
  Shape: (8, 8, 3, 3)
  Bit Width: 8.0
  Signed: True
  Scale: 0.001953125
  Sample Weights: [[[[ 0.03711  0.05078 -0.01367]
   [ 0.02539 -0.04883 -0.09766]
   [-0.00781 -0.00391 -0.01758]]

  [[ 0.01562  0.13086  0.16016]
   [ 0.0625   0.1543   0.00391]
   [ 0.03125 -0.00195  0.04688]]

  [[-0.125    0.06641  0.08789]
   [ 0.09961  0.07422  0.02539]
   [ 0.01367 -0.00195 -0.01562]]

  [[-0.02148 -0.03906  0.14844]
   [ 0.19141  0.20898 -0.03906]
   [-0.02148 -0.11133 -0.0293 ]]

  [[-0.07617  0.02344 -0.01172]
   [ 0.03125 -0.05078 -0.05469]
   [ 0.02148 -0.05664  0.06836]]

  [[-0.13477  0.04102  0.02734]
   [-0.04102  0.11523  0.02344]
   [ 0.08594 -0.03516 -0.00781]]

  [[-0.00586 -0.00195  0.04492]
   [-0.03906  0.05273  0.02148]
   [-0.03906  0.       0.04883]]

  [[-0.10156 -0.10742 -0.01758]
   [-0.11133 -0.05078  0.05078]
   [-0.04102  0.04102  0.05859]]]


 [[[-0.0332  -0.0293  -0.00586]
   [-0.08008 -0.06055  0.08594]
   [-0.10938 -0.0957  -0.10742]]

  [[ 0.09375  0.0625   0.03516]
   [ 0.08594  0.07422  0.03516]
   [ 0.03125 -0.01367  0.04492]]

  [[ 0.02148 -0.06055 -0.02734]
   [-0.07617 -0.0918  -0.03906]
   [-0.04492 -0.04102  0.00195]]

  [[ 0.03711  0.00391  0.00586]
   [-0.04688 -0.07031  0.02344]
   [-0.02734 -0.01367  0.03711]]

  [[-0.00977  0.04297  0.02148]
   [-0.0625  -0.05273 -0.07031]
   [ 0.00781 -0.05859 -0.10742]]

  [[ 0.07227 -0.02344  0.00195]
   [ 0.00195 -0.03516  0.00586]
   [-0.00781 -0.01367  0.03711]]

  [[ 0.04492 -0.02539  0.04492]
   [ 0.02539 -0.01758 -0.04102]
   [-0.06641 -0.16211 -0.04492]]

  [[-0.04102  0.00586  0.03516]
   [-0.01367  0.04297  0.01562]
   [-0.0293  -0.01367 -0.09375]]]


 [[[ 0.10938  0.12305  0.19922]
   [-0.07422  0.07617  0.07031]
   [-0.08789 -0.08203  0.06055]]

  [[ 0.04883 -0.08398 -0.21289]
   [ 0.12305  0.02344  0.01367]
   [-0.07812 -0.05859 -0.02539]]

  [[-0.11523  0.07812 -0.0293 ]
   [-0.11523  0.00977 -0.03711]
   [ 0.05078  0.00781 -0.03711]]

  [[ 0.01758 -0.01953 -0.0918 ]
   [-0.03125  0.06445  0.13477]
   [-0.14062 -0.05469  0.00586]]

  [[ 0.04883 -0.02148  0.14062]
   [ 0.01562 -0.07812 -0.04297]
   [ 0.00195  0.0332  -0.00586]]

  [[-0.0293   0.08984 -0.0625 ]
   [-0.05664  0.08008 -0.00195]
   [ 0.08398  0.01953  0.06836]]

  [[ 0.13672 -0.01758 -0.03906]
   [ 0.07422  0.00391 -0.00586]
   [-0.10547 -0.10156 -0.00977]]

  [[-0.16602  0.1875   0.09766]
   [-0.13867  0.03516  0.06836]
   [-0.18945 -0.07617  0.11133]]]


 [[[-0.06055  0.01367  0.10156]
   [ 0.14844  0.09766  0.11133]
   [ 0.04492 -0.01367 -0.00781]]

  [[-0.03516 -0.08008  0.03125]
   [-0.06836 -0.14648  0.04688]
   [-0.08203 -0.01758 -0.01172]]

  [[ 0.08008  0.02734  0.05859]
   [-0.05859  0.03516  0.00195]
   [ 0.02539  0.01172  0.02344]]

  [[-0.01172  0.01367 -0.07227]
   [ 0.07227 -0.06055 -0.03125]
   [ 0.05273  0.06641 -0.00781]]

  [[-0.00781  0.02148  0.00586]
   [-0.00977  0.03516 -0.00391]
   [ 0.03906  0.03711  0.02734]]

  [[ 0.09766 -0.03516 -0.01562]
   [ 0.0957  -0.0625  -0.01367]
   [ 0.07031  0.04688  0.03711]]

  [[-0.      -0.13477 -0.01172]
   [-0.01367 -0.02148  0.00391]
   [ 0.01758  0.01562 -0.00781]]

  [[ 0.07812  0.11523  0.06836]
   [ 0.0625  -0.00391 -0.03711]
   [ 0.00586  0.      -0.00781]]]


 [[[-0.04492 -0.13477 -0.10156]
   [ 0.21289  0.00781 -0.00391]
   [-0.17969  0.00781  0.20312]]

  [[-0.13477  0.01953 -0.0293 ]
   [-0.03711  0.04492 -0.04688]
   [ 0.03516 -0.13672 -0.11914]]

  [[-0.24805  0.03906  0.0293 ]
   [-0.03711 -0.11719 -0.10156]
   [-0.04883 -0.0293  -0.13086]]

  [[ 0.05859 -0.02539  0.09375]
   [ 0.04883  0.18555 -0.08594]
   [-0.17188  0.03516  0.07812]]

  [[-0.24805  0.22266  0.09375]
   [ 0.03125 -0.24805  0.08203]
   [ 0.06836 -0.18945 -0.00195]]

  [[-0.24805 -0.03906  0.0625 ]
   [-0.09766 -0.00781 -0.03711]
   [ 0.06055 -0.11328 -0.06445]]

  [[-0.16016 -0.03516  0.0957 ]
   [ 0.09766 -0.16406  0.16992]
   [ 0.11133  0.01758  0.12109]]

  [[ 0.24805 -0.01367 -0.08594]
   [-0.09375  0.11523  0.09375]
   [-0.21875  0.12891  0.21875]]]


 [[[ 0.0918   0.10742  0.14258]
   [ 0.02539  0.02344  0.01758]
   [ 0.12695  0.00391  0.01172]]

  [[ 0.12695  0.05273  0.00586]
   [ 0.08203  0.04492  0.0332 ]
   [-0.04492 -0.00977 -0.0293 ]]

  [[-0.00195 -0.02734 -0.03906]
   [-0.03906 -0.01758 -0.03125]
   [-0.01172  0.01562  0.03125]]

  [[-0.01562 -0.03516 -0.05078]
   [-0.05469 -0.08008 -0.03516]
   [-0.0332  -0.06641 -0.08398]]

  [[ 0.24805  0.02344  0.00586]
   [ 0.17969  0.05078  0.00586]
   [ 0.04883  0.01562  0.01367]]

  [[ 0.00586 -0.06445 -0.08203]
   [ 0.10352 -0.07617  0.02148]
   [ 0.07617 -0.01172  0.04688]]

  [[ 0.05664 -0.12695 -0.06641]
   [ 0.0625   0.01172 -0.08594]
   [ 0.01758  0.03906 -0.06055]]

  [[-0.11719 -0.13086 -0.02344]
   [-0.08008 -0.16211 -0.12109]
   [ 0.07617 -0.04102 -0.07812]]]


 [[[-0.02344 -0.05859  0.00781]
   [ 0.04688  0.04688  0.06836]
   [-0.04492 -0.06836 -0.03516]]

  [[ 0.08789 -0.05469 -0.03906]
   [ 0.05273  0.01562 -0.01367]
   [-0.07031 -0.02344 -0.00781]]

  [[-0.07227 -0.05273  0.06836]
   [ 0.10352  0.01758  0.01758]
   [ 0.04297  0.01367  0.02344]]

  [[ 0.0918   0.08594  0.05469]
   [-0.02539 -0.01953 -0.02539]
   [-0.04688 -0.01953 -0.02148]]

  [[ 0.20312  0.22852  0.10742]
   [ 0.13086  0.05859  0.02539]
   [ 0.10156 -0.05078  0.01562]]

  [[ 0.00586 -0.12305 -0.00195]
   [ 0.12305 -0.10352 -0.00781]
   [ 0.01367 -0.01367 -0.03125]]

  [[ 0.02539 -0.03125 -0.01953]
   [-0.04492 -0.12109 -0.08594]
   [-0.01367 -0.       0.00781]]

  [[ 0.02539 -0.00391 -0.07031]
   [-0.07812  0.03125  0.01367]
   [ 0.00391  0.06055  0.02344]]]


 [[[-0.14453 -0.11328  0.02148]
   [ 0.00781  0.08203  0.07812]
   [ 0.01172 -0.05078 -0.04297]]

  [[-0.02539 -0.16406  0.05859]
   [-0.07227 -0.18359  0.05469]
   [-0.06641 -0.01953  0.00391]]

  [[ 0.08008  0.07227  0.10547]
   [-0.11133 -0.       0.04688]
   [ 0.04102  0.05078  0.05273]]

  [[ 0.03516 -0.04688 -0.04688]
   [ 0.04492 -0.13867  0.01953]
   [ 0.11328  0.05273 -0.00391]]

  [[-0.09375 -0.07031 -0.0293 ]
   [-0.13281 -0.09961 -0.00781]
   [-0.06055 -0.01953 -0.03125]]

  [[ 0.1543  -0.00586 -0.08203]
   [ 0.09375 -0.17578 -0.04492]
   [ 0.08594 -0.00781 -0.00195]]

  [[ 0.01953 -0.07227  0.02539]
   [-0.01953  0.01562  0.01367]
   [-0.10156 -0.00586  0.01953]]

  [[ 0.01172  0.16602  0.09375]
   [-0.00781  0.05273 -0.01172]
   [-0.00586 -0.02148 -0.01953]]]]...
--------------------------------------------------------------------------------
[Bias] Layer: Up_conv2.conv.0 (QuantConv2d)
  Shape: (8,)
  Bit Width: 16.0
  Signed: True
  Scale: 6.103515625e-05
  Sample Bias: [ 0.29919  0.69543 -0.09955 -0.82233  0.1272   1.01898 -0.36444  0.25171]...
################################################################################

