################################################################################
[Weight] Layer: Up_conv2.conv.3 (QuantConv2d)
  Shape: (32, 8, 1, 1)
  Bit Width: 8.0
  Signed: True
  Scale: 0.0078125
  Sample Weights: [[[[ 0.28125]]

  [[-0.16406]]

  [[ 0.14062]]

  [[-0.10156]]

  [[ 0.10938]]

  [[-0.10156]]

  [[-0.02344]]

  [[-0.08594]]]


 [[[ 0.0625 ]]

  [[-0.00781]]

  [[ 0.38281]]

  [[-0.42188]]

  [[-0.39844]]

  [[-0.26562]]

  [[ 0.17188]]

  [[-0.26562]]]


 [[[-0.03125]]

  [[ 0.03125]]

  [[ 0.35156]]

  [[-0.3125 ]]

  [[ 0.125  ]]

  [[-0.25   ]]

  [[-0.07031]]

  [[-0.14062]]]


 [[[-0.11719]]

  [[-0.17188]]

  [[-0.24219]]

  [[ 0.60156]]

  [[ 0.5    ]]

  [[ 0.17969]]

  [[-0.00781]]

  [[ 0.14062]]]


 [[[-0.     ]]

  [[ 0.     ]]

  [[-0.     ]]

  [[ 0.     ]]

  [[ 0.     ]]

  [[ 0.     ]]

  [[ 0.     ]]

  [[-0.     ]]]


 [[[-0.     ]]

  [[ 0.     ]]

  [[ 0.     ]]

  [[ 0.     ]]

  [[ 0.     ]]

  [[ 0.     ]]

  [[-0.     ]]

  [[ 0.     ]]]


 [[[-0.03125]]

  [[-0.01562]]

  [[ 0.17188]]

  [[-0.26562]]

  [[ 0.34375]]

  [[ 0.04688]]

  [[-0.03125]]

  [[-0.39062]]]


 [[[-0.0625 ]]

  [[-0.07031]]

  [[-0.00781]]

  [[-0.27344]]

  [[-0.14062]]

  [[ 0.05469]]

  [[-0.0625 ]]

  [[ 0.30469]]]


 [[[-0.08594]]

  [[-0.13281]]

  [[-0.04688]]

  [[ 0.22656]]

  [[ 0.21875]]

  [[ 0.09375]]

  [[ 0.0625 ]]

  [[ 0.125  ]]]


 [[[ 0.20312]]

  [[-0.03125]]

  [[-0.26562]]

  [[-0.46094]]

  [[ 0.30469]]

  [[-0.53125]]

  [[-0.0625 ]]

  [[ 0.59375]]]]...
--------------------------------------------------------------------------------
[Bias] Layer: Up_conv2.conv.3 (QuantConv2d)
  Shape: (32,)
  Bit Width: 16.0
  Signed: True
  Scale: 0.000244140625
  Sample Bias: [ 0.05957  0.8479   0.46338 -0.31641  0.      -0.      -0.04688 -0.03516
 -0.26709  0.22363]...
################################################################################

