################################################################################
[Weight] Layer: Up_conv2.conv.6 (QuantConv2d)
  Shape: (8, 32, 1, 1)
  Bit Width: 8.0
  Signed: True
  Scale: 0.015625
  Sample Weights: [[[[ 0.21875]]

  [[-0.14062]]

  [[ 0.875  ]]

  [[-0.96875]]

  [[ 0.     ]]

  [[-0.     ]]

  [[-0.34375]]

  [[-0.23438]]

  [[-0.375  ]]

  [[-0.76562]]

  [[-0.4375 ]]

  [[ 0.04688]]

  [[-0.03125]]

  [[-1.03125]]

  [[ 0.70312]]

  [[-0.     ]]

  [[-0.59375]]

  [[ 0.5    ]]

  [[-0.     ]]

  [[ 0.     ]]

  [[ 0.3125 ]]

  [[ 0.51562]]

  [[-0.1875 ]]

  [[-0.0625 ]]

  [[-0.15625]]

  [[-0.3125 ]]

  [[-0.42188]]

  [[-0.60938]]

  [[ 0.     ]]

  [[ 0.625  ]]

  [[ 0.26562]]

  [[-0.15625]]]


 [[[ 0.03125]]

  [[ 0.25   ]]

  [[-1.     ]]

  [[ 0.71875]]

  [[-0.     ]]

  [[ 0.     ]]

  [[ 0.0625 ]]

  [[ 0.     ]]

  [[-0.17188]]

  [[-0.54688]]

  [[-0.20312]]

  [[ 0.01562]]

  [[ 0.01562]]

  [[ 0.26562]]

  [[ 0.125  ]]

  [[-0.     ]]

  [[ 0.15625]]

  [[ 0.0625 ]]

  [[-0.     ]]

  [[-0.     ]]

  [[ 0.29688]]

  [[-1.17188]]

  [[-0.     ]]

  [[-0.35938]]

  [[ 1.4375 ]]

  [[-0.03125]]

  [[-0.03125]]

  [[ 0.15625]]

  [[ 0.     ]]

  [[-0.1875 ]]

  [[ 0.45312]]

  [[ 0.09375]]]


 [[[ 0.1875 ]]

  [[-0.95312]]

  [[-0.34375]]

  [[ 0.79688]]

  [[ 0.     ]]

  [[ 0.     ]]

  [[ 0.20312]]

  [[ 0.07812]]

  [[ 0.64062]]

  [[ 0.5625 ]]

  [[ 0.32812]]

  [[ 0.10938]]

  [[ 0.04688]]

  [[ 0.6875 ]]

  [[ 0.8125 ]]

  [[-0.     ]]

  [[ 0.76562]]

  [[-0.64062]]

  [[ 0.     ]]

  [[-0.     ]]

  [[-0.65625]]

  [[ 0.01562]]

  [[ 0.34375]]

  [[-0.01562]]

  [[-0.04688]]

  [[ 0.25   ]]

  [[ 0.01562]]

  [[ 0.25   ]]

  [[ 0.     ]]

  [[-0.35938]]

  [[-0.46875]]

  [[ 0.21875]]]


 [[[ 0.23438]]

  [[-0.29688]]

  [[ 0.17188]]

  [[-0.67188]]

  [[-0.     ]]

  [[ 0.     ]]

  [[-0.32812]]

  [[-0.09375]]

  [[ 0.04688]]

  [[-0.59375]]

  [[-0.70312]]

  [[ 0.3125 ]]

  [[-0.03125]]

  [[-1.01562]]

  [[ 0.35938]]

  [[-0.     ]]

  [[-1.     ]]

  [[ 1.10938]]

  [[-0.     ]]

  [[-0.     ]]

  [[ 0.35938]]

  [[ 0.26562]]

  [[-0.39062]]

  [[-0.23438]]

  [[ 0.07812]]

  [[-0.14062]]

  [[-0.07812]]

  [[-0.3125 ]]

  [[ 0.     ]]

  [[ 0.45312]]

  [[ 0.04688]]

  [[-0.26562]]]


 [[[-0.10938]]

  [[ 0.6875 ]]

  [[-0.65625]]

  [[ 0.1875 ]]

  [[ 0.     ]]

  [[-0.     ]]

  [[ 0.1875 ]]

  [[-0.03125]]

  [[ 0.03125]]

  [[-0.10938]]

  [[-0.39062]]

  [[ 0.07812]]

  [[ 0.     ]]

  [[ 0.14062]]

  [[ 0.82812]]

  [[ 0.     ]]

  [[ 0.375  ]]

  [[ 0.01562]]

  [[-0.     ]]

  [[-0.     ]]

  [[-0.1875 ]]

  [[-1.03125]]

  [[ 0.125  ]]

  [[-0.23438]]

  [[ 1.40625]]

  [[-0.     ]]

  [[-0.03125]]

  [[ 0.01562]]

  [[ 0.     ]]

  [[-0.0625 ]]

  [[ 0.10938]]

  [[-0.1875 ]]]


 [[[ 0.375  ]]

  [[-1.3125 ]]

  [[-0.3125 ]]

  [[ 0.70312]]

  [[-0.     ]]

  [[-0.     ]]

  [[ 0.0625 ]]

  [[ 0.10938]]

  [[ 0.78125]]

  [[ 0.73438]]

  [[ 0.60938]]

  [[ 0.0625 ]]

  [[ 0.14062]]

  [[ 0.85938]]

  [[ 1.04688]]

  [[-0.     ]]

  [[ 0.875  ]]

  [[-0.84375]]

  [[-0.     ]]

  [[ 0.     ]]

  [[-0.98438]]

  [[-0.125  ]]

  [[ 0.60938]]

  [[-0.0625 ]]

  [[-0.0625 ]]

  [[ 0.34375]]

  [[ 0.48438]]

  [[ 0.57812]]

  [[-0.     ]]

  [[-0.54688]]

  [[-0.67188]]

  [[ 0.125  ]]]


 [[[ 0.17188]]

  [[-1.29688]]

  [[-0.09375]]

  [[ 0.03125]]

  [[ 0.     ]]

  [[ 0.     ]]

  [[ 0.29688]]

  [[ 0.07812]]

  [[ 0.34375]]

  [[ 0.8125 ]]

  [[ 0.96875]]

  [[-0.03125]]

  [[ 0.01562]]

  [[ 1.07812]]

  [[ 0.76562]]

  [[-0.     ]]

  [[ 0.6875 ]]

  [[-0.73438]]

  [[ 0.     ]]

  [[ 0.     ]]

  [[-0.75   ]]

  [[ 0.1875 ]]

  [[ 0.39062]]

  [[-0.01562]]

  [[-0.04688]]

  [[ 0.42188]]

  [[ 0.26562]]

  [[ 0.40625]]

  [[-0.     ]]

  [[-0.60938]]

  [[-0.40625]]

  [[ 0.10938]]]


 [[[-0.01562]]

  [[-0.64062]]

  [[-0.17188]]

  [[ 1.09375]]

  [[-0.     ]]

  [[ 0.     ]]

  [[ 0.14062]]

  [[ 0.03125]]

  [[ 0.375  ]]

  [[ 0.42188]]

  [[ 0.125  ]]

  [[-0.     ]]

  [[ 0.01562]]

  [[ 0.64062]]

  [[ 0.     ]]

  [[ 0.     ]]

  [[ 0.125  ]]

  [[-0.01562]]

  [[ 0.     ]]

  [[ 0.     ]]

  [[-0.48438]]

  [[ 0.32812]]

  [[ 0.23438]]

  [[-0.0625 ]]

  [[-0.04688]]

  [[ 0.1875 ]]

  [[-0.26562]]

  [[-0.07812]]

  [[-0.     ]]

  [[-0.1875 ]]

  [[-0.32812]]

  [[ 0.0625 ]]]]...
--------------------------------------------------------------------------------
[Bias] Layer: Up_conv2.conv.6 (QuantConv2d)
  Shape: (8,)
  Bit Width: 16.0
  Signed: True
  Scale: 0.00048828125
  Sample Bias: [ 1.42139  0.93701 -0.49463  1.64941  0.83838 -0.51416 -0.52344 -0.20801]...
################################################################################

