################################################################################
[Weight] Layer: encoder1.block.1.0.fn.0 (QuantConv2d)
  Shape: (8, 1, 3, 3)
  Bit Width: 8.0
  Signed: True
  Scale: 0.0078125
  Sample Weights: [[[[ 0.10156  0.375    0.01562]
   [ 0.03125 -0.04688 -0.25781]
   [ 0.1875   0.15625 -0.99219]]]


 [[[ 0.20312  0.125    0.3125 ]
   [ 0.25781  0.15625 -0.35156]
   [ 0.99219  0.67969  0.82812]]]


 [[[ 0.48438  0.22656  0.44531]
   [ 0.51562 -0.39062  0.60938]
   [ 0.375   -0.45312  0.08594]]]


 [[[ 0.28906  0.58594  0.23438]
   [ 0.23438  0.69531 -0.30469]
   [-0.51562 -0.35156 -0.35938]]]


 [[[-0.15625 -0.21875  0.125  ]
   [-0.01562 -0.53125  0.60156]
   [ 0.92188  0.3125   0.24219]]]


 [[[-0.52344 -0.26562 -0.09375]
   [ 0.       0.11719 -0.13281]
   [-0.03906 -0.14062 -0.03906]]]


 [[[-0.4375  -0.14844  0.16406]
   [-0.40625 -0.90625  0.77344]
   [ 0.21094  0.57031  0.17969]]]


 [[[ 0.1875  -0.6875  -0.05469]
   [-0.30469  0.99219 -0.01562]
   [-0.07812 -0.17188 -0.29688]]]]...
--------------------------------------------------------------------------------
[Bias] Layer: encoder1.block.1.0.fn.0 (QuantConv2d)
  Shape: (8,)
  Bit Width: 16.0
  Signed: True
  Scale: 0.000244140625
  Sample Bias: [ 0.27783 -0.63867 -0.04858 -0.15088  0.04761  0.53955  0.18921  0.79858]...
################################################################################

