################################################################################
[Weight] Layer: encoder1.block.1.2 (QuantConv2d)
  Shape: (32, 8, 1, 1)
  Bit Width: 8.0
  Signed: True
  Scale: 0.0078125
  Sample Weights: [[[[-0.05469]]

  [[-0.42969]]

  [[-0.1875 ]]

  [[-0.07031]]

  [[-0.60156]]

  [[-0.32031]]

  [[-0.50781]]

  [[-0.00781]]]


 [[[-0.1875 ]]

  [[ 0.17969]]

  [[-0.14844]]

  [[ 0.02344]]

  [[ 0.33594]]

  [[-0.10938]]

  [[ 0.07031]]

  [[-0.03906]]]


 [[[-0.14062]]

  [[-0.14062]]

  [[ 0.14844]]

  [[ 0.16406]]

  [[-0.26562]]

  [[-0.21875]]

  [[ 0.07031]]

  [[ 0.74219]]]


 [[[ 0.35156]]

  [[ 0.29688]]

  [[ 0.34375]]

  [[-0.20312]]

  [[-0.28125]]

  [[-0.28125]]

  [[-0.05469]]

  [[ 0.33594]]]


 [[[-0.05469]]

  [[-0.14062]]

  [[-0.02344]]

  [[-0.03906]]

  [[-0.05469]]

  [[-0.0625 ]]

  [[ 0.     ]]

  [[-0.42188]]]


 [[[-0.07812]]

  [[-0.01562]]

  [[ 0.07812]]

  [[ 0.29688]]

  [[-0.13281]]

  [[ 0.14062]]

  [[ 0.10938]]

  [[ 0.27344]]]


 [[[ 0.01562]]

  [[-0.20312]]

  [[-0.19531]]

  [[ 0.19531]]

  [[ 0.04688]]

  [[-0.0625 ]]

  [[-0.     ]]

  [[-0.03125]]]


 [[[ 0.02344]]

  [[ 0.0625 ]]

  [[ 0.07031]]

  [[ 0.03125]]

  [[ 0.01562]]

  [[-0.24219]]

  [[-0.26562]]

  [[-0.14062]]]


 [[[ 0.02344]]

  [[ 0.00781]]

  [[ 0.08594]]

  [[-0.04688]]

  [[-0.00781]]

  [[ 0.04688]]

  [[ 0.04688]]

  [[-0.21875]]]


 [[[ 0.14844]]

  [[-0.4375 ]]

  [[-0.14062]]

  [[-0.15625]]

  [[-0.21094]]

  [[ 0.46094]]

  [[ 0.10156]]

  [[-0.28906]]]]...
--------------------------------------------------------------------------------
[Bias] Layer: encoder1.block.1.2 (QuantConv2d)
  Shape: (32,)
  Bit Width: 16.0
  Signed: True
  Scale: 0.000244140625
  Sample Bias: [ 2.02051e+00  1.95312e-03 -8.59131e-01 -8.20557e-01  1.14404e+00
 -9.68506e-01 -9.03320e-03  7.62451e-01  3.48145e-01  7.22412e-01]...
################################################################################

