################################################################################
[Weight] Layer: encoder1.block.1.5 (QuantConv2d)
  Shape: (8, 32, 1, 1)
  Bit Width: 8.0
  Signed: True
  Scale: 0.00390625
  Sample Weights: [[[[-0.13281]]

  [[-0.05859]]

  [[ 0.49609]]

  [[-0.02344]]

  [[-0.44531]]

  [[ 0.44922]]

  [[ 0.00391]]

  [[-0.28516]]

  [[-0.28125]]

  [[-0.01953]]

  [[-0.09766]]

  [[-0.05469]]

  [[ 0.21094]]

  [[-0.09375]]

  [[ 0.01953]]

  [[-0.02344]]

  [[ 0.21484]]

  [[ 0.03516]]

  [[ 0.37109]]

  [[-0.17578]]

  [[-0.1875 ]]

  [[ 0.13672]]

  [[ 0.00781]]

  [[ 0.0625 ]]

  [[-0.25781]]

  [[-0.03906]]

  [[ 0.04688]]

  [[-0.19531]]

  [[ 0.03906]]

  [[-0.21875]]

  [[-0.13281]]

  [[ 0.01953]]]


 [[[ 0.20312]]

  [[ 0.02734]]

  [[-0.03906]]

  [[ 0.12109]]

  [[ 0.05469]]

  [[-0.23047]]

  [[-0.17188]]

  [[ 0.08594]]

  [[ 0.03125]]

  [[-0.11328]]

  [[-0.00391]]

  [[-0.21094]]

  [[ 0.04688]]

  [[ 0.32031]]

  [[ 0.08594]]

  [[ 0.34766]]

  [[ 0.15234]]

  [[ 0.03906]]

  [[-0.125  ]]

  [[-0.41016]]

  [[-0.26953]]

  [[-0.02734]]

  [[ 0.14062]]

  [[-0.09766]]

  [[-0.12891]]

  [[ 0.24609]]

  [[ 0.07031]]

  [[-0.15234]]

  [[-0.     ]]

  [[ 0.08203]]

  [[-0.16797]]

  [[ 0.     ]]]


 [[[ 0.3125 ]]

  [[-0.10547]]

  [[-0.01953]]

  [[-0.26953]]

  [[ 0.15625]]

  [[ 0.14453]]

  [[ 0.16797]]

  [[ 0.11328]]

  [[ 0.17578]]

  [[ 0.49219]]

  [[-0.28125]]

  [[ 0.11328]]

  [[-0.21484]]

  [[ 0.27344]]

  [[ 0.03906]]

  [[ 0.43359]]

  [[-0.13672]]

  [[-0.14062]]

  [[-0.25   ]]

  [[-0.30078]]

  [[-0.17969]]

  [[ 0.03125]]

  [[ 0.04688]]

  [[-0.46094]]

  [[ 0.30469]]

  [[-0.32422]]

  [[ 0.15234]]

  [[ 0.19531]]

  [[ 0.05078]]

  [[ 0.25391]]

  [[ 0.05078]]

  [[ 0.09766]]]


 [[[-0.11719]]

  [[ 0.07422]]

  [[ 0.07031]]

  [[ 0.14844]]

  [[-0.18359]]

  [[ 0.05469]]

  [[ 0.01953]]

  [[ 0.09375]]

  [[-0.09375]]

  [[-0.05859]]

  [[ 0.03906]]

  [[-0.1875 ]]

  [[ 0.11328]]

  [[-0.01172]]

  [[ 0.13672]]

  [[-0.09375]]

  [[ 0.04688]]

  [[-0.05078]]

  [[ 0.14844]]

  [[ 0.16016]]

  [[ 0.11328]]

  [[-0.11719]]

  [[-0.05469]]

  [[ 0.10156]]

  [[-0.02344]]

  [[ 0.11328]]

  [[-0.09766]]

  [[-0.02344]]

  [[ 0.00781]]

  [[-0.06641]]

  [[-0.14844]]

  [[-0.03906]]]


 [[[ 0.03125]]

  [[-0.35156]]

  [[ 0.12109]]

  [[-0.02344]]

  [[ 0.14453]]

  [[ 0.11328]]

  [[-0.04297]]

  [[-0.09375]]

  [[-0.01562]]

  [[-0.03906]]

  [[ 0.23047]]

  [[-0.32031]]

  [[-0.49609]]

  [[-0.07422]]

  [[-0.19141]]

  [[ 0.34375]]

  [[ 0.17578]]

  [[ 0.23828]]

  [[-0.12891]]

  [[-0.28906]]

  [[ 0.11328]]

  [[-0.02734]]

  [[ 0.125  ]]

  [[ 0.04297]]

  [[-0.20312]]

  [[ 0.19922]]

  [[ 0.37109]]

  [[-0.03906]]

  [[-0.19922]]

  [[-0.06641]]

  [[ 0.0625 ]]

  [[ 0.24219]]]


 [[[-0.14062]]

  [[-0.23828]]

  [[-0.     ]]

  [[ 0.27344]]

  [[-0.21094]]

  [[ 0.01953]]

  [[-0.13672]]

  [[-0.21875]]

  [[-0.07812]]

  [[ 0.12891]]

  [[-0.19922]]

  [[-0.37109]]

  [[-0.29688]]

  [[ 0.13281]]

  [[ 0.08203]]

  [[-0.06641]]

  [[ 0.30469]]

  [[-0.01562]]

  [[ 0.16797]]

  [[ 0.05859]]

  [[-0.09766]]

  [[ 0.26172]]

  [[-0.1875 ]]

  [[-0.02734]]

  [[ 0.08984]]

  [[-0.20312]]

  [[ 0.21094]]

  [[ 0.23828]]

  [[ 0.42969]]

  [[-0.19922]]

  [[ 0.13281]]

  [[-0.12109]]]


 [[[-0.14062]]

  [[-0.10938]]

  [[ 0.17188]]

  [[ 0.08203]]

  [[-0.05859]]

  [[ 0.02344]]

  [[-0.07031]]

  [[-0.13672]]

  [[-0.00391]]

  [[-0.06641]]

  [[-0.03516]]

  [[ 0.08594]]

  [[-0.05469]]

  [[ 0.00781]]

  [[ 0.12109]]

  [[-0.125  ]]

  [[ 0.02344]]

  [[ 0.02344]]

  [[ 0.04688]]

  [[-0.23047]]

  [[-0.07422]]

  [[-0.21094]]

  [[ 0.     ]]

  [[ 0.0625 ]]

  [[ 0.03125]]

  [[-0.00391]]

  [[ 0.08594]]

  [[ 0.04688]]

  [[-0.04688]]

  [[ 0.03125]]

  [[-0.00391]]

  [[-0.09766]]]


 [[[ 0.21875]]

  [[ 0.03516]]

  [[-0.15625]]

  [[ 0.03125]]

  [[ 0.04297]]

  [[-0.17969]]

  [[-0.22266]]

  [[ 0.25   ]]

  [[ 0.03906]]

  [[-0.00781]]

  [[-0.19531]]

  [[ 0.0625 ]]

  [[-0.10156]]

  [[ 0.11328]]

  [[-0.29688]]

  [[ 0.13281]]

  [[-0.01172]]

  [[-0.10547]]

  [[-0.02734]]

  [[ 0.03125]]

  [[-0.17578]]

  [[-0.01562]]

  [[ 0.07031]]

  [[-0.17578]]

  [[ 0.18359]]

  [[ 0.0625 ]]

  [[-0.10547]]

  [[-0.17188]]

  [[-0.14453]]

  [[ 0.35156]]

  [[ 0.03516]]

  [[-0.07422]]]]...
--------------------------------------------------------------------------------
[Bias] Layer: encoder1.block.1.5 (QuantConv2d)
  Shape: (8,)
  Bit Width: 16.0
  Signed: True
  Scale: 0.0001220703125
  Sample Bias: [0.75452 0.42041 0.28088 0.22949 0.44287 0.66138 0.16663 0.4856 ]...
################################################################################

