################################################################################
[Weight] Layer: stem.conv.0 (QuantConv2d)
  Shape: (8, 3, 3, 3)
  Bit Width: 8.0
  Signed: True
  Scale: 1.0
  Sample Weights: [[[[-11. -20. -33.]
   [ -5. -37. -12.]
   [ 15.  10. -20.]]

  [[  8.  -5. -13.]
   [ 19.   7.   5.]
   [  7.  22.  18.]]

  [[  7.   2.  16.]
   [ 13.   1.  -5.]
   [-11.  -8.   6.]]]


 [[[  7. -29. -59.]
   [ -0. -39. -48.]
   [ 21.   7.  -8.]]

  [[ 10. -19. -36.]
   [ 20. -20. -28.]
   [ 19.  -0.  10.]]

  [[ -5. -11.  19.]
   [  0.  12.   3.]
   [  9.  -7.  13.]]]


 [[[-11. -25.  11.]
   [ -8.  11.  29.]
   [-20.  42.  55.]]

  [[-27.  17.   9.]
   [ 16.   4.  58.]
   [-12.  35.  29.]]

  [[-48. -70. -66.]
   [-51. -16.   1.]
   [-35.  -5. -42.]]]


 [[[ 22.  -8. -53.]
   [ 15. -18. -11.]
   [  8.  23.  -0.]]

  [[ 30.  45. -42.]
   [ 62. -14.   3.]
   [ -6.  27.  20.]]

  [[  0.  -6. -79.]
   [ 29. -31. -56.]
   [  6.   4. -44.]]]


 [[[ 19.  19.   4.]
   [ -2.  -3.   4.]
   [  1.  -5.  15.]]

  [[-11.  26.  11.]
   [ -9.  -0. -12.]
   [-14.  -4.  -5.]]

  [[  2.  21.  12.]
   [ -1.  15.   9.]
   [  2.   8.   6.]]]


 [[[ -2.  -8. -10.]
   [  3.  -9.   4.]
   [ -5.   9.   4.]]

  [[ 18.  10.   7.]
   [  4.  10.   3.]
   [ 23.  17.   4.]]

  [[ -3.  -3.  -3.]
   [-15. -11. -12.]
   [ -7. -15.  -3.]]]


 [[[ -9.   0.  -6.]
   [ -5.   0.  -2.]
   [  4.  -0. -15.]]

  [[ -9. -13.  -3.]
   [-10. -16. -16.]
   [-17. -10. -15.]]

  [[ -5.  -0.   4.]
   [ -8. -17.   0.]
   [-10.  -4. -14.]]]


 [[[ 51. -15. -98.]
   [ 37.  44. -25.]
   [ 22.   1. -43.]]

  [[ 40.  -1. -22.]
   [ -0. -37.   7.]
   [  9.  22. -64.]]

  [[-48.   1.  46.]
   [ 53.  -0. -40.]
   [ -2. -11.   2.]]]]...
--------------------------------------------------------------------------------
[Bias] Layer: stem.conv.0 (QuantConv2d)
  Shape: (8,)
  Bit Width: 16.0
  Signed: True
  Scale: 6.103515625e-05
  Sample Bias: [-0.61133  1.11938  1.46735  0.62683 -0.25555  0.37292  0.97333  1.09802]...
################################################################################

