################################################################################
[Weight] Layer: encoder1.block.2.1.fn.0 (QuantConv2d)
  Shape: (8, 1, 3, 3)
  Bit Width: 8.0
  Signed: True
  Scale: 0.0078125
  Sample Weights: [[[[ 0.08594 -0.00781  0.1875 ]
   [ 0.15625 -0.      -0.00781]
   [ 0.02344  0.1875   0.13281]]]


 [[[-0.11719 -0.      -0.04688]
   [ 0.03125  0.07031 -0.13281]
   [-0.02344  0.08594 -0.23438]]]


 [[[-0.       0.      -0.     ]
   [-0.      -0.      -0.     ]
   [-0.      -0.      -0.     ]]]


 [[[ 0.07812  0.04688 -0.00781]
   [-0.03906 -0.07031 -0.1875 ]
   [-0.14062 -0.14062 -0.16406]]]


 [[[ 0.21875 -0.4375  -0.15625]
   [ 0.36719  0.74219 -0.14062]
   [ 0.13281 -0.44531 -0.39062]]]


 [[[ 0.0625  -0.125   -0.02344]
   [-0.03906 -0.07812  0.14844]
   [-0.21094  0.08594 -0.00781]]]


 [[[-0.24219  0.3125   0.10156]
   [ 0.00781  0.4375   0.14844]
   [ 0.20312  0.11719 -0.08594]]]


 [[[-0.11719  0.39844  0.03125]
   [-0.       0.10156 -0.11719]
   [-0.11719  0.03906 -0.25   ]]]]...
--------------------------------------------------------------------------------
[Bias] Layer: encoder1.block.2.1.fn.0 (QuantConv2d)
  Shape: (8,)
  Bit Width: 16.0
  Signed: True
  Scale: 0.00048828125
  Sample Bias: [-0.57129  0.45459 -0.00195  0.55371  0.104    0.20508 -0.06592 -0.02295]...
################################################################################

