################################################################################
[Weight] Layer: encoder1.block.2.2 (QuantConv2d)
  Shape: (32, 8, 1, 1)
  Bit Width: 8.0
  Signed: True
  Scale: 0.00390625
  Sample Weights: [[[[ 0.17578]]

  [[-0.12891]]

  [[ 0.     ]]

  [[ 0.08203]]

  [[-0.00781]]

  [[-0.08594]]

  [[ 0.05469]]

  [[ 0.08594]]]


 [[[-0.05469]]

  [[-0.07031]]

  [[-0.     ]]

  [[-0.02344]]

  [[-0.00391]]

  [[-0.07031]]

  [[ 0.03516]]

  [[-0.00391]]]


 [[[ 0.07422]]

  [[-0.12109]]

  [[ 0.     ]]

  [[ 0.05078]]

  [[ 0.00391]]

  [[-0.08203]]

  [[ 0.08594]]

  [[ 0.06641]]]


 [[[-0.03125]]

  [[ 0.01172]]

  [[-0.     ]]

  [[ 0.08594]]

  [[-0.01172]]

  [[-0.19531]]

  [[-0.1875 ]]

  [[-0.125  ]]]


 [[[-0.11719]]

  [[-0.05469]]

  [[-0.     ]]

  [[-0.07031]]

  [[ 0.01953]]

  [[ 0.18359]]

  [[-0.10156]]

  [[-0.05859]]]


 [[[ 0.125  ]]

  [[-0.12109]]

  [[ 0.     ]]

  [[-0.07031]]

  [[ 0.10938]]

  [[ 0.02344]]

  [[ 0.28516]]

  [[ 0.15234]]]


 [[[-0.12109]]

  [[ 0.09766]]

  [[ 0.     ]]

  [[-0.09766]]

  [[ 0.04297]]

  [[ 0.32031]]

  [[ 0.04297]]

  [[ 0.05859]]]


 [[[ 0.08984]]

  [[-0.0625 ]]

  [[ 0.     ]]

  [[-0.02734]]

  [[ 0.06641]]

  [[ 0.00781]]

  [[ 0.13672]]

  [[ 0.05078]]]


 [[[-0.     ]]

  [[-0.     ]]

  [[ 0.     ]]

  [[-0.     ]]

  [[ 0.     ]]

  [[-0.00391]]

  [[-0.     ]]

  [[-0.     ]]]


 [[[ 0.03906]]

  [[ 0.0625 ]]

  [[ 0.     ]]

  [[-0.06641]]

  [[-0.10156]]

  [[-0.02344]]

  [[ 0.13672]]

  [[ 0.10938]]]]...
--------------------------------------------------------------------------------
[Bias] Layer: encoder1.block.2.2 (QuantConv2d)
  Shape: (32,)
  Bit Width: 16.0
  Signed: True
  Scale: 0.000244140625
  Sample Bias: [-0.00854  0.10547 -0.02515  0.28394  0.12769  0.0498  -0.14893 -0.03027
 -0.00049 -0.01196]...
################################################################################

