################################################################################
[Weight] Layer: encoder1.up.conv.0 (QuantConv2d)
  Shape: (8, 8, 3, 3)
  Bit Width: 8.0
  Signed: True
  Scale: 0.001953125
  Sample Weights: [[[[-0.03906 -0.03906 -0.05469]
   [-0.00391 -0.03906 -0.02148]
   [ 0.00195 -0.05664 -0.04102]]

  [[-0.00977 -0.00586 -0.00781]
   [-0.00586 -0.00586  0.00586]
   [-0.01953 -0.00781  0.     ]]

  [[ 0.00977  0.01953  0.05469]
   [ 0.00977  0.00391  0.0293 ]
   [ 0.       0.00781  0.05078]]

  [[-0.00586 -0.       0.00977]
   [-0.00195 -0.01953 -0.00977]
   [-0.04102 -0.04688 -0.03125]]

  [[ 0.01367  0.00586 -0.01758]
   [ 0.02344 -0.01562 -0.01562]
   [-0.01367 -0.04688 -0.05469]]

  [[ 0.02344  0.03711  0.0625 ]
   [ 0.01367  0.02148  0.03516]
   [ 0.02539  0.02344  0.05664]]

  [[ 0.00781  0.00781 -0.00781]
   [ 0.01758 -0.00781 -0.01562]
   [-0.00195 -0.0293  -0.0332 ]]

  [[-0.03711 -0.0332  -0.05273]
   [-0.00195 -0.0332  -0.02148]
   [ 0.00977 -0.05273 -0.03125]]]


 [[[ 0.00586 -0.00781 -0.02734]
   [-0.0293  -0.04688 -0.07031]
   [-0.01562 -0.04688 -0.02148]]

  [[-0.00391  0.00195  0.     ]
   [ 0.00977 -0.02148 -0.00586]
   [-0.01562 -0.03125 -0.00781]]

  [[ 0.04297  0.03516  0.00586]
   [ 0.03711 -0.00781 -0.02734]
   [-0.0332  -0.03711 -0.07227]]

  [[-0.03711 -0.04102 -0.00586]
   [-0.00391 -0.03516  0.00977]
   [-0.01367 -0.02148  0.02734]]

  [[-0.01953  0.01367 -0.02539]
   [-0.0293  -0.03516 -0.01758]
   [-0.01172 -0.04492  0.00586]]

  [[ 0.05469  0.03906  0.00391]
   [ 0.01172 -0.00391 -0.05273]
   [-0.04492 -0.05469 -0.07422]]

  [[ 0.00977  0.05664  0.00391]
   [-0.0293  -0.04297 -0.01367]
   [-0.00977 -0.06055 -0.02148]]

  [[ 0.       0.00586 -0.02734]
   [-0.03125 -0.03711 -0.05859]
   [-0.01562 -0.03906 -0.04297]]]


 [[[-0.01367 -0.01758 -0.01562]
   [ 0.01367  0.03906  0.0332 ]
   [ 0.00195  0.01562 -0.00586]]

  [[ 0.04492  0.03711  0.0293 ]
   [ 0.05078  0.04492  0.03516]
   [ 0.03906  0.03906  0.02539]]

  [[ 0.01367  0.00977 -0.00391]
   [ 0.01953  0.00391 -0.01172]
   [-0.01172 -0.00195 -0.00586]]

  [[ 0.03516  0.04688  0.03516]
   [ 0.04102  0.0625   0.04883]
   [ 0.03516  0.04688  0.01953]]

  [[ 0.      -0.00391 -0.00781]
   [ 0.0293   0.04883  0.0332 ]
   [ 0.02148  0.02539 -0.00195]]

  [[ 0.04297  0.04492  0.03906]
   [ 0.05273  0.0332   0.02734]
   [ 0.01562  0.03125  0.02734]]

  [[ 0.00391 -0.01562 -0.01562]
   [ 0.04883  0.05078  0.03711]
   [ 0.04297  0.03516  0.01367]]

  [[-0.01758 -0.0293  -0.02734]
   [ 0.02539  0.04492  0.04297]
   [ 0.01172  0.01953  0.00586]]]


 [[[-0.0918  -0.03711  0.01172]
   [-0.08203 -0.02344 -0.01562]
   [ 0.0332   0.01562 -0.0293 ]]

  [[-0.01953 -0.00977  0.00195]
   [-0.01367  0.00781  0.00781]
   [ 0.00781  0.02539  0.00391]]

  [[-0.00781 -0.05273 -0.04102]
   [-0.02344 -0.05664 -0.03711]
   [-0.05078 -0.02734 -0.01562]]

  [[ 0.01562  0.08398  0.09375]
   [ 0.04883  0.14648  0.0332 ]
   [ 0.06641  0.12109  0.01367]]

  [[-0.05078 -0.00391  0.01367]
   [-0.04883  0.03711 -0.01562]
   [ 0.01758  0.04102 -0.03516]]

  [[ 0.06641  0.02539  0.03711]
   [ 0.01758  0.01172  0.06055]
   [ 0.03125  0.04492  0.05664]]

  [[-0.04297 -0.05273 -0.00391]
   [-0.0332  -0.05273 -0.01758]
   [-0.01758 -0.01562 -0.0332 ]]

  [[-0.10156 -0.10352 -0.01758]
   [-0.09766 -0.12891  0.01172]
   [ 0.00391 -0.04102 -0.00977]]]


 [[[-0.00781 -0.03711 -0.00391]
   [-0.01562  0.00391  0.00781]
   [-0.00391 -0.01367 -0.00977]]

  [[ 0.00586  0.00391 -0.02539]
   [ 0.01172 -0.01172 -0.01758]
   [-0.00586 -0.00977 -0.02539]]

  [[ 0.00195 -0.01172 -0.0332 ]
   [-0.0293  -0.04102 -0.05078]
   [ 0.00391  0.00391  0.01758]]

  [[-0.00195 -0.08008 -0.06055]
   [-0.0332  -0.01172  0.00977]
   [-0.02539 -0.06641 -0.07812]]

  [[ 0.00977 -0.06445 -0.06055]
   [-0.02734 -0.00195 -0.     ]
   [-0.01172 -0.05859 -0.06445]]

  [[-0.01562 -0.03711 -0.04883]
   [-0.05664 -0.04492 -0.06445]
   [-0.01172  0.00195 -0.00195]]

  [[-0.00781 -0.04883 -0.06445]
   [-0.04883  0.01758  0.00781]
   [-0.00195 -0.05469 -0.04492]]

  [[ 0.02148 -0.02148  0.     ]
   [-0.01758  0.01758  0.02539]
   [-0.01758  0.00195  0.00391]]]


 [[[-0.04883  0.00781 -0.04102]
   [ 0.07422 -0.07422 -0.12891]
   [-0.04688 -0.11328 -0.07031]]

  [[-0.02148 -0.00781  0.01562]
   [ 0.00977 -0.00586  0.00781]
   [-0.01953  0.      -0.00195]]

  [[-0.06641 -0.04688  0.02148]
   [-0.08594  0.02539  0.04688]
   [-0.04102  0.03516  0.02148]]

  [[-0.05273  0.02148 -0.09766]
   [ 0.03711  0.00391 -0.07031]
   [-0.02344  0.01562 -0.05469]]

  [[-0.0625   0.00977 -0.0332 ]
   [ 0.05078 -0.06055 -0.09375]
   [-0.04297 -0.02344 -0.10547]]

  [[-0.10938 -0.01562  0.05859]
   [-0.08008  0.03516  0.05273]
   [-0.02734  0.0625   0.08008]]

  [[-0.04297  0.00781  0.00195]
   [ 0.07812 -0.00391 -0.02734]
   [-0.02344  0.00195 -0.0293 ]]

  [[ 0.00977 -0.00586 -0.03906]
   [ 0.0625  -0.05273 -0.10938]
   [-0.03516 -0.13477 -0.04883]]]


 [[[-0.04297 -0.00586 -0.02344]
   [-0.05273 -0.07227 -0.03906]
   [-0.05078 -0.02344 -0.06055]]

  [[ 0.00586 -0.       0.01953]
   [ 0.01367 -0.       0.01758]
   [-0.01172 -0.01367 -0.00586]]

  [[ 0.01758 -0.00391 -0.00391]
   [ 0.05859  0.05469  0.04102]
   [ 0.03516  0.03125  0.05078]]

  [[ 0.0332   0.01172  0.01953]
   [ 0.01758 -0.01758 -0.01562]
   [-0.00391 -0.00977 -0.00586]]

  [[-0.02148 -0.00586  0.00391]
   [-0.01953 -0.05469 -0.00977]
   [-0.01172  0.01758 -0.01953]]

  [[ 0.02734  0.02344  0.00781]
   [ 0.07227  0.07812  0.05469]
   [ 0.05859  0.04688  0.07031]]

  [[-0.03711  0.00977 -0.01562]
   [ 0.00781 -0.02148  0.03906]
   [ 0.00195  0.05273  0.0293 ]]

  [[-0.06445  0.00586 -0.00391]
   [-0.04883 -0.08008 -0.03125]
   [-0.04102  0.00391 -0.05273]]]


 [[[-0.02148  0.00195 -0.02344]
   [ 0.02734  0.18555 -0.04102]
   [-0.02148 -0.00977 -0.01953]]

  [[ 0.01367 -0.00391 -0.01562]
   [ 0.00781  0.01367 -0.01367]
   [-0.01953  0.00977  0.0293 ]]

  [[ 0.04688 -0.0293  -0.02148]
   [ 0.01367 -0.10938  0.02344]
   [ 0.00391  0.03125  0.05664]]

  [[ 0.02148  0.07031  0.07031]
   [ 0.03711  0.0918   0.06836]
   [-0.07422  0.02539  0.00977]]

  [[-0.02734  0.00781  0.04297]
   [ 0.08203  0.22852  0.01953]
   [-0.01367  0.05078  0.00977]]

  [[ 0.05273  0.00391 -0.00586]
   [ 0.03711 -0.13086 -0.00586]
   [ 0.03906  0.01367  0.05664]]

  [[-0.00391 -0.01172  0.0293 ]
   [ 0.0957   0.11719  0.00195]
   [ 0.02344  0.01562  0.02539]]

  [[-0.03516 -0.05664 -0.06055]
   [ 0.04688  0.19531 -0.07227]
   [ 0.01562 -0.00977 -0.05664]]]]...
--------------------------------------------------------------------------------
[Bias] Layer: encoder1.up.conv.0 (QuantConv2d)
  Shape: (8,)
  Bit Width: 16.0
  Signed: True
  Scale: 0.0001220703125
  Sample Bias: [ 0.24402  0.22729 -0.41895  0.05212  0.48486  0.4115   0.5885   0.05493]...
################################################################################

