################################################################################
[Weight] Layer: encoder2.block.0.1.fn.0 (QuantConv2d)
  Shape: (8, 1, 3, 3)
  Bit Width: 8.0
  Signed: True
  Scale: 0.0078125
  Sample Weights: [[[[-0.26562 -0.17969 -0.11719]
   [ 0.05469  0.21094 -0.09375]
   [-0.34375 -0.16406 -0.03125]]]


 [[[-0.15625 -0.14062 -0.13281]
   [ 0.08594  0.22656  0.15625]
   [ 0.00781 -0.03906 -0.125  ]]]


 [[[-0.      -0.       0.     ]
   [-0.      -0.       0.     ]
   [ 0.      -0.       0.     ]]]


 [[[ 0.       0.       0.     ]
   [ 0.       0.      -0.     ]
   [ 0.       0.      -0.     ]]]


 [[[-0.5625   0.08594  0.3125 ]
   [-0.09375  0.41406  0.49219]
   [-0.08594  0.01562  0.0625 ]]]


 [[[-0.21094 -0.28906 -0.09375]
   [-0.21094 -0.42969  0.55469]
   [-0.17188 -0.16406  0.64062]]]


 [[[-0.21094 -0.97656  0.44531]
   [-0.75     0.99219  0.74219]
   [-0.94531  0.70312  0.55469]]]


 [[[ 0.03125 -0.03125  0.01562]
   [-0.08594 -0.05469 -0.03125]
   [-0.       0.00781 -0.05469]]]]...
--------------------------------------------------------------------------------
[Bias] Layer: encoder2.block.0.1.fn.0 (QuantConv2d)
  Shape: (8,)
  Bit Width: 16.0
  Signed: True
  Scale: 0.00048828125
  Sample Bias: [ 0.55957 -0.01465  0.       0.      -0.54102  0.27197  0.05811 -0.03662]...
################################################################################

