################################################################################
[Weight] Layer: encoder2.block.0.2 (QuantConv2d)
  Shape: (32, 8, 1, 1)
  Bit Width: 8.0
  Signed: True
  Scale: 0.0078125
  Sample Weights: [[[[ 0.05469]]

  [[-0.03906]]

  [[-0.01562]]

  [[-0.10156]]

  [[ 0.04688]]

  [[-0.05469]]

  [[ 0.16406]]

  [[-0.15625]]]


 [[[ 0.24219]]

  [[-0.09375]]

  [[ 0.04688]]

  [[-0.01562]]

  [[-0.23438]]

  [[ 0.07031]]

  [[ 0.21094]]

  [[ 0.20312]]]


 [[[ 0.1875 ]]

  [[ 0.17188]]

  [[ 0.10156]]

  [[-0.09375]]

  [[-0.0625 ]]

  [[ 0.03906]]

  [[ 0.34375]]

  [[-0.25   ]]]


 [[[-0.     ]]

  [[-0.     ]]

  [[-0.     ]]

  [[-0.     ]]

  [[-0.     ]]

  [[-0.     ]]

  [[-0.     ]]

  [[-0.     ]]]


 [[[-0.125  ]]

  [[ 0.05469]]

  [[-0.04688]]

  [[ 0.05469]]

  [[ 0.25   ]]

  [[-0.11719]]

  [[-0.19531]]

  [[-0.11719]]]


 [[[ 0.01562]]

  [[-0.14062]]

  [[ 0.08594]]

  [[-0.03125]]

  [[ 0.1875 ]]

  [[-0.07812]]

  [[-0.03906]]

  [[ 0.19531]]]


 [[[-0.1875 ]]

  [[ 0.32812]]

  [[-0.04688]]

  [[ 0.10156]]

  [[-0.05469]]

  [[ 0.33594]]

  [[ 0.38281]]

  [[ 0.30469]]]


 [[[-0.125  ]]

  [[-0.26562]]

  [[ 0.15625]]

  [[ 0.42969]]

  [[ 0.10156]]

  [[-0.48438]]

  [[-0.11719]]

  [[-0.04688]]]


 [[[ 0.17969]]

  [[-0.55469]]

  [[-0.10156]]

  [[ 0.20312]]

  [[ 0.0625 ]]

  [[-0.03906]]

  [[ 0.22656]]

  [[-0.28125]]]


 [[[-0.15625]]

  [[-0.39844]]

  [[ 0.1875 ]]

  [[ 0.39844]]

  [[ 0.26562]]

  [[-0.65625]]

  [[-0.     ]]

  [[ 0.14844]]]]...
--------------------------------------------------------------------------------
[Bias] Layer: encoder2.block.0.2 (QuantConv2d)
  Shape: (32,)
  Bit Width: 16.0
  Signed: True
  Scale: 0.00048828125
  Sample Bias: [-0.47705 -0.55615 -0.92236 -0.       0.4292  -0.32471 -1.22656  0.80078
 -0.34082  0.49854]...
################################################################################

