################################################################################
[Weight] Layer: encoder2.block.0.5 (QuantConv2d)
  Shape: (8, 32, 1, 1)
  Bit Width: 8.0
  Signed: True
  Scale: 0.0078125
  Sample Weights: [[[[-0.05469]]

  [[-0.07031]]

  [[-0.10938]]

  [[ 0.     ]]

  [[ 0.07031]]

  [[-0.03906]]

  [[-0.35938]]

  [[-0.14844]]

  [[ 0.03125]]

  [[-0.1875 ]]

  [[ 0.03125]]

  [[ 0.07031]]

  [[ 0.03125]]

  [[-0.10938]]

  [[ 0.     ]]

  [[ 0.     ]]

  [[-0.02344]]

  [[-0.29688]]

  [[-0.     ]]

  [[-0.21094]]

  [[-0.22656]]

  [[ 0.     ]]

  [[-0.     ]]

  [[ 0.     ]]

  [[-0.11719]]

  [[-0.00781]]

  [[-0.     ]]

  [[ 0.00781]]

  [[-0.09375]]

  [[ 0.08594]]

  [[-0.00781]]

  [[ 0.03906]]]


 [[[ 0.02344]]

  [[-0.10938]]

  [[-0.32031]]

  [[ 0.     ]]

  [[-0.125  ]]

  [[-0.00781]]

  [[-0.38281]]

  [[ 0.05469]]

  [[ 0.08594]]

  [[-0.21094]]

  [[-0.21094]]

  [[-0.07031]]

  [[ 0.01562]]

  [[-0.08594]]

  [[ 0.     ]]

  [[ 0.     ]]

  [[ 0.09375]]

  [[ 0.16406]]

  [[-0.     ]]

  [[ 0.21094]]

  [[-0.22656]]

  [[-0.19531]]

  [[ 0.     ]]

  [[ 0.     ]]

  [[-0.42188]]

  [[ 0.10156]]

  [[ 0.15625]]

  [[ 0.32031]]

  [[-0.21094]]

  [[-0.25   ]]

  [[ 0.35156]]

  [[-0.02344]]]


 [[[-0.1875 ]]

  [[ 0.25781]]

  [[-0.16406]]

  [[ 0.     ]]

  [[-0.14062]]

  [[ 0.09375]]

  [[ 0.00781]]

  [[ 0.32031]]

  [[ 0.     ]]

  [[ 0.42188]]

  [[-0.25781]]

  [[-0.1875 ]]

  [[ 0.03906]]

  [[ 0.07812]]

  [[-0.     ]]

  [[ 0.     ]]

  [[ 0.03125]]

  [[ 0.23438]]

  [[-0.     ]]

  [[ 0.11719]]

  [[ 0.46094]]

  [[-0.19531]]

  [[-0.     ]]

  [[ 0.     ]]

  [[-0.05469]]

  [[-0.10938]]

  [[ 0.03906]]

  [[ 0.28125]]

  [[ 0.05469]]

  [[-0.40625]]

  [[-0.23438]]

  [[ 0.10938]]]


 [[[ 0.21875]]

  [[ 0.29688]]

  [[ 0.39062]]

  [[-0.     ]]

  [[-0.10938]]

  [[-0.03125]]

  [[-0.07031]]

  [[ 0.13281]]

  [[ 0.39062]]

  [[ 0.07031]]

  [[ 0.05469]]

  [[-0.05469]]

  [[ 0.03906]]

  [[ 0.30469]]

  [[ 0.     ]]

  [[-0.     ]]

  [[ 0.3125 ]]

  [[ 0.07031]]

  [[ 0.     ]]

  [[-0.07812]]

  [[-0.1875 ]]

  [[-0.17188]]

  [[ 0.     ]]

  [[ 0.     ]]

  [[-0.21875]]

  [[-0.07812]]

  [[-0.03906]]

  [[-0.00781]]

  [[ 0.46094]]

  [[-0.     ]]

  [[-0.26562]]

  [[-0.25781]]]


 [[[ 0.10156]]

  [[-0.05469]]

  [[ 0.24219]]

  [[-0.     ]]

  [[ 0.4375 ]]

  [[ 0.13281]]

  [[ 0.15625]]

  [[ 0.48438]]

  [[ 0.17969]]

  [[ 0.48438]]

  [[-0.17969]]

  [[ 0.21094]]

  [[-0.     ]]

  [[ 0.01562]]

  [[-0.     ]]

  [[-0.03906]]

  [[-0.32812]]

  [[-0.63281]]

  [[ 0.     ]]

  [[ 0.32031]]

  [[ 0.07031]]

  [[ 0.03125]]

  [[-0.     ]]

  [[-0.     ]]

  [[ 0.16406]]

  [[ 0.4375 ]]

  [[ 0.55469]]

  [[-0.17188]]

  [[-0.03125]]

  [[-0.     ]]

  [[ 0.73438]]

  [[ 0.99219]]]


 [[[-0.03906]]

  [[ 0.14062]]

  [[ 0.13281]]

  [[ 0.     ]]

  [[-0.22656]]

  [[-0.15625]]

  [[ 0.28906]]

  [[-0.26562]]

  [[ 0.07812]]

  [[-0.17969]]

  [[ 0.07031]]

  [[-0.07812]]

  [[ 0.01562]]

  [[ 0.02344]]

  [[-0.     ]]

  [[-0.     ]]

  [[-0.13281]]

  [[ 0.03125]]

  [[-0.     ]]

  [[-0.22656]]

  [[ 0.09375]]

  [[-0.125  ]]

  [[-0.     ]]

  [[ 0.     ]]

  [[-0.13281]]

  [[-0.15625]]

  [[-0.16406]]

  [[-0.10156]]

  [[ 0.20312]]

  [[-0.05469]]

  [[-0.10156]]

  [[-0.03125]]]


 [[[ 0.     ]]

  [[ 0.14062]]

  [[-0.25   ]]

  [[ 0.     ]]

  [[ 0.10938]]

  [[ 0.07031]]

  [[-0.21875]]

  [[-0.17969]]

  [[-0.08594]]

  [[-0.08594]]

  [[-0.17188]]

  [[-0.20312]]

  [[ 0.     ]]

  [[-0.25   ]]

  [[-0.     ]]

  [[-0.     ]]

  [[-0.17188]]

  [[-0.08594]]

  [[-0.     ]]

  [[ 0.32812]]

  [[ 0.42188]]

  [[-0.11719]]

  [[-0.     ]]

  [[ 0.     ]]

  [[-0.17188]]

  [[ 0.10938]]

  [[ 0.19531]]

  [[-0.16406]]

  [[-0.11719]]

  [[-0.28906]]

  [[ 0.02344]]

  [[ 0.09375]]]


 [[[ 0.125  ]]

  [[-0.02344]]

  [[ 0.17188]]

  [[-0.     ]]

  [[ 0.02344]]

  [[-0.11719]]

  [[ 0.42969]]

  [[-0.14062]]

  [[-0.3125 ]]

  [[-0.21875]]

  [[ 0.14062]]

  [[-0.03125]]

  [[-0.01562]]

  [[ 0.04688]]

  [[-0.     ]]

  [[-0.00781]]

  [[-0.38281]]

  [[ 0.02344]]

  [[ 0.     ]]

  [[-0.00781]]

  [[ 0.15625]]

  [[ 0.01562]]

  [[ 0.     ]]

  [[ 0.     ]]

  [[ 0.47656]]

  [[-0.10938]]

  [[-0.125  ]]

  [[-0.125  ]]

  [[ 0.20312]]

  [[ 0.03125]]

  [[-0.125  ]]

  [[ 0.03125]]]]...
--------------------------------------------------------------------------------
[Bias] Layer: encoder2.block.0.5 (QuantConv2d)
  Shape: (8,)
  Bit Width: 16.0
  Signed: True
  Scale: 0.00048828125
  Sample Bias: [ 0.57031  0.39014  0.09521  0.1416  -0.79297  0.40576  0.37695 -0.30518]...
################################################################################

