################################################################################
[Weight] Layer: encoder2.up.conv.0 (QuantConv2d)
  Shape: (8, 8, 3, 3)
  Bit Width: 8.0
  Signed: True
  Scale: 0.001953125
  Sample Weights: [[[[ 0.0293   0.00586 -0.06055]
   [-0.      -0.04688 -0.     ]
   [-0.02539 -0.02539  0.01758]]

  [[ 0.06445 -0.00781 -0.01758]
   [-0.04297 -0.       0.01758]
   [-0.05664 -0.04297  0.01562]]

  [[-0.04492 -0.0293  -0.0625 ]
   [-0.07422 -0.0293  -0.08984]
   [-0.12891 -0.11133 -0.09766]]

  [[ 0.00586  0.07422  0.04102]
   [ 0.11133  0.13086  0.00391]
   [ 0.08008 -0.01367 -0.08008]]

  [[ 0.00195 -0.00781 -0.11328]
   [-0.07422 -0.02344 -0.05078]
   [-0.05078 -0.06836 -0.0625 ]]

  [[-0.04492  0.08594  0.10938]
   [ 0.08398  0.13281  0.08398]
   [ 0.10156  0.04492  0.01367]]

  [[ 0.05469  0.02539 -0.07812]
   [-0.01758 -0.02148 -0.01562]
   [-0.05273 -0.04492 -0.00781]]

  [[-0.1582  -0.07617  0.05273]
   [-0.05273  0.04883  0.03125]
   [ 0.05469  0.02148 -0.0293 ]]]


 [[[-0.03125  0.00586 -0.01953]
   [-0.0332  -0.0293  -0.00586]
   [-0.01562 -0.06055 -0.04102]]

  [[-0.0625  -0.05469 -0.08984]
   [-0.0293  -0.03711 -0.0625 ]
   [-0.      -0.00195 -0.02734]]

  [[ 0.00781 -0.00195 -0.03711]
   [-0.05859  0.00977 -0.03125]
   [-0.0293  -0.00586  0.01953]]

  [[ 0.07031  0.01953 -0.03906]
   [ 0.09375  0.06055  0.00586]
   [ 0.03516  0.0957   0.07617]]

  [[-0.07227 -0.03906 -0.03711]
   [-0.00781 -0.05469 -0.04492]
   [-0.01758 -0.05469 -0.04102]]

  [[ 0.01953  0.03516 -0.02734]
   [ 0.02148  0.04297  0.02148]
   [-0.03711  0.05469  0.09375]]

  [[-0.09375 -0.07812 -0.07422]
   [-0.07812 -0.0293  -0.05078]
   [-0.02734 -0.02148  0.01367]]

  [[-0.06055 -0.04297  0.04883]
   [-0.00781 -0.0625   0.01562]
   [-0.00195 -0.0293   0.03711]]]


 [[[-0.07031 -0.08008 -0.0293 ]
   [-0.08398 -0.04102 -0.05664]
   [-0.03906 -0.05664 -0.08203]]

  [[-0.02148 -0.04883  0.02148]
   [ 0.02734  0.01758  0.06055]
   [ 0.04492 -0.00195  0.00781]]

  [[ 0.09961  0.07031  0.0918 ]
   [ 0.08398  0.07227  0.05469]
   [ 0.0957   0.08008  0.11328]]

  [[ 0.04883  0.08008  0.06445]
   [ 0.04688  0.07812  0.11914]
   [ 0.04883  0.08203  0.09375]]

  [[-0.17578 -0.12891 -0.10547]
   [-0.05469 -0.07422 -0.03711]
   [ 0.04297 -0.07227 -0.01172]]

  [[ 0.04297  0.03906  0.01953]
   [ 0.02344  0.02539  0.04688]
   [-0.00977  0.00977  0.03125]]

  [[-0.0332  -0.10938 -0.0957 ]
   [ 0.05859 -0.06055 -0.04102]
   [ 0.04883 -0.0332  -0.01367]]

  [[-0.02539  0.00586 -0.02734]
   [ 0.0332  -0.02344 -0.00977]
   [-0.01367 -0.02734  0.03125]]]


 [[[-0.07812 -0.08789 -0.07227]
   [-0.11914 -0.13477 -0.05859]
   [-0.07812 -0.08203 -0.13477]]

  [[-0.01172  0.00391  0.02148]
   [-0.04297 -0.07812  0.0332 ]
   [-0.10156 -0.05469 -0.08398]]

  [[ 0.08203 -0.01758  0.07617]
   [ 0.02148  0.07422  0.01562]
   [ 0.07227  0.04102  0.06641]]

  [[-0.09961 -0.00195  0.05859]
   [-0.06836 -0.03906  0.01562]
   [-0.15039  0.03906  0.0332 ]]

  [[-0.05664 -0.0332  -0.06445]
   [-0.02734 -0.05859 -0.08594]
   [-0.03906 -0.05078 -0.14453]]

  [[-0.01172  0.00977  0.06445]
   [-0.00977  0.07812  0.12109]
   [ 0.08984  0.09375  0.14844]]

  [[ 0.11523  0.01172  0.03711]
   [ 0.14062  0.0918  -0.0293 ]
   [ 0.08984  0.03516  0.03516]]

  [[ 0.0625   0.02344  0.07031]
   [ 0.03125 -0.01758  0.06836]
   [ 0.14648  0.1543   0.11523]]]


 [[[-0.08398 -0.00781 -0.07617]
   [-0.04688  0.02734 -0.00586]
   [ 0.00977  0.0625  -0.08789]]

  [[-0.01953 -0.24805 -0.11328]
   [ 0.11328 -0.20117  0.00195]
   [ 0.19336  0.08008  0.19531]]

  [[-0.05469 -0.05664 -0.17578]
   [-0.24414 -0.10156 -0.10547]
   [-0.10742 -0.04688  0.03516]]

  [[ 0.03516  0.21484  0.20898]
   [-0.04102 -0.01953  0.125  ]
   [-0.17188 -0.13672 -0.05469]]

  [[-0.12109 -0.24805 -0.08398]
   [-0.0918  -0.23047 -0.00195]
   [ 0.19922  0.24805  0.13086]]

  [[ 0.13867  0.13867  0.08398]
   [-0.08789  0.02344 -0.13477]
   [-0.16797 -0.17969 -0.12109]]

  [[-0.0918  -0.20898 -0.08594]
   [ 0.01367 -0.08203  0.00391]
   [ 0.19141  0.03906  0.02344]]

  [[ 0.03906  0.12305  0.19531]
   [-0.11914  0.00781 -0.11719]
   [-0.0918  -0.08203  0.00781]]]


 [[[ 0.13086  0.11719 -0.05664]
   [ 0.125    0.00586 -0.07617]
   [ 0.10352  0.0293  -0.04297]]

  [[ 0.11328 -0.02344  0.0293 ]
   [ 0.05664 -0.08398  0.03125]
   [ 0.10352 -0.00391 -0.     ]]

  [[-0.17773 -0.1582  -0.11133]
   [ 0.02344 -0.05664 -0.0957 ]
   [-0.0625  -0.05273 -0.10938]]

  [[-0.14062 -0.05273 -0.04102]
   [ 0.0293   0.13672  0.0625 ]
   [ 0.17773  0.24805  0.18555]]

  [[-0.08594 -0.05078  0.15234]
   [-0.0332  -0.09961  0.02148]
   [ 0.02148 -0.12891 -0.12109]]

  [[ 0.01758  0.00391  0.03125]
   [ 0.07812  0.16797  0.04102]
   [-0.0293   0.20117  0.11133]]

  [[-0.02344 -0.01562 -0.00586]
   [ 0.00391  0.01172 -0.00586]
   [-0.04688 -0.02148 -0.03906]]

  [[-0.05469 -0.04102 -0.08594]
   [ 0.02148 -0.06641  0.00391]
   [-0.08398 -0.06641  0.02539]]]


 [[[-0.04102  0.14258  0.05273]
   [-0.01562  0.13086  0.07422]
   [-0.02734  0.03516 -0.01953]]

  [[ 0.10352 -0.02148 -0.11523]
   [ 0.05078 -0.10938 -0.24805]
   [ 0.07422 -0.16992 -0.24805]]

  [[-0.09375 -0.05273 -0.01562]
   [-0.13086 -0.04102 -0.08008]
   [-0.12305 -0.0918  -0.05664]]

  [[-0.18555 -0.04492  0.01172]
   [-0.24805 -0.24805  0.0957 ]
   [-0.09375 -0.10938  0.05469]]

  [[ 0.06836 -0.16211 -0.09961]
   [-0.10547 -0.24805 -0.14648]
   [ 0.08203 -0.19336 -0.05664]]

  [[-0.04492  0.02734  0.09766]
   [-0.00977  0.05078  0.0957 ]
   [-0.02539  0.01367  0.11914]]

  [[ 0.07227 -0.09766 -0.03711]
   [-0.02148 -0.24805 -0.11328]
   [-0.00977 -0.10352 -0.01758]]

  [[ 0.19922  0.01758 -0.01172]
   [ 0.00781 -0.04688 -0.10352]
   [ 0.01562 -0.04688  0.05273]]]


 [[[-0.07031 -0.04492 -0.04492]
   [-0.0293   0.01953  0.06641]
   [-0.06055  0.01562  0.12305]]

  [[ 0.05859  0.04102 -0.09766]
   [ 0.05469 -0.02539 -0.0293 ]
   [ 0.0293  -0.04688 -0.06445]]

  [[ 0.01367  0.00586  0.05078]
   [ 0.01953 -0.00586  0.00391]
   [-0.06641 -0.0625  -0.07031]]

  [[ 0.00586  0.06641  0.03711]
   [ 0.20508  0.125   -0.10547]
   [-0.01562 -0.12109 -0.13672]]

  [[-0.01367 -0.08203  0.04297]
   [-0.      -0.23047 -0.12891]
   [ 0.01562 -0.07422 -0.10742]]

  [[ 0.02539  0.03711  0.02539]
   [ 0.03125  0.11523 -0.05273]
   [-0.01172 -0.04883 -0.17773]]

  [[ 0.00586 -0.03711 -0.04492]
   [-0.01562 -0.19141 -0.06445]
   [-0.10352 -0.10742 -0.02344]]

  [[ 0.08984 -0.10547  0.06641]
   [-0.04883 -0.07031 -0.07031]
   [ 0.1582   0.11328  0.05664]]]]...
--------------------------------------------------------------------------------
[Bias] Layer: encoder2.up.conv.0 (QuantConv2d)
  Shape: (8,)
  Bit Width: 16.0
  Signed: True
  Scale: 0.0001220703125
  Sample Bias: [0.14783 0.43921 0.12842 0.12817 0.90747 0.01746 1.88367 0.81982]...
################################################################################

