################################################################################
[Weight] Layer: encoder4.block.0.0.fn.0 (QuantConv2d)
  Shape: (16, 1, 7, 7)
  Bit Width: 8.0
  Signed: True
  Scale: 0.0078125
  Sample Weights: [[[[ 0.10156  0.14844  0.10156 -0.05469 -0.01562  0.02344 -0.07031]
   [ 0.02344  0.07812  0.14844  0.01562 -0.07812  0.04688 -0.04688]
   [ 0.0625  -0.02344  0.13281  0.08594  0.04688  0.07031 -0.25   ]
   [ 0.125    0.15625  0.20312  0.0625  -0.      -0.15625 -0.35938]
   [ 0.17969  0.13281 -0.00781  0.00781 -0.19531 -0.375   -0.22656]
   [-0.02344  0.13281  0.07031 -0.23438 -0.42188 -0.26562 -0.19531]
   [ 0.10938  0.02344 -0.07812 -0.35156 -0.26562 -0.03906 -0.04688]]]


 [[[ 0.15625  0.01562 -0.03906  0.11719 -0.0625  -0.28125 -0.10156]
   [ 0.0625  -0.       0.10156  0.1875   0.09375 -0.13281  0.01562]
   [-0.01562  0.00781  0.05469  0.07812  0.01562 -0.14844 -0.09375]
   [-0.14844 -0.19531 -0.28125  0.05469  0.03125  0.11719 -0.0625 ]
   [-0.21094 -0.03125 -0.125    0.14844  0.0625   0.17188 -0.07031]
   [-0.23438 -0.02344 -0.04688  0.07812  0.07812  0.09375  0.     ]
   [-0.23438 -0.08594  0.07031  0.03906  0.0625   0.02344  0.04688]]]


 [[[ 0.02344 -0.125    0.11719  0.25781  0.13281 -0.10938 -0.09375]
   [-0.04688 -0.03125  0.32031  0.4375   0.25    -0.03125 -0.13281]
   [-0.08594  0.02344  0.36719  0.35156  0.15625 -0.14062 -0.07031]
   [ 0.03906  0.11719  0.27344  0.24219 -0.02344 -0.09375  0.13281]
   [ 0.01562  0.0625   0.14062  0.04688 -0.00781 -0.0625   0.07031]
   [-0.05469 -0.01562  0.03906 -0.09375 -0.01562 -0.21875  0.17969]
   [-0.08594 -0.01562  0.15625  0.10938 -0.10156 -0.125    0.11719]]]


 [[[-0.0625  -0.125   -0.07812 -0.09375 -0.07031 -0.03906 -0.10156]
   [ 0.      -0.05469  0.10938  0.       0.0625   0.08594 -0.07812]
   [ 0.14062  0.13281  0.14062  0.04688  0.02344  0.22656  0.10938]
   [ 0.10938  0.14844  0.0625  -0.03125  0.25781  0.29688  0.00781]
   [-0.10156  0.02344  0.08594  0.1875   0.28125  0.0625  -0.03906]
   [-0.20312 -0.125   -0.       0.03906 -0.15625 -0.17188 -0.10938]
   [-0.20312 -0.17188 -0.05469 -0.16406 -0.28125 -0.19531 -0.10938]]]


 [[[-0.17969 -0.14844 -0.03906 -0.125   -0.24219 -0.22656 -0.22656]
   [-0.01562  0.03125  0.07812 -0.01562 -0.09375 -0.08594 -0.24219]
   [-0.01562  0.03906  0.15625  0.17969  0.13281  0.10938 -0.07031]
   [ 0.01562  0.07031  0.13281  0.1875   0.10156  0.07031 -0.125  ]
   [-0.04688  0.       0.17188  0.0625   0.125    0.03906 -0.07031]
   [-0.03125 -0.02344  0.01562 -0.04688  0.07031  0.03125 -0.16406]
   [-0.01562 -0.03906  0.14062 -0.02344 -0.11719 -0.13281 -0.16406]]]


 [[[-0.03906 -0.04688 -0.03125 -0.05469 -0.11719 -0.08594 -0.11719]
   [ 0.09375 -0.04688 -0.02344 -0.13281 -0.11719 -0.08594 -0.0625 ]
   [ 0.21875  0.05469  0.00781 -0.125   -0.13281 -0.05469 -0.09375]
   [ 0.14062  0.21875  0.125    0.02344 -0.08594 -0.0625  -0.13281]
   [-0.00781  0.09375  0.13281  0.16406 -0.04688  0.0625  -0.10156]
   [-0.07812  0.03125  0.16406  0.16406 -0.04688 -0.04688  0.     ]
   [-0.03125 -0.03125 -0.03125  0.11719  0.07031 -0.04688 -0.07031]]]


 [[[-0.05469 -0.03906  0.13281 -0.03125  0.10938  0.02344  0.10938]
   [-0.11719  0.01562 -0.02344  0.07031 -0.00781 -0.05469 -0.01562]
   [-0.07031 -0.21875  0.28125 -0.00781 -0.       0.00781 -0.125  ]
   [-0.16406 -0.09375  0.44531  0.10938 -0.13281 -0.28906 -0.11719]
   [-0.15625 -0.07812  0.17969 -0.07031 -0.11719 -0.04688 -0.09375]
   [-0.01562 -0.01562 -0.00781 -0.05469 -0.09375  0.01562 -0.02344]
   [-0.01562  0.      -0.09375 -0.00781 -0.04688  0.07812 -0.02344]]]


 [[[ 0.07031  0.03125 -0.11719 -0.20312 -0.16406 -0.08594 -0.04688]
   [-0.0625  -0.04688 -0.19531 -0.15625 -0.05469  0.00781  0.02344]
   [-0.09375 -0.14844 -0.23438 -0.13281 -0.08594 -0.05469  0.05469]
   [-0.07031 -0.05469 -0.05469 -0.04688 -0.01562  0.03906  0.10938]
   [-0.01562  0.10938  0.03906  0.03906  0.04688  0.0625   0.03906]
   [ 0.03906  0.03906  0.02344 -0.11719  0.03125  0.14062  0.05469]
   [-0.07812  0.02344  0.07031  0.03125  0.07031  0.125    0.14062]]]


 [[[ 0.0625  -0.14844 -0.19531 -0.14062 -0.08594 -0.11719 -0.04688]
   [ 0.04688  0.00781 -0.04688 -0.09375  0.01562 -0.04688 -0.14062]
   [-0.03125  0.       0.02344  0.0625   0.10156  0.0625  -0.16406]
   [ 0.00781  0.01562  0.08594  0.10938  0.11719 -0.03125 -0.15625]
   [-0.00781 -0.03906 -0.02344  0.02344  0.10156 -0.07812 -0.07031]
   [-0.01562  0.0625  -0.00781 -0.10156 -0.01562 -0.10156 -0.10156]
   [ 0.07812  0.04688 -0.05469 -0.16406 -0.125   -0.17188 -0.07031]]]


 [[[-0.13281 -0.15625 -0.23438 -0.23438 -0.07031  0.03906 -0.0625 ]
   [-0.10156 -0.21094 -0.1875  -0.19531 -0.08594 -0.00781 -0.125  ]
   [-0.03906 -0.11719 -0.16406 -0.14062 -0.10156 -0.05469 -0.10938]
   [-0.      -0.01562 -0.07812 -0.02344  0.02344 -0.04688 -0.08594]
   [ 0.14062  0.01562  0.02344 -0.01562  0.03125  0.03906  0.02344]
   [ 0.13281  0.14062 -0.01562  0.       0.01562  0.00781  0.     ]
   [ 0.23438  0.22656  0.11719  0.21094  0.22656  0.15625  0.14062]]]]...
--------------------------------------------------------------------------------
[Bias] Layer: encoder4.block.0.0.fn.0 (QuantConv2d)
  Shape: (16,)
  Bit Width: 16.0
  Signed: True
  Scale: 0.00048828125
  Sample Bias: [ 5.74707e-01  1.65527e-01 -2.76855e-01 -4.44336e-02  6.12793e-01
 -4.88281e-04  2.64648e-01  1.57227e-01  1.25342e+00  1.68457e-01]...
################################################################################

