################################################################################
[Weight] Layer: encoder4.block.0.1.fn.0 (QuantConv2d)
  Shape: (16, 1, 7, 7)
  Bit Width: 8.0
  Signed: True
  Scale: 0.00390625
  Sample Weights: [[[[-0.05469 -0.01953  0.00781  0.02344  0.08594  0.16406  0.07422]
   [-0.07812 -0.03516 -0.02734  0.01172  0.0625   0.17188  0.125  ]
   [-0.07422 -0.0625  -0.01562  0.03516  0.11328  0.22266  0.0625 ]
   [-0.04297  0.02344  0.01562  0.05859  0.14844  0.10547 -0.02734]
   [ 0.09375  0.09766  0.08203  0.03906  0.07031  0.03125  0.02344]
   [ 0.05078  0.08984  0.09375  0.01562  0.05469 -0.00391  0.03516]
   [-0.07812  0.01953  0.09375  0.08984  0.02734 -0.02734 -0.02734]]]


 [[[-0.05859 -0.01953 -0.05078 -0.13672 -0.21875 -0.13281 -0.18359]
   [-0.00391  0.04688  0.06641 -0.01953 -0.16016 -0.09766 -0.14062]
   [ 0.07422  0.03125  0.15625  0.01562 -0.16797 -0.15234 -0.14453]
   [ 0.       0.02344  0.05469  0.10156 -0.01172 -0.03906 -0.02734]
   [-0.03906 -0.0625   0.01172  0.05859  0.01562  0.02344 -0.01953]
   [-0.125   -0.16406 -0.03125 -0.05078  0.07031  0.00391  0.01172]
   [-0.0625  -0.08203 -0.02734  0.01953  0.12891  0.01562  0.08984]]]


 [[[ 0.17188  0.07422  0.02344 -0.00781 -0.02734 -0.03125 -0.05469]
   [ 0.11328  0.05469  0.00781 -0.01172  0.01562  0.00391 -0.03906]
   [ 0.0625   0.01172 -0.01562 -0.01562  0.00391 -0.01953 -0.05469]
   [ 0.05859 -0.01172 -0.03125 -0.03906 -0.03516 -0.04297 -0.03906]
   [ 0.05078 -0.01172 -0.01172 -0.05859 -0.03516 -0.03125  0.00781]
   [ 0.07031  0.00391 -0.      -0.03125 -0.03125 -0.01562  0.03906]
   [ 0.07422  0.00391 -0.01562 -0.03516 -0.05078 -0.02344  0.04688]]]


 [[[-0.02734 -0.04297 -0.01562 -0.04688 -0.03906 -0.03516  0.05469]
   [-0.0625  -0.11719 -0.      -0.00391 -0.00391  0.      -0.03906]
   [-0.01953 -0.02734  0.02344 -0.04688  0.04297  0.01562  0.00391]
   [-0.03906 -0.0625  -0.07812 -0.17188 -0.06641  0.03906  0.01172]
   [-0.04297 -0.03125  0.02734  0.00391 -0.01562 -0.04297 -0.05078]
   [-0.02344  0.03125  0.14062  0.21484  0.13672 -0.00391 -0.08594]
   [-0.0625  -0.01172  0.10547  0.21875  0.23047  0.125    0.03906]]]


 [[[-0.00781 -0.04688  0.00781 -0.01562  0.01953 -0.03906 -0.05469]
   [ 0.02734  0.00391  0.05078  0.07422  0.08594  0.07031  0.00391]
   [ 0.03906  0.01953  0.05078  0.08203  0.05859  0.07812  0.04297]
   [ 0.       0.03516  0.03125  0.05469  0.05078  0.04297 -0.00391]
   [-0.03125 -0.00781  0.03906  0.02344  0.01953 -0.00391 -0.01172]
   [-0.07031 -0.03125  0.00781  0.00391 -0.       0.       0.     ]
   [-0.01953 -0.02344  0.00391 -0.01172  0.00781  0.00391 -0.00391]]]


 [[[-0.03906 -0.07031 -0.07812 -0.125   -0.30469 -0.10156 -0.10156]
   [-0.      -0.13672 -0.10156 -0.05469 -0.19922 -0.10547 -0.03906]
   [ 0.19922 -0.00781 -0.05078 -0.05469 -0.0625   0.01562 -0.10938]
   [ 0.19141  0.09375 -0.03125 -0.10938 -0.09375  0.00781 -0.05469]
   [ 0.07031  0.20703  0.20312  0.26562 -0.02734  0.13672 -0.12109]
   [ 0.00391  0.28125  0.30859  0.30078  0.03125  0.15625  0.01172]
   [-0.14453  0.13672  0.25391  0.23828  0.02734 -0.08594 -0.08594]]]


 [[[-0.01953 -0.03125  0.02344 -0.00781  0.09375  0.10938  0.11719]
   [ 0.01562  0.00781  0.07031  0.04297  0.00391 -0.10938 -0.06641]
   [-0.04688  0.0625   0.14844  0.00391  0.01953 -0.05469 -0.05859]
   [-0.21094 -0.13281  0.21484  0.05859 -0.12891 -0.20703 -0.05078]
   [-0.125   -0.06641  0.09766 -0.05469 -0.03516 -0.09375 -0.06641]
   [-0.04297 -0.       0.10547  0.03125  0.04688  0.07422  0.00781]
   [ 0.00391 -0.01953 -0.04297 -0.02344  0.02734  0.02344 -0.00781]]]


 [[[-0.17969 -0.08203 -0.02734  0.125    0.13281  0.13281  0.20312]
   [-0.13281 -0.02734  0.00391  0.17969  0.12891  0.13281  0.19922]
   [-0.05859 -0.05078 -0.03125 -0.01953  0.10156  0.01562  0.11719]
   [-0.23828  0.05469  0.03516 -0.20703 -0.03516  0.13281  0.07422]
   [-0.27344  0.11719  0.17969 -0.02344  0.03516  0.19531  0.03125]
   [-0.23828 -0.05469  0.06641 -0.03125  0.02344  0.14844  0.01953]
   [-0.19531 -0.1875  -0.27344 -0.30469 -0.17969 -0.07812 -0.06641]]]


 [[[-0.05078 -0.05469 -0.10938 -0.08594  0.00391  0.00391 -0.01953]
   [ 0.02344 -0.01172 -0.07031 -0.11719 -0.03906  0.01172 -0.05469]
   [ 0.02734  0.03516 -0.       0.00391  0.03516  0.02344 -0.07422]
   [ 0.05078 -0.01562 -0.01172  0.05078  0.0625   0.04688 -0.03906]
   [ 0.04688 -0.03906 -0.03906  0.00781  0.09375  0.03906 -0.03906]
   [-0.01562 -0.07031  0.02344 -0.01953  0.01562 -0.03125 -0.10938]
   [-0.10156 -0.10156 -0.03516 -0.04297 -0.05469 -0.03906 -0.19141]]]


 [[[ 0.28906  0.22266  0.1875  -0.02344 -0.03906 -0.11328 -0.24219]
   [ 0.1875   0.25     0.11719 -0.08203  0.00781 -0.05469 -0.18359]
   [ 0.20703  0.09375 -0.02344 -0.07031  0.03516 -0.05078 -0.26953]
   [ 0.42578  0.11719 -0.07031 -0.10938  0.03125  0.08594 -0.33594]
   [ 0.25     0.0625  -0.04297 -0.11328  0.05078  0.12109 -0.14062]
   [ 0.15234 -0.04297 -0.15234 -0.25391 -0.0625  -0.01562 -0.17969]
   [ 0.08594  0.14062  0.01953 -0.09375 -0.02734  0.13281 -0.05469]]]]...
--------------------------------------------------------------------------------
[Bias] Layer: encoder4.block.0.1.fn.0 (QuantConv2d)
  Shape: (16,)
  Bit Width: 16.0
  Signed: True
  Scale: 0.0001220703125
  Sample Bias: [-1.02112  0.8197   0.28076 -0.1626  -0.39014 -0.11938  0.08557  0.53479
  0.51404 -0.04065]...
################################################################################

