################################################################################
[Weight] Layer: encoder4.block.0.2 (QuantConv2d)
  Shape: (64, 16, 1, 1)
  Bit Width: 8.0
  Signed: True
  Scale: 0.00390625
  Sample Weights: [[[[ 0.13281]]

  [[-0.13281]]

  [[-0.18359]]

  [[ 0.03906]]

  [[ 0.13672]]

  [[-0.     ]]

  [[ 0.29688]]

  [[ 0.03125]]

  [[ 0.10156]]

  [[ 0.125  ]]

  [[ 0.125  ]]

  [[-0.08984]]

  [[-0.01562]]

  [[ 0.17578]]

  [[ 0.08203]]

  [[ 0.14453]]]


 [[[-0.0625 ]]

  [[-0.11719]]

  [[-0.05469]]

  [[-0.04688]]

  [[ 0.10938]]

  [[ 0.01562]]

  [[ 0.23047]]

  [[-0.08594]]

  [[-0.11328]]

  [[ 0.02734]]

  [[-0.05078]]

  [[-0.03906]]

  [[-0.08594]]

  [[-0.05469]]

  [[ 0.04688]]

  [[ 0.09766]]]


 [[[-0.17969]]

  [[ 0.11719]]

  [[ 0.19141]]

  [[-0.27344]]

  [[ 0.14062]]

  [[-0.03516]]

  [[ 0.20703]]

  [[-0.13281]]

  [[ 0.02734]]

  [[-0.07031]]

  [[ 0.10547]]

  [[ 0.49219]]

  [[ 0.09375]]

  [[ 0.47266]]

  [[-0.19141]]

  [[-0.16797]]]


 [[[-0.     ]]

  [[ 0.     ]]

  [[ 0.     ]]

  [[-0.     ]]

  [[-0.     ]]

  [[-0.     ]]

  [[ 0.     ]]

  [[ 0.     ]]

  [[-0.     ]]

  [[-0.     ]]

  [[-0.     ]]

  [[ 0.     ]]

  [[-0.     ]]

  [[ 0.     ]]

  [[-0.     ]]

  [[ 0.     ]]]


 [[[ 0.05859]]

  [[ 0.13281]]

  [[ 0.44141]]

  [[ 0.20312]]

  [[ 0.49609]]

  [[ 0.26172]]

  [[ 0.12109]]

  [[ 0.04297]]

  [[ 0.08203]]

  [[-0.30078]]

  [[-0.4375 ]]

  [[-0.08203]]

  [[-0.48047]]

  [[-0.10156]]

  [[-0.32031]]

  [[-0.05859]]]


 [[[-0.03906]]

  [[ 0.3125 ]]

  [[ 0.04297]]

  [[-0.02344]]

  [[ 0.12891]]

  [[ 0.17188]]

  [[-0.125  ]]

  [[-0.23047]]

  [[ 0.11328]]

  [[-0.13281]]

  [[-0.13672]]

  [[ 0.00781]]

  [[-0.24219]]

  [[-0.25   ]]

  [[ 0.19922]]

  [[ 0.10547]]]


 [[[ 0.05469]]

  [[-0.03516]]

  [[ 0.03906]]

  [[ 0.08203]]

  [[ 0.08984]]

  [[ 0.08594]]

  [[-0.08594]]

  [[ 0.03516]]

  [[-0.14062]]

  [[ 0.02344]]

  [[ 0.03906]]

  [[ 0.05469]]

  [[ 0.10156]]

  [[-0.13672]]

  [[-0.04297]]

  [[ 0.07031]]]


 [[[ 0.01172]]

  [[ 0.01172]]

  [[ 0.01953]]

  [[ 0.02344]]

  [[ 0.03906]]

  [[ 0.04297]]

  [[-0.05078]]

  [[ 0.00391]]

  [[-0.03516]]

  [[-0.00391]]

  [[ 0.02734]]

  [[ 0.04688]]

  [[ 0.03906]]

  [[-0.0625 ]]

  [[-0.01172]]

  [[ 0.06641]]]


 [[[-0.04688]]

  [[ 0.07812]]

  [[-0.09766]]

  [[-0.04688]]

  [[-0.06641]]

  [[-0.16797]]

  [[-0.1875 ]]

  [[-0.00391]]

  [[-0.08203]]

  [[-0.12891]]

  [[ 0.03125]]

  [[ 0.15234]]

  [[ 0.08594]]

  [[ 0.02734]]

  [[-0.10156]]

  [[-0.05078]]]


 [[[ 0.12109]]

  [[-0.02734]]

  [[-0.25   ]]

  [[ 0.07812]]

  [[-0.03906]]

  [[-0.01953]]

  [[-0.03125]]

  [[-0.28906]]

  [[ 0.17969]]

  [[ 0.08594]]

  [[-0.15625]]

  [[-0.17188]]

  [[ 0.08984]]

  [[-0.35156]]

  [[ 0.05469]]

  [[-0.26562]]]]...
--------------------------------------------------------------------------------
[Bias] Layer: encoder4.block.0.2 (QuantConv2d)
  Shape: (64,)
  Bit Width: 16.0
  Signed: True
  Scale: 0.000244140625
  Sample Bias: [-1.27026 -0.06885 -0.95898  0.      -0.13452  0.14697 -0.0083  -0.05249
  0.21533  0.48267]...
################################################################################

