################################################################################
[Weight] Layer: encoder5.block.0.2 (QuantConv2d)
  Shape: (64, 16, 1, 1)
  Bit Width: 8.0
  Signed: True
  Scale: 0.00390625
  Sample Weights: [[[[-0.12109]]

  [[-0.23828]]

  [[ 0.14062]]

  [[-0.12109]]

  [[ 0.03516]]

  [[ 0.10938]]

  [[-0.07812]]

  [[ 0.28516]]

  [[ 0.07812]]

  [[ 0.00391]]

  [[ 0.08203]]

  [[-0.19531]]

  [[ 0.125  ]]

  [[ 0.25   ]]

  [[-0.12891]]

  [[-0.15625]]]


 [[[ 0.10547]]

  [[ 0.21484]]

  [[ 0.03906]]

  [[-0.20312]]

  [[-0.14453]]

  [[-0.09766]]

  [[-0.14062]]

  [[ 0.23047]]

  [[ 0.11719]]

  [[ 0.15625]]

  [[-0.05078]]

  [[-0.10938]]

  [[-0.04688]]

  [[ 0.10156]]

  [[ 0.13672]]

  [[-0.05469]]]


 [[[-0.14844]]

  [[-0.21094]]

  [[-0.03906]]

  [[-0.08203]]

  [[-0.07031]]

  [[-0.03906]]

  [[ 0.11719]]

  [[-0.19922]]

  [[ 0.0625 ]]

  [[-0.10938]]

  [[ 0.07422]]

  [[ 0.10547]]

  [[-0.17578]]

  [[ 0.08203]]

  [[ 0.19141]]

  [[-0.04297]]]


 [[[-0.26562]]

  [[-0.00781]]

  [[ 0.1875 ]]

  [[ 0.06641]]

  [[ 0.03516]]

  [[ 0.00781]]

  [[-0.10156]]

  [[ 0.07422]]

  [[-0.31641]]

  [[ 0.05859]]

  [[-0.02734]]

  [[-0.31641]]

  [[-0.20703]]

  [[-0.02344]]

  [[-0.03516]]

  [[ 0.19531]]]


 [[[ 0.1875 ]]

  [[ 0.08203]]

  [[ 0.01562]]

  [[ 0.14062]]

  [[-0.07812]]

  [[ 0.10938]]

  [[ 0.0625 ]]

  [[-0.10938]]

  [[ 0.26953]]

  [[-0.02344]]

  [[ 0.19141]]

  [[-0.02344]]

  [[ 0.10547]]

  [[-0.11328]]

  [[-0.36328]]

  [[-0.00391]]]


 [[[ 0.14453]]

  [[ 0.29688]]

  [[ 0.24219]]

  [[ 0.14844]]

  [[ 0.25   ]]

  [[-0.28906]]

  [[ 0.34766]]

  [[-0.07031]]

  [[-0.49219]]

  [[-0.35156]]

  [[ 0.01562]]

  [[-0.13672]]

  [[-0.11328]]

  [[-0.03516]]

  [[ 0.00781]]

  [[ 0.01953]]]


 [[[ 0.03906]]

  [[-0.08594]]

  [[ 0.11719]]

  [[ 0.01172]]

  [[ 0.03906]]

  [[-0.05469]]

  [[ 0.11328]]

  [[ 0.00391]]

  [[-0.07031]]

  [[-0.1875 ]]

  [[ 0.05859]]

  [[ 0.07812]]

  [[ 0.12109]]

  [[ 0.01953]]

  [[-0.17578]]

  [[ 0.07031]]]


 [[[-0.00391]]

  [[-0.01172]]

  [[-0.01562]]

  [[ 0.05859]]

  [[-0.01953]]

  [[ 0.09766]]

  [[ 0.06641]]

  [[ 0.03516]]

  [[-0.06641]]

  [[-0.125  ]]

  [[ 0.07031]]

  [[ 0.05469]]

  [[ 0.03516]]

  [[ 0.00781]]

  [[ 0.05078]]

  [[ 0.17578]]]


 [[[ 0.04297]]

  [[-0.10156]]

  [[ 0.09766]]

  [[ 0.07422]]

  [[ 0.24609]]

  [[-0.26953]]

  [[ 0.14844]]

  [[-0.125  ]]

  [[-0.13281]]

  [[-0.05859]]

  [[ 0.11719]]

  [[ 0.01172]]

  [[ 0.125  ]]

  [[-0.13281]]

  [[-0.17188]]

  [[-0.10938]]]


 [[[-0.     ]]

  [[ 0.     ]]

  [[ 0.     ]]

  [[-0.00391]]

  [[-0.     ]]

  [[-0.     ]]

  [[-0.00391]]

  [[-0.     ]]

  [[-0.     ]]

  [[-0.00391]]

  [[-0.00391]]

  [[-0.     ]]

  [[-0.00391]]

  [[-0.     ]]

  [[-0.     ]]

  [[-0.     ]]]]...
--------------------------------------------------------------------------------
[Bias] Layer: encoder5.block.0.2 (QuantConv2d)
  Shape: (64,)
  Bit Width: 16.0
  Signed: True
  Scale: 0.0001220703125
  Sample Bias: [-0.13782 -0.07812  0.40222  0.69543 -0.57031 -0.17932 -0.22046 -0.48083
  0.00671 -0.00281]...
################################################################################

