################################################################################
[Weight] Layer: encoder5.block.1.5 (QuantConv2d)
  Shape: (16, 64, 1, 1)
  Bit Width: 8.0
  Signed: True
  Scale: 0.0078125
  Sample Weights: [[[[-0.     ]]

  [[ 0.     ]]

  [[ 0.     ]]

  [[ 0.     ]]

  [[-0.     ]]

  [[ 0.     ]]

  [[-0.     ]]

  [[-0.     ]]

  [[-0.     ]]

  [[ 0.     ]]

  [[ 0.     ]]

  [[-0.     ]]

  [[-0.     ]]

  [[ 0.     ]]

  [[ 0.     ]]

  [[ 0.     ]]

  [[ 0.     ]]

  [[-0.     ]]

  [[-0.     ]]

  [[-0.     ]]

  [[ 0.     ]]

  [[ 0.     ]]

  [[ 0.     ]]

  [[ 0.     ]]

  [[ 0.     ]]

  [[-0.     ]]

  [[ 0.     ]]

  [[ 0.     ]]

  [[ 0.     ]]

  [[ 0.     ]]

  [[ 0.     ]]

  [[-0.     ]]

  [[-0.     ]]

  [[-0.     ]]

  [[-0.     ]]

  [[ 0.     ]]

  [[ 0.     ]]

  [[-0.     ]]

  [[ 0.     ]]

  [[ 0.     ]]

  [[ 0.     ]]

  [[ 0.     ]]

  [[-0.     ]]

  [[ 0.     ]]

  [[ 0.     ]]

  [[ 0.     ]]

  [[-0.     ]]

  [[ 0.     ]]

  [[ 0.     ]]

  [[-0.     ]]

  [[-0.     ]]

  [[-0.     ]]

  [[ 0.     ]]

  [[ 0.     ]]

  [[ 0.     ]]

  [[-0.     ]]

  [[-0.     ]]

  [[-0.     ]]

  [[ 0.     ]]

  [[-0.     ]]

  [[-0.     ]]

  [[-0.     ]]

  [[-0.     ]]

  [[ 0.     ]]]


 [[[-0.11719]]

  [[ 0.01562]]

  [[-0.     ]]

  [[ 0.     ]]

  [[-0.08594]]

  [[-0.     ]]

  [[-0.     ]]

  [[-0.00781]]

  [[ 0.03125]]

  [[-0.     ]]

  [[-0.     ]]

  [[ 0.04688]]

  [[-0.25781]]

  [[-0.07812]]

  [[-0.04688]]

  [[-0.01562]]

  [[ 0.     ]]

  [[-0.08594]]

  [[ 0.0625 ]]

  [[ 0.     ]]

  [[-0.     ]]

  [[-0.     ]]

  [[ 0.     ]]

  [[-0.     ]]

  [[ 0.     ]]

  [[ 0.00781]]

  [[-0.04688]]

  [[ 0.     ]]

  [[-0.17969]]

  [[-0.24219]]

  [[ 0.00781]]

  [[-0.0625 ]]

  [[ 0.     ]]

  [[-0.     ]]

  [[-0.0625 ]]

  [[-0.     ]]

  [[ 0.     ]]

  [[ 0.08594]]

  [[-0.00781]]

  [[ 0.02344]]

  [[-0.10156]]

  [[ 0.09375]]

  [[ 0.05469]]

  [[ 0.     ]]

  [[-0.125  ]]

  [[ 0.11719]]

  [[-0.     ]]

  [[ 0.16406]]

  [[-0.03906]]

  [[-0.07031]]

  [[ 0.09375]]

  [[-0.11719]]

  [[-0.11719]]

  [[ 0.01562]]

  [[ 0.00781]]

  [[ 0.14844]]

  [[-0.19531]]

  [[-0.     ]]

  [[-0.01562]]

  [[ 0.05469]]

  [[-0.05469]]

  [[ 0.00781]]

  [[ 0.     ]]

  [[-0.     ]]]


 [[[ 0.10938]]

  [[-0.09375]]

  [[ 0.     ]]

  [[ 0.     ]]

  [[ 0.4375 ]]

  [[-0.     ]]

  [[ 0.     ]]

  [[ 0.16406]]

  [[-0.03125]]

  [[-0.     ]]

  [[ 0.     ]]

  [[-0.07812]]

  [[-0.02344]]

  [[ 0.10938]]

  [[ 0.05469]]

  [[-0.01562]]

  [[ 0.     ]]

  [[ 0.29688]]

  [[-0.11719]]

  [[-0.     ]]

  [[ 0.     ]]

  [[ 0.     ]]

  [[-0.     ]]

  [[-0.     ]]

  [[-0.     ]]

  [[ 0.02344]]

  [[ 0.39844]]

  [[-0.02344]]

  [[ 0.26562]]

  [[ 0.3125 ]]

  [[ 0.01562]]

  [[-0.15625]]

  [[-0.     ]]

  [[-0.     ]]

  [[ 0.00781]]

  [[-0.     ]]

  [[ 0.     ]]

  [[-0.14062]]

  [[ 0.03125]]

  [[ 0.21094]]

  [[ 0.08594]]

  [[-0.01562]]

  [[ 0.17969]]

  [[-0.     ]]

  [[ 0.32812]]

  [[ 0.40625]]

  [[ 0.40625]]

  [[ 0.04688]]

  [[ 0.00781]]

  [[ 0.08594]]

  [[-0.32031]]

  [[ 0.00781]]

  [[-0.14062]]

  [[ 0.13281]]

  [[-0.15625]]

  [[ 0.36719]]

  [[-0.13281]]

  [[ 0.     ]]

  [[-0.02344]]

  [[ 0.17969]]

  [[ 0.22656]]

  [[-0.0625 ]]

  [[-0.     ]]

  [[ 0.     ]]]


 [[[ 0.125  ]]

  [[-0.14844]]

  [[ 0.     ]]

  [[-0.     ]]

  [[-0.14844]]

  [[ 0.     ]]

  [[ 0.     ]]

  [[-0.03906]]

  [[-0.13281]]

  [[-0.     ]]

  [[ 0.     ]]

  [[-0.14062]]

  [[ 0.25   ]]

  [[-0.19531]]

  [[ 0.21094]]

  [[ 0.     ]]

  [[-0.     ]]

  [[ 0.17188]]

  [[-0.11719]]

  [[ 0.     ]]

  [[-0.     ]]

  [[ 0.     ]]

  [[ 0.     ]]

  [[ 0.     ]]

  [[ 0.     ]]

  [[ 0.07031]]

  [[-0.32812]]

  [[-0.     ]]

  [[ 0.27344]]

  [[ 0.03906]]

  [[-0.03906]]

  [[-0.10938]]

  [[ 0.     ]]

  [[ 0.     ]]

  [[ 0.05469]]

  [[ 0.     ]]

  [[-0.     ]]

  [[ 0.08594]]

  [[-0.03906]]

  [[ 0.15625]]

  [[-0.02344]]

  [[-0.35938]]

  [[-0.10938]]

  [[ 0.     ]]

  [[-0.03125]]

  [[ 0.28125]]

  [[ 0.03125]]

  [[-0.39062]]

  [[-0.15625]]

  [[-0.07031]]

  [[ 0.01562]]

  [[-0.05469]]

  [[-0.10156]]

  [[-0.02344]]

  [[-0.32031]]

  [[-0.24219]]

  [[ 0.02344]]

  [[-0.01562]]

  [[ 0.02344]]

  [[-0.03125]]

  [[ 0.21094]]

  [[ 0.09375]]

  [[-0.     ]]

  [[ 0.     ]]]


 [[[ 0.11719]]

  [[ 0.     ]]

  [[-0.     ]]

  [[ 0.     ]]

  [[-0.03906]]

  [[ 0.     ]]

  [[-0.     ]]

  [[ 0.     ]]

  [[ 0.02344]]

  [[-0.     ]]

  [[-0.     ]]

  [[-0.     ]]

  [[-0.00781]]

  [[ 0.00781]]

  [[-0.     ]]

  [[ 0.00781]]

  [[ 0.     ]]

  [[ 0.10938]]

  [[ 0.     ]]

  [[-0.     ]]

  [[-0.     ]]

  [[-0.     ]]

  [[-0.     ]]

  [[ 0.     ]]

  [[-0.     ]]

  [[-0.00781]]

  [[ 0.     ]]

  [[-0.     ]]

  [[ 0.03906]]

  [[-0.08594]]

  [[-0.00781]]

  [[-0.03125]]

  [[-0.     ]]

  [[-0.     ]]

  [[-0.     ]]

  [[ 0.     ]]

  [[-0.     ]]

  [[-0.01562]]

  [[-0.     ]]

  [[ 0.10156]]

  [[ 0.00781]]

  [[-0.00781]]

  [[-0.04688]]

  [[-0.     ]]

  [[-0.01562]]

  [[ 0.07812]]

  [[ 0.00781]]

  [[ 0.     ]]

  [[-0.00781]]

  [[-0.01562]]

  [[-0.00781]]

  [[ 0.02344]]

  [[ 0.00781]]

  [[-0.00781]]

  [[-0.01562]]

  [[-0.03125]]

  [[-0.03906]]

  [[-0.     ]]

  [[ 0.01562]]

  [[-0.00781]]

  [[ 0.01562]]

  [[ 0.00781]]

  [[-0.     ]]

  [[-0.     ]]]


 [[[-0.32812]]

  [[ 0.02344]]

  [[-0.     ]]

  [[ 0.     ]]

  [[-0.19531]]

  [[-0.     ]]

  [[ 0.     ]]

  [[-0.01562]]

  [[-0.14062]]

  [[-0.     ]]

  [[-0.     ]]

  [[ 0.03125]]

  [[-0.50781]]

  [[ 0.04688]]

  [[-0.14844]]

  [[-0.02344]]

  [[ 0.     ]]

  [[-0.22656]]

  [[ 0.05469]]

  [[-0.     ]]

  [[ 0.02344]]

  [[-0.     ]]

  [[-0.     ]]

  [[-0.     ]]

  [[-0.     ]]

  [[ 0.40625]]

  [[-0.08594]]

  [[ 0.11719]]

  [[-0.55469]]

  [[-0.17969]]

  [[ 0.     ]]

  [[-0.05469]]

  [[-0.     ]]

  [[ 0.     ]]

  [[ 0.07031]]

  [[ 0.     ]]

  [[ 0.     ]]

  [[ 0.10156]]

  [[-0.11719]]

  [[-0.15625]]

  [[-0.3125 ]]

  [[ 0.375  ]]

  [[ 0.38281]]

  [[ 0.     ]]

  [[ 0.02344]]

  [[ 0.125  ]]

  [[ 0.17969]]

  [[ 0.3125 ]]

  [[ 0.03906]]

  [[-0.26562]]

  [[-0.19531]]

  [[ 0.21875]]

  [[-0.21875]]

  [[ 0.     ]]

  [[ 0.03906]]

  [[ 0.40625]]

  [[-0.22656]]

  [[-0.01562]]

  [[-0.07031]]

  [[-0.45312]]

  [[-0.16406]]

  [[-0.11719]]

  [[-0.     ]]

  [[-0.00781]]]


 [[[-0.36719]]

  [[ 0.14062]]

  [[-0.     ]]

  [[-0.     ]]

  [[-0.23438]]

  [[ 0.     ]]

  [[ 0.     ]]

  [[-0.16406]]

  [[-0.0625 ]]

  [[-0.     ]]

  [[ 0.     ]]

  [[ 0.10156]]

  [[-0.38281]]

  [[-0.27344]]

  [[ 0.08594]]

  [[-0.03906]]

  [[-0.     ]]

  [[-0.39844]]

  [[ 0.05469]]

  [[ 0.     ]]

  [[ 0.02344]]

  [[-0.     ]]

  [[ 0.     ]]

  [[-0.     ]]

  [[-0.     ]]

  [[ 0.125  ]]

  [[ 0.02344]]

  [[-0.02344]]

  [[-0.46094]]

  [[-0.34375]]

  [[ 0.01562]]

  [[-0.20312]]

  [[ 0.     ]]

  [[-0.     ]]

  [[-0.17969]]

  [[-0.     ]]

  [[-0.     ]]

  [[-0.02344]]

  [[-0.07812]]

  [[ 0.25   ]]

  [[-0.33594]]

  [[ 0.20312]]

  [[ 0.42188]]

  [[-0.     ]]

  [[-0.16406]]

  [[-0.125  ]]

  [[ 0.     ]]

  [[ 0.39062]]

  [[-0.03125]]

  [[-0.09375]]

  [[ 0.10156]]

  [[-0.00781]]

  [[-0.10156]]

  [[-0.10938]]

  [[-0.0625 ]]

  [[ 0.21875]]

  [[-0.32812]]

  [[-0.03906]]

  [[-0.08594]]

  [[-0.1875 ]]

  [[-0.16406]]

  [[ 0.14062]]

  [[-0.     ]]

  [[-0.     ]]]


 [[[-0.04688]]

  [[-0.00781]]

  [[ 0.     ]]

  [[-0.     ]]

  [[-0.10938]]

  [[ 0.     ]]

  [[ 0.     ]]

  [[-0.04688]]

  [[-0.20312]]

  [[-0.     ]]

  [[ 0.     ]]

  [[ 0.08594]]

  [[ 0.125  ]]

  [[-0.08594]]

  [[ 0.125  ]]

  [[-0.00781]]

  [[ 0.     ]]

  [[ 0.03906]]

  [[-0.03906]]

  [[-0.     ]]

  [[-0.     ]]

  [[ 0.     ]]

  [[-0.     ]]

  [[ 0.     ]]

  [[-0.     ]]

  [[ 0.10156]]

  [[-0.17188]]

  [[-0.00781]]

  [[ 0.01562]]

  [[-0.15625]]

  [[-0.04688]]

  [[-0.20312]]

  [[-0.     ]]

  [[ 0.     ]]

  [[ 0.07812]]

  [[-0.     ]]

  [[-0.     ]]

  [[ 0.125  ]]

  [[-0.00781]]

  [[ 0.07031]]

  [[-0.14062]]

  [[ 0.125  ]]

  [[ 0.03906]]

  [[-0.     ]]

  [[-0.09375]]

  [[ 0.     ]]

  [[-0.125  ]]

  [[ 0.07812]]

  [[-0.01562]]

  [[-0.02344]]

  [[ 0.00781]]

  [[ 0.01562]]

  [[-0.10156]]

  [[ 0.03906]]

  [[-0.04688]]

  [[ 0.00781]]

  [[-0.21875]]

  [[-0.00781]]

  [[-0.05469]]

  [[-0.04688]]

  [[-0.00781]]

  [[ 0.08594]]

  [[-0.     ]]

  [[-0.     ]]]


 [[[-0.05469]]

  [[ 0.04688]]

  [[ 0.     ]]

  [[ 0.     ]]

  [[ 0.14062]]

  [[-0.     ]]

  [[-0.     ]]

  [[-0.14062]]

  [[-0.5    ]]

  [[-0.     ]]

  [[ 0.     ]]

  [[-0.02344]]

  [[-0.08594]]

  [[ 0.72656]]

  [[-0.57031]]

  [[ 0.05469]]

  [[ 0.     ]]

  [[-0.09375]]

  [[-0.15625]]

  [[-0.     ]]

  [[-0.02344]]

  [[ 0.     ]]

  [[-0.     ]]

  [[ 0.     ]]

  [[-0.     ]]

  [[-0.4375 ]]

  [[-0.22656]]

  [[-0.25   ]]

  [[ 0.     ]]

  [[-0.35938]]

  [[ 0.00781]]

  [[-0.04688]]

  [[-0.     ]]

  [[-0.     ]]

  [[-0.17969]]

  [[ 0.     ]]

  [[-0.     ]]

  [[-0.25   ]]

  [[-0.02344]]

  [[-0.29688]]

  [[-0.22656]]

  [[ 0.26562]]

  [[-0.35156]]

  [[-0.     ]]

  [[-0.04688]]

  [[ 0.07812]]

  [[ 0.4375 ]]

  [[-0.03906]]

  [[ 0.30469]]

  [[-0.46094]]

  [[ 0.57031]]

  [[-0.     ]]

  [[-0.5    ]]

  [[-0.08594]]

  [[ 0.36719]]

  [[ 0.16406]]

  [[-0.41406]]

  [[-0.01562]]

  [[ 0.26562]]

  [[-0.03906]]

  [[-0.07812]]

  [[-0.24219]]

  [[-0.     ]]

  [[-0.     ]]]


 [[[ 0.26562]]

  [[-0.04688]]

  [[-0.     ]]

  [[-0.     ]]

  [[-0.28906]]

  [[ 0.     ]]

  [[-0.     ]]

  [[ 0.00781]]

  [[-0.48438]]

  [[-0.     ]]

  [[-0.     ]]

  [[ 0.125  ]]

  [[ 0.46094]]

  [[ 0.17969]]

  [[-0.20312]]

  [[ 0.01562]]

  [[ 0.     ]]

  [[ 0.00781]]

  [[ 0.03125]]

  [[-0.     ]]

  [[-0.     ]]

  [[ 0.     ]]

  [[-0.     ]]

  [[ 0.     ]]

  [[ 0.     ]]

  [[-0.33594]]

  [[-0.50781]]

  [[-0.02344]]

  [[-0.04688]]

  [[ 0.17969]]

  [[-0.02344]]

  [[-0.125  ]]

  [[ 0.     ]]

  [[ 0.     ]]

  [[ 0.38281]]

  [[-0.     ]]

  [[-0.     ]]

  [[ 0.30469]]

  [[-0.02344]]

  [[ 0.03906]]

  [[-0.09375]]

  [[-0.09375]]

  [[ 0.21875]]

  [[-0.     ]]

  [[-0.02344]]

  [[ 0.26562]]

  [[ 0.10938]]

  [[-0.13281]]

  [[-0.22656]]

  [[-0.21094]]

  [[ 0.59375]]

  [[ 0.14062]]

  [[-0.03125]]

  [[ 0.08594]]

  [[-0.14062]]

  [[-0.29688]]

  [[ 0.69531]]

  [[-0.00781]]

  [[ 0.14844]]

  [[-0.10938]]

  [[-0.0625 ]]

  [[ 0.23438]]

  [[-0.     ]]

  [[-0.     ]]]]...
--------------------------------------------------------------------------------
[Bias] Layer: encoder5.block.1.5 (QuantConv2d)
  Shape: (16,)
  Bit Width: 16.0
  Signed: True
  Scale: 0.000244140625
  Sample Bias: [ 0.       0.13062 -0.70068  0.09546 -0.09717  0.25342  0.52002  0.2019
  0.41406 -0.375  ]...
################################################################################

