################################################################################
[Weight] Layer: encoder5.up.conv.0 (QuantConv2d)
  Shape: (24, 16, 3, 3)
  Bit Width: 8.0
  Signed: True
  Scale: 0.001953125
  Sample Weights: [[[[ 0.      -0.       0.     ]
   [-0.      -0.       0.     ]
   [ 0.       0.      -0.     ]]

  [[-0.       0.       0.     ]
   [ 0.       0.      -0.     ]
   [-0.      -0.       0.     ]]

  [[ 0.      -0.      -0.     ]
   [ 0.       0.       0.     ]
   [-0.      -0.      -0.     ]]

  ...

  [[ 0.       0.      -0.     ]
   [-0.       0.      -0.     ]
   [-0.      -0.      -0.     ]]

  [[ 0.      -0.       0.     ]
   [ 0.       0.      -0.     ]
   [ 0.       0.       0.     ]]

  [[-0.      -0.      -0.     ]
   [-0.      -0.       0.     ]
   [ 0.       0.      -0.     ]]]


 [[[ 0.      -0.      -0.     ]
   [-0.      -0.      -0.     ]
   [-0.      -0.       0.     ]]

  [[ 0.02734  0.02344  0.01562]
   [ 0.01953  0.01172  0.00391]
   [ 0.01172  0.00977  0.01367]]

  [[-0.04492 -0.0332  -0.01172]
   [ 0.      -0.01172 -0.03711]
   [ 0.00195 -0.00977 -0.01758]]

  ...

  [[-0.00586  0.02148  0.03711]
   [-0.00781  0.0293   0.02734]
   [-0.03516  0.00586  0.00586]]

  [[-0.00586 -0.      -0.00391]
   [ 0.00391 -0.00586 -0.01172]
   [ 0.      -0.00977 -0.02344]]

  [[ 0.01953  0.0332   0.01953]
   [ 0.02539  0.0293   0.01367]
   [ 0.00781  0.01562  0.02734]]]


 [[[-0.       0.      -0.     ]
   [ 0.      -0.      -0.     ]
   [-0.      -0.       0.     ]]

  [[-0.00195 -0.      -0.     ]
   [-0.       0.      -0.     ]
   [-0.00195 -0.      -0.     ]]

  [[ 0.00391 -0.01172 -0.00977]
   [ 0.00977  0.      -0.00781]
   [-0.00977 -0.01172 -0.00781]]

  ...

  [[-0.00391  0.00195  0.     ]
   [-0.00586  0.00195  0.00391]
   [-0.01367 -0.00391 -0.     ]]

  [[-0.00195  0.       0.     ]
   [-0.00586 -0.00391 -0.00391]
   [-0.00586 -0.00391 -0.00391]]

  [[ 0.       0.00195 -0.00586]
   [ 0.00391  0.00195 -0.00977]
   [-0.      -0.00781 -0.01758]]]


 ...


 [[[ 0.       0.       0.     ]
   [-0.       0.       0.     ]
   [ 0.      -0.       0.     ]]

  [[-0.00195 -0.00391 -0.00195]
   [-0.00195 -0.      -0.00195]
   [-0.00195 -0.00195 -0.00391]]

  [[-0.00195 -0.00977 -0.01172]
   [-0.      -0.00391 -0.00781]
   [ 0.00781  0.00391 -0.00195]]

  ...

  [[-0.01367 -0.00391 -0.00195]
   [-0.01172 -0.      -0.00195]
   [-0.02148 -0.00391 -0.00195]]

  [[ 0.00977  0.00781  0.00195]
   [ 0.01367  0.00781  0.00195]
   [ 0.02148  0.01367  0.00391]]

  [[-0.00391 -0.00977 -0.02734]
   [-0.00195  0.00195 -0.01953]
   [-0.01367 -0.00977 -0.01172]]]


 [[[ 0.      -0.      -0.     ]
   [ 0.      -0.      -0.     ]
   [ 0.      -0.      -0.     ]]

  [[-0.03711 -0.00977 -0.01758]
   [-0.01367  0.02148  0.00586]
   [-0.03516 -0.03125 -0.02539]]

  [[-0.01172 -0.02539 -0.01758]
   [ 0.01367  0.01367  0.00977]
   [ 0.02539  0.01562  0.02148]]

  ...

  [[-0.10156 -0.01367  0.01758]
   [-0.07617  0.0293   0.05078]
   [-0.13477 -0.05273 -0.00195]]

  [[ 0.04688  0.04297  0.0293 ]
   [ 0.0332   0.02148  0.00391]
   [ 0.00586  0.00586  0.00195]]

  [[ 0.03516  0.0332  -0.08008]
   [ 0.04688  0.04492 -0.04688]
   [-0.0293  -0.05469 -0.10938]]]


 [[[-0.       0.       0.     ]
   [-0.      -0.      -0.     ]
   [ 0.       0.       0.     ]]

  [[-0.03906  0.      -0.05859]
   [-0.01953  0.01953 -0.0293 ]
   [-0.05078 -0.03516 -0.06641]]

  [[-0.00391 -0.02344 -0.0293 ]
   [ 0.0332   0.01758 -0.01953]
   [ 0.01367  0.00195  0.01367]]

  ...

  [[-0.07031  0.00586 -0.01172]
   [-0.05078  0.04102 -0.00586]
   [-0.16406 -0.07031 -0.06445]]

  [[ 0.09375  0.08594  0.04883]
   [ 0.05078  0.04688  0.0332 ]
   [ 0.01562  0.01562  0.00781]]

  [[ 0.05469  0.08984 -0.06445]
   [ 0.0332   0.07422 -0.07422]
   [-0.02148 -0.02734 -0.14648]]]]...
--------------------------------------------------------------------------------
[Bias] Layer: encoder5.up.conv.0 (QuantConv2d)
  Shape: (24,)
  Bit Width: 16.0
  Signed: True
  Scale: 6.103515625e-05
  Sample Bias: [ 0.      -0.51141  0.01624 -0.      -0.02917  0.04889 -0.45361 -0.00482
  0.05505  0.1684 ]...
################################################################################

