################################################################################
[Weight] Layer: Up_conv5.conv.0 (QuantConv2d)
  Shape: (16, 16, 3, 3)
  Bit Width: 8.0
  Signed: True
  Scale: 0.001953125
  Sample Weights: [[[[ 0.00586 -0.00195 -0.04883]
   [ 0.00195 -0.00391 -0.04883]
   [-0.03906 -0.0332  -0.06836]]

  [[-0.01562 -0.02344 -0.01562]
   [-0.01953 -0.0332  -0.02148]
   [-0.02148 -0.03711 -0.0293 ]]

  [[-0.00391 -0.01562 -0.03711]
   [ 0.01953  0.01172 -0.00977]
   [ 0.01172  0.01172 -0.00586]]

  ...

  [[-0.05078 -0.0332  -0.01562]
   [-0.03125 -0.01367  0.00195]
   [-0.00195  0.00781  0.01172]]

  [[-0.04102 -0.04297 -0.03516]
   [-0.04102 -0.04883 -0.0293 ]
   [-0.03711 -0.04883 -0.03125]]

  [[ 0.04688  0.02344  0.01758]
   [ 0.05469  0.02539  0.01562]
   [ 0.07227  0.04102  0.03516]]]


 [[[-0.00586 -0.      -0.00391]
   [-0.00977 -0.00586 -0.00586]
   [-0.01758 -0.00977 -0.00781]]

  [[-0.00977 -0.00977 -0.01367]
   [-0.00391 -0.00781 -0.01172]
   [-0.00195 -0.00781 -0.00391]]

  [[ 0.01172  0.00391  0.00586]
   [ 0.01172  0.00586  0.00586]
   [ 0.02148  0.01562  0.01562]]

  ...

  [[-0.      -0.00586 -0.00586]
   [-0.00391 -0.00781 -0.00781]
   [-0.00195 -0.00586 -0.00781]]

  [[-0.00977 -0.00781 -0.00781]
   [-0.01172 -0.01172 -0.01172]
   [-0.01758 -0.01562 -0.01367]]

  [[-0.      -0.00391 -0.00195]
   [ 0.00195 -0.00391 -0.00195]
   [ 0.01172  0.00195  0.00195]]]


 [[[-0.04492 -0.04102 -0.08203]
   [-0.03125 -0.01953 -0.0625 ]
   [-0.06836 -0.05273 -0.08594]]

  [[-0.      -0.00586  0.00586]
   [ 0.00977 -0.00586  0.00195]
   [ 0.      -0.00781 -0.01172]]

  [[ 0.02539  0.01953  0.00586]
   [ 0.03516  0.0293   0.01562]
   [ 0.03125  0.03516  0.02539]]

  ...

  [[-0.0332  -0.01953 -0.00586]
   [-0.0293  -0.01562  0.     ]
   [-0.02148 -0.00586  0.00586]]

  [[-0.03711 -0.03125 -0.06445]
   [-0.      -0.01367 -0.03711]
   [ 0.01367 -0.01562 -0.04492]]

  [[ 0.04102  0.03125  0.03516]
   [ 0.04688  0.02734  0.02344]
   [ 0.05469  0.03711  0.03516]]]


 ...


 [[[-0.00781  0.01953  0.00391]
   [-0.00195  0.02734  0.01758]
   [-0.01367  0.01562  0.00586]]

  [[-0.10156 -0.08984 -0.08008]
   [-0.07227 -0.0625  -0.05273]
   [-0.04492 -0.04102 -0.03906]]

  [[-0.06055  0.01172 -0.04883]
   [-0.02148  0.04883 -0.01172]
   [-0.0625   0.00391 -0.05469]]

  ...

  [[-0.00977  0.03906 -0.00195]
   [ 0.04883  0.0957   0.05859]
   [-0.00586  0.04883  0.00781]]

  [[ 0.04492  0.05664  0.06641]
   [ 0.07227  0.0625   0.06836]
   [ 0.05078  0.04492  0.04297]]

  [[-0.0293  -0.02148 -0.0293 ]
   [-0.03711 -0.03711 -0.04688]
   [-0.04102 -0.04883 -0.05859]]]


 [[[ 0.04688  0.01367  0.05859]
   [ 0.00586 -0.       0.06055]
   [ 0.02148  0.01172  0.07617]]

  [[-0.06055 -0.04883 -0.03906]
   [-0.04297 -0.03125 -0.02344]
   [-0.03711 -0.00586 -0.0293 ]]

  [[-0.0918  -0.03711 -0.07812]
   [-0.06836 -0.00977 -0.05273]
   [-0.12305 -0.06836 -0.10547]]

  ...

  [[ 0.00977  0.01758  0.01172]
   [ 0.02539  0.0293   0.0332 ]
   [ 0.01758  0.02539  0.0332 ]]

  [[ 0.05859  0.00977  0.03516]
   [ 0.05469  0.       0.01367]
   [ 0.0918   0.03711  0.05078]]

  [[-0.05078 -0.0332  -0.05469]
   [-0.03711 -0.01172 -0.0293 ]
   [-0.06055 -0.02148 -0.02148]]]


 [[[-0.05664 -0.07227 -0.05664]
   [-0.05078 -0.05664 -0.03711]
   [-0.04688 -0.03906 -0.0332 ]]

  [[ 0.01172 -0.       0.02344]
   [ 0.01367 -0.00391  0.02344]
   [ 0.02344  0.00586  0.0332 ]]

  [[-0.02148 -0.02539 -0.03711]
   [-0.01953 -0.01953 -0.0293 ]
   [-0.04492 -0.03906 -0.04102]]

  ...

  [[-0.01172  0.00195 -0.00195]
   [-0.00391  0.00586 -0.00586]
   [-0.00391  0.00586 -0.00391]]

  [[-0.02734 -0.09766 -0.10352]
   [-0.01562 -0.08008 -0.0918 ]
   [ 0.01758 -0.02539 -0.05078]]

  [[ 0.01367  0.01562  0.02539]
   [ 0.01758  0.01367  0.0293 ]
   [ 0.03125  0.01758  0.03125]]]]...
--------------------------------------------------------------------------------
[Bias] Layer: Up_conv5.conv.0 (QuantConv2d)
  Shape: (16,)
  Bit Width: 16.0
  Signed: True
  Scale: 0.0001220703125
  Sample Bias: [-0.27246 -0.09668 -0.04211 -0.2655  -0.32251 -0.26099 -0.0929   0.5
  0.44006  0.06128]...
################################################################################

