################################################################################
[Weight] Layer: Up_conv5.conv.6 (QuantConv2d)
  Shape: (16, 64, 1, 1)
  Bit Width: 8.0
  Signed: True
  Scale: 0.00390625
  Sample Weights: [[[[ 0.     ]]

  [[ 0.02734]]

  [[ 0.     ]]

  [[-0.     ]]

  [[ 0.00781]]

  [[ 0.     ]]

  [[-0.     ]]

  [[-0.00781]]

  [[-0.     ]]

  [[ 0.     ]]

  [[ 0.     ]]

  [[-0.     ]]

  [[-0.     ]]

  [[-0.00391]]

  [[-0.     ]]

  [[-0.     ]]

  [[-0.     ]]

  [[ 0.     ]]

  [[ 0.     ]]

  [[ 0.05078]]

  [[-0.01953]]

  [[ 0.     ]]

  [[-0.     ]]

  [[ 0.     ]]

  [[-0.     ]]

  [[ 0.     ]]

  [[-0.     ]]

  [[ 0.     ]]

  [[-0.00391]]

  [[-0.     ]]

  [[-0.     ]]

  [[ 0.     ]]

  [[ 0.     ]]

  [[ 0.00391]]

  [[-0.00391]]

  [[ 0.00391]]

  [[ 0.     ]]

  [[-0.     ]]

  [[ 0.02734]]

  [[ 0.     ]]

  [[ 0.     ]]

  [[ 0.01172]]

  [[ 0.     ]]

  [[ 0.     ]]

  [[-0.     ]]

  [[ 0.     ]]

  [[ 0.     ]]

  [[ 0.     ]]

  [[ 0.     ]]

  [[-0.02734]]

  [[-0.     ]]

  [[ 0.     ]]

  [[-0.     ]]

  [[ 0.     ]]

  [[-0.     ]]

  [[ 0.01562]]

  [[-0.     ]]

  [[ 0.00781]]

  [[ 0.     ]]

  [[ 0.     ]]

  [[-0.     ]]

  [[ 0.     ]]

  [[ 0.     ]]

  [[-0.00781]]]


 [[[ 0.     ]]

  [[ 0.     ]]

  [[-0.     ]]

  [[-0.     ]]

  [[ 0.     ]]

  [[-0.     ]]

  [[ 0.     ]]

  [[-0.     ]]

  [[-0.     ]]

  [[ 0.     ]]

  [[ 0.     ]]

  [[ 0.     ]]

  [[-0.     ]]

  [[-0.     ]]

  [[ 0.     ]]

  [[-0.     ]]

  [[ 0.     ]]

  [[-0.     ]]

  [[-0.     ]]

  [[ 0.     ]]

  [[ 0.     ]]

  [[-0.     ]]

  [[ 0.     ]]

  [[ 0.     ]]

  [[-0.     ]]

  [[ 0.     ]]

  [[ 0.     ]]

  [[-0.     ]]

  [[-0.     ]]

  [[ 0.     ]]

  [[-0.     ]]

  [[ 0.     ]]

  [[ 0.     ]]

  [[-0.     ]]

  [[-0.     ]]

  [[ 0.     ]]

  [[-0.     ]]

  [[-0.     ]]

  [[ 0.     ]]

  [[-0.     ]]

  [[-0.     ]]

  [[ 0.     ]]

  [[ 0.     ]]

  [[-0.     ]]

  [[-0.     ]]

  [[ 0.     ]]

  [[ 0.     ]]

  [[ 0.     ]]

  [[-0.     ]]

  [[ 0.     ]]

  [[ 0.     ]]

  [[-0.     ]]

  [[-0.     ]]

  [[ 0.     ]]

  [[ 0.     ]]

  [[ 0.     ]]

  [[-0.     ]]

  [[-0.     ]]

  [[ 0.     ]]

  [[-0.     ]]

  [[ 0.     ]]

  [[ 0.     ]]

  [[ 0.     ]]

  [[ 0.     ]]]


 [[[-0.     ]]

  [[ 0.08203]]

  [[-0.     ]]

  [[-0.00781]]

  [[ 0.3125 ]]

  [[-0.     ]]

  [[-0.01953]]

  [[-0.10156]]

  [[ 0.     ]]

  [[ 0.     ]]

  [[-0.05078]]

  [[ 0.19141]]

  [[-0.00391]]

  [[ 0.03516]]

  [[ 0.     ]]

  [[-0.00391]]

  [[-0.     ]]

  [[-0.     ]]

  [[ 0.     ]]

  [[ 0.21094]]

  [[-0.07422]]

  [[-0.42969]]

  [[-0.     ]]

  [[ 0.     ]]

  [[ 0.     ]]

  [[-0.     ]]

  [[-0.     ]]

  [[ 0.00391]]

  [[ 0.03906]]

  [[-0.     ]]

  [[-0.     ]]

  [[ 0.     ]]

  [[-0.05078]]

  [[ 0.18359]]

  [[-0.06641]]

  [[ 0.03125]]

  [[ 0.     ]]

  [[-0.     ]]

  [[ 0.29688]]

  [[-0.06641]]

  [[ 0.00781]]

  [[ 0.12109]]

  [[-0.     ]]

  [[ 0.     ]]

  [[-0.28125]]

  [[-0.     ]]

  [[-0.     ]]

  [[-0.     ]]

  [[ 0.     ]]

  [[-0.12109]]

  [[-0.03125]]

  [[-0.     ]]

  [[-0.03516]]

  [[ 0.     ]]

  [[-0.     ]]

  [[ 0.32031]]

  [[ 0.     ]]

  [[ 0.08984]]

  [[-0.     ]]

  [[ 0.     ]]

  [[ 0.     ]]

  [[ 0.     ]]

  [[-0.     ]]

  [[ 0.07031]]]


 [[[ 0.     ]]

  [[ 0.     ]]

  [[ 0.     ]]

  [[ 0.     ]]

  [[ 0.     ]]

  [[ 0.     ]]

  [[ 0.     ]]

  [[ 0.     ]]

  [[ 0.     ]]

  [[ 0.     ]]

  [[ 0.     ]]

  [[ 0.     ]]

  [[ 0.     ]]

  [[ 0.     ]]

  [[ 0.     ]]

  [[ 0.     ]]

  [[ 0.     ]]

  [[ 0.     ]]

  [[ 0.     ]]

  [[ 0.     ]]

  [[ 0.     ]]

  [[ 0.     ]]

  [[ 0.     ]]

  [[ 0.     ]]

  [[ 0.     ]]

  [[ 0.     ]]

  [[ 0.     ]]

  [[ 0.     ]]

  [[ 0.     ]]

  [[ 0.     ]]

  [[ 0.     ]]

  [[ 0.     ]]

  [[ 0.     ]]

  [[ 0.     ]]

  [[ 0.     ]]

  [[ 0.     ]]

  [[ 0.     ]]

  [[ 0.     ]]

  [[ 0.     ]]

  [[ 0.     ]]

  [[ 0.     ]]

  [[ 0.     ]]

  [[ 0.     ]]

  [[ 0.     ]]

  [[ 0.     ]]

  [[ 0.     ]]

  [[ 0.     ]]

  [[ 0.     ]]

  [[ 0.     ]]

  [[ 0.     ]]

  [[ 0.     ]]

  [[ 0.     ]]

  [[ 0.     ]]

  [[ 0.     ]]

  [[ 0.     ]]

  [[ 0.     ]]

  [[ 0.     ]]

  [[ 0.     ]]

  [[ 0.     ]]

  [[ 0.     ]]

  [[ 0.     ]]

  [[ 0.     ]]

  [[ 0.     ]]

  [[ 0.     ]]]


 [[[ 0.     ]]

  [[ 0.     ]]

  [[ 0.     ]]

  [[ 0.     ]]

  [[-0.     ]]

  [[ 0.     ]]

  [[-0.     ]]

  [[-0.00391]]

  [[-0.     ]]

  [[-0.     ]]

  [[ 0.     ]]

  [[-0.     ]]

  [[ 0.     ]]

  [[ 0.     ]]

  [[ 0.     ]]

  [[ 0.     ]]

  [[-0.     ]]

  [[ 0.     ]]

  [[ 0.     ]]

  [[ 0.     ]]

  [[-0.     ]]

  [[ 0.     ]]

  [[ 0.     ]]

  [[-0.     ]]

  [[-0.     ]]

  [[ 0.     ]]

  [[ 0.     ]]

  [[ 0.     ]]

  [[-0.     ]]

  [[ 0.     ]]

  [[ 0.     ]]

  [[ 0.     ]]

  [[ 0.     ]]

  [[-0.     ]]

  [[-0.     ]]

  [[ 0.     ]]

  [[ 0.     ]]

  [[ 0.     ]]

  [[-0.     ]]

  [[-0.     ]]

  [[-0.     ]]

  [[ 0.     ]]

  [[-0.     ]]

  [[ 0.     ]]

  [[-0.     ]]

  [[-0.     ]]

  [[ 0.     ]]

  [[-0.     ]]

  [[ 0.     ]]

  [[-0.     ]]

  [[ 0.     ]]

  [[ 0.     ]]

  [[ 0.     ]]

  [[ 0.     ]]

  [[ 0.     ]]

  [[-0.     ]]

  [[ 0.     ]]

  [[ 0.00391]]

  [[ 0.     ]]

  [[-0.     ]]

  [[-0.     ]]

  [[-0.     ]]

  [[ 0.     ]]

  [[ 0.     ]]]


 [[[ 0.     ]]

  [[ 0.20703]]

  [[ 0.     ]]

  [[ 0.01953]]

  [[-0.01172]]

  [[-0.     ]]

  [[ 0.05469]]

  [[-0.21094]]

  [[-0.     ]]

  [[ 0.     ]]

  [[ 0.38281]]

  [[ 0.05469]]

  [[ 0.     ]]

  [[ 0.27344]]

  [[ 0.     ]]

  [[-0.     ]]

  [[-0.01562]]

  [[ 0.     ]]

  [[ 0.     ]]

  [[ 0.23438]]

  [[-0.42578]]

  [[-0.41406]]

  [[ 0.     ]]

  [[ 0.     ]]

  [[ 0.     ]]

  [[ 0.     ]]

  [[ 0.     ]]

  [[-0.01953]]

  [[ 0.02344]]

  [[-0.     ]]

  [[ 0.     ]]

  [[ 0.     ]]

  [[-0.17578]]

  [[ 0.15625]]

  [[ 0.13672]]

  [[ 0.32031]]

  [[-0.     ]]

  [[ 0.     ]]

  [[ 0.10938]]

  [[-0.03906]]

  [[ 0.00781]]

  [[ 0.13281]]

  [[-0.     ]]

  [[-0.     ]]

  [[-0.08203]]

  [[ 0.     ]]

  [[-0.     ]]

  [[-0.     ]]

  [[-0.     ]]

  [[-0.23438]]

  [[ 0.04297]]

  [[-0.     ]]

  [[-0.04297]]

  [[ 0.     ]]

  [[ 0.     ]]

  [[ 0.24219]]

  [[-0.     ]]

  [[ 0.35547]]

  [[ 0.     ]]

  [[ 0.     ]]

  [[ 0.     ]]

  [[-0.     ]]

  [[-0.     ]]

  [[ 0.13672]]]


 [[[-0.     ]]

  [[ 0.14062]]

  [[-0.     ]]

  [[-0.     ]]

  [[ 0.05078]]

  [[-0.     ]]

  [[ 0.01172]]

  [[-0.25   ]]

  [[ 0.     ]]

  [[ 0.     ]]

  [[ 0.08594]]

  [[ 0.21094]]

  [[ 0.     ]]

  [[ 0.17578]]

  [[ 0.     ]]

  [[ 0.     ]]

  [[ 0.     ]]

  [[-0.     ]]

  [[-0.     ]]

  [[ 0.18359]]

  [[-0.20703]]

  [[-0.35156]]

  [[-0.     ]]

  [[ 0.     ]]

  [[ 0.     ]]

  [[-0.     ]]

  [[ 0.     ]]

  [[ 0.     ]]

  [[ 0.07031]]

  [[-0.     ]]

  [[-0.     ]]

  [[ 0.     ]]

  [[ 0.     ]]

  [[ 0.12109]]

  [[ 0.     ]]

  [[ 0.14453]]

  [[ 0.     ]]

  [[-0.     ]]

  [[ 0.27734]]

  [[-0.01172]]

  [[-0.     ]]

  [[ 0.13672]]

  [[-0.     ]]

  [[ 0.     ]]

  [[-0.0625 ]]

  [[ 0.     ]]

  [[-0.     ]]

  [[-0.     ]]

  [[-0.     ]]

  [[-0.32812]]

  [[-0.04688]]

  [[ 0.     ]]

  [[ 0.     ]]

  [[-0.     ]]

  [[-0.     ]]

  [[ 0.28906]]

  [[ 0.     ]]

  [[ 0.19531]]

  [[-0.     ]]

  [[ 0.     ]]

  [[-0.     ]]

  [[-0.     ]]

  [[ 0.     ]]

  [[ 0.16016]]]


 [[[ 0.     ]]

  [[ 0.     ]]

  [[ 0.     ]]

  [[ 0.     ]]

  [[ 0.     ]]

  [[ 0.     ]]

  [[ 0.     ]]

  [[ 0.     ]]

  [[ 0.     ]]

  [[ 0.     ]]

  [[ 0.     ]]

  [[ 0.     ]]

  [[ 0.     ]]

  [[ 0.     ]]

  [[ 0.     ]]

  [[ 0.     ]]

  [[ 0.     ]]

  [[ 0.     ]]

  [[ 0.     ]]

  [[ 0.     ]]

  [[ 0.     ]]

  [[ 0.     ]]

  [[ 0.     ]]

  [[ 0.     ]]

  [[ 0.     ]]

  [[ 0.     ]]

  [[ 0.     ]]

  [[ 0.     ]]

  [[ 0.     ]]

  [[ 0.     ]]

  [[ 0.     ]]

  [[ 0.     ]]

  [[ 0.     ]]

  [[ 0.     ]]

  [[ 0.     ]]

  [[ 0.     ]]

  [[ 0.     ]]

  [[ 0.     ]]

  [[ 0.     ]]

  [[ 0.     ]]

  [[ 0.     ]]

  [[ 0.     ]]

  [[ 0.     ]]

  [[ 0.     ]]

  [[ 0.     ]]

  [[ 0.     ]]

  [[ 0.     ]]

  [[ 0.     ]]

  [[ 0.     ]]

  [[ 0.     ]]

  [[ 0.     ]]

  [[ 0.     ]]

  [[ 0.     ]]

  [[ 0.     ]]

  [[ 0.     ]]

  [[ 0.     ]]

  [[ 0.     ]]

  [[ 0.     ]]

  [[ 0.     ]]

  [[ 0.     ]]

  [[ 0.     ]]

  [[ 0.     ]]

  [[ 0.     ]]

  [[ 0.     ]]]


 [[[ 0.     ]]

  [[-0.14062]]

  [[ 0.03125]]

  [[ 0.08203]]

  [[ 0.20703]]

  [[-0.     ]]

  [[-0.12109]]

  [[ 0.07812]]

  [[ 0.     ]]

  [[ 0.     ]]

  [[ 0.01953]]

  [[-0.01953]]

  [[ 0.04688]]

  [[-0.08984]]

  [[-0.     ]]

  [[ 0.09375]]

  [[ 0.125  ]]

  [[ 0.     ]]

  [[ 0.     ]]

  [[-0.01172]]

  [[-0.21875]]

  [[-0.05078]]

  [[-0.     ]]

  [[-0.     ]]

  [[ 0.     ]]

  [[ 0.     ]]

  [[ 0.     ]]

  [[ 0.08594]]

  [[ 0.     ]]

  [[ 0.     ]]

  [[-0.     ]]

  [[-0.     ]]

  [[ 0.19922]]

  [[-0.19141]]

  [[-0.13672]]

  [[-0.08203]]

  [[-0.     ]]

  [[ 0.     ]]

  [[-0.16797]]

  [[ 0.10938]]

  [[ 0.11719]]

  [[-0.15234]]

  [[ 0.     ]]

  [[-0.     ]]

  [[ 0.24609]]

  [[ 0.     ]]

  [[-0.     ]]

  [[-0.     ]]

  [[ 0.     ]]

  [[ 0.07422]]

  [[-0.07031]]

  [[ 0.     ]]

  [[ 0.20703]]

  [[ 0.     ]]

  [[-0.     ]]

  [[-0.06641]]

  [[-0.     ]]

  [[-0.06641]]

  [[ 0.     ]]

  [[ 0.     ]]

  [[-0.     ]]

  [[ 0.     ]]

  [[ 0.     ]]

  [[-0.08984]]]


 [[[ 0.     ]]

  [[-0.00391]]

  [[ 0.     ]]

  [[ 0.     ]]

  [[-0.00781]]

  [[-0.     ]]

  [[ 0.01172]]

  [[-0.01953]]

  [[-0.     ]]

  [[-0.     ]]

  [[ 0.     ]]

  [[ 0.01953]]

  [[ 0.     ]]

  [[ 0.02734]]

  [[ 0.     ]]

  [[ 0.     ]]

  [[-0.     ]]

  [[ 0.     ]]

  [[ 0.     ]]

  [[ 0.05859]]

  [[-0.03125]]

  [[-0.     ]]

  [[ 0.     ]]

  [[ 0.     ]]

  [[-0.     ]]

  [[ 0.     ]]

  [[-0.     ]]

  [[-0.     ]]

  [[ 0.     ]]

  [[ 0.     ]]

  [[-0.     ]]

  [[ 0.     ]]

  [[ 0.     ]]

  [[ 0.03125]]

  [[ 0.01172]]

  [[ 0.01953]]

  [[-0.     ]]

  [[ 0.     ]]

  [[ 0.00391]]

  [[-0.     ]]

  [[ 0.     ]]

  [[ 0.01562]]

  [[ 0.     ]]

  [[ 0.     ]]

  [[ 0.     ]]

  [[-0.     ]]

  [[ 0.     ]]

  [[ 0.     ]]

  [[ 0.     ]]

  [[-0.03516]]

  [[ 0.00391]]

  [[ 0.     ]]

  [[-0.     ]]

  [[-0.     ]]

  [[ 0.     ]]

  [[ 0.02734]]

  [[ 0.     ]]

  [[-0.00391]]

  [[-0.     ]]

  [[ 0.     ]]

  [[-0.     ]]

  [[ 0.     ]]

  [[ 0.     ]]

  [[ 0.02344]]]]...
--------------------------------------------------------------------------------
[Bias] Layer: Up_conv5.conv.6 (QuantConv2d)
  Shape: (16,)
  Bit Width: 16.0
  Signed: True
  Scale: 0.000244140625
  Sample Bias: [-0.21094  0.      -0.20459 -0.      -0.00928 -0.09985 -0.46387 -0.
  0.08813 -0.19849]...
################################################################################

