################################################################################
[Weight] Layer: Up_conv4.conv.3 (QuantConv2d)
  Shape: (64, 16, 1, 1)
  Bit Width: 8.0
  Signed: True
  Scale: 0.0078125
  Sample Weights: [[[[-0.     ]]

  [[ 0.02344]]

  [[ 0.01562]]

  [[-0.04688]]

  [[-0.07812]]

  [[-0.00781]]

  [[ 0.08594]]

  [[ 0.03125]]

  [[-0.02344]]

  [[-0.01562]]

  [[ 0.02344]]

  [[-0.05469]]

  [[ 0.01562]]

  [[-0.01562]]

  [[-0.03125]]

  [[-0.     ]]]


 [[[ 0.     ]]

  [[ 0.     ]]

  [[ 0.     ]]

  [[ 0.     ]]

  [[ 0.     ]]

  [[ 0.     ]]

  [[ 0.     ]]

  [[ 0.     ]]

  [[ 0.     ]]

  [[ 0.     ]]

  [[ 0.     ]]

  [[ 0.     ]]

  [[ 0.     ]]

  [[ 0.     ]]

  [[ 0.     ]]

  [[ 0.     ]]]


 [[[ 0.     ]]

  [[ 0.     ]]

  [[ 0.     ]]

  [[-0.03125]]

  [[ 0.     ]]

  [[-0.02344]]

  [[ 0.     ]]

  [[-0.     ]]

  [[ 0.03906]]

  [[-0.     ]]

  [[ 0.09375]]

  [[-0.03125]]

  [[ 0.     ]]

  [[ 0.03906]]

  [[ 0.04688]]

  [[ 0.     ]]]


 [[[ 0.     ]]

  [[ 0.     ]]

  [[ 0.     ]]

  [[ 0.     ]]

  [[ 0.     ]]

  [[ 0.     ]]

  [[ 0.     ]]

  [[ 0.     ]]

  [[ 0.     ]]

  [[ 0.     ]]

  [[ 0.     ]]

  [[ 0.     ]]

  [[ 0.     ]]

  [[ 0.     ]]

  [[ 0.     ]]

  [[ 0.     ]]]


 [[[-0.     ]]

  [[ 0.11719]]

  [[ 0.10156]]

  [[-0.32812]]

  [[-0.00781]]

  [[-0.13281]]

  [[ 0.24219]]

  [[ 0.04688]]

  [[-0.21094]]

  [[ 0.01562]]

  [[-0.1875 ]]

  [[-0.34375]]

  [[ 0.14844]]

  [[-0.09375]]

  [[-0.08594]]

  [[-0.     ]]]


 [[[ 0.     ]]

  [[ 0.14062]]

  [[ 0.11719]]

  [[-0.3125 ]]

  [[-0.03125]]

  [[-0.13281]]

  [[ 0.21094]]

  [[-0.0625 ]]

  [[-0.13281]]

  [[-0.19531]]

  [[ 0.01562]]

  [[-0.34375]]

  [[ 0.21875]]

  [[-0.09375]]

  [[-0.05469]]

  [[ 0.     ]]]


 [[[-0.     ]]

  [[-0.13281]]

  [[-0.02344]]

  [[ 0.26562]]

  [[-0.28125]]

  [[ 0.14062]]

  [[-0.17969]]

  [[-0.17188]]

  [[-0.16406]]

  [[-0.04688]]

  [[ 0.08594]]

  [[ 0.30469]]

  [[-0.11719]]

  [[-0.28125]]

  [[-0.14062]]

  [[-0.     ]]]


 [[[-0.     ]]

  [[-0.     ]]

  [[ 0.     ]]

  [[ 0.     ]]

  [[ 0.     ]]

  [[ 0.     ]]

  [[ 0.     ]]

  [[-0.     ]]

  [[ 0.     ]]

  [[ 0.     ]]

  [[-0.     ]]

  [[-0.     ]]

  [[-0.     ]]

  [[ 0.     ]]

  [[-0.     ]]

  [[ 0.     ]]]


 [[[-0.     ]]

  [[-0.50781]]

  [[-0.01562]]

  [[ 0.21875]]

  [[ 0.26562]]

  [[ 0.48438]]

  [[-0.39062]]

  [[-0.125  ]]

  [[-0.1875 ]]

  [[-0.54688]]

  [[ 0.21094]]

  [[ 0.28125]]

  [[ 0.16406]]

  [[-0.38281]]

  [[-0.11719]]

  [[-0.     ]]]


 [[[-0.     ]]

  [[-0.     ]]

  [[ 0.     ]]

  [[-0.03906]]

  [[ 0.     ]]

  [[-0.02344]]

  [[-0.00781]]

  [[-0.00781]]

  [[ 0.03125]]

  [[-0.     ]]

  [[ 0.10156]]

  [[-0.03906]]

  [[-0.     ]]

  [[ 0.02344]]

  [[ 0.04688]]

  [[-0.     ]]]]...
--------------------------------------------------------------------------------
[Bias] Layer: Up_conv4.conv.3 (QuantConv2d)
  Shape: (64,)
  Bit Width: 16.0
  Signed: True
  Scale: 0.00048828125
  Sample Bias: [ 0.03955  0.      -0.03662  0.       0.18213  0.30908  0.23535  0.
  0.2085  -0.02637]...
################################################################################

