################################################################################
[Weight] Layer: Up3.up.1 (QuantConv2d)
  Shape: (8, 16, 3, 3)
  Bit Width: 8.0
  Signed: True
  Scale: 0.001953125
  Sample Weights: [[[[-0.       0.      -0.     ]
   [ 0.       0.       0.     ]
   [ 0.       0.       0.     ]]

  [[-0.03906 -0.02539 -0.03906]
   [-0.03125 -0.01367 -0.02539]
   [-0.05273 -0.0332  -0.04102]]

  [[-0.01562 -0.00977 -0.01172]
   [-0.01562 -0.00586 -0.00586]
   [-0.02344 -0.01172 -0.00977]]

  ...

  [[-0.08203 -0.06641 -0.08594]
   [-0.06445 -0.03711 -0.06055]
   [-0.10156 -0.07422 -0.09375]]

  [[ 0.       0.       0.     ]
   [ 0.       0.       0.     ]
   [ 0.       0.       0.     ]]

  [[ 0.06836  0.07227  0.08789]
   [ 0.07617  0.07617  0.0918 ]
   [ 0.08008  0.07812  0.08984]]]


 [[[ 0.       0.       0.     ]
   [-0.       0.      -0.     ]
   [ 0.       0.       0.     ]]

  [[ 0.02539  0.02734  0.03711]
   [ 0.01172  0.01562  0.02539]
   [ 0.01367  0.01758  0.02734]]

  [[-0.       0.00391  0.01172]
   [-0.00195 -0.       0.00586]
   [ 0.00195  0.00391  0.00781]]

  ...

  [[ 0.08398  0.08398  0.0957 ]
   [ 0.06055  0.06055  0.07227]
   [ 0.05859  0.05859  0.07227]]

  [[ 0.       0.      -0.     ]
   [ 0.       0.       0.     ]
   [ 0.       0.       0.     ]]

  [[-0.04492 -0.04297 -0.03711]
   [-0.04492 -0.04492 -0.03906]
   [-0.04102 -0.04102 -0.03711]]]


 [[[ 0.       0.      -0.     ]
   [ 0.      -0.       0.     ]
   [-0.       0.       0.     ]]

  [[-0.02734 -0.01758 -0.02148]
   [-0.02344 -0.00977 -0.00977]
   [-0.0293  -0.01758 -0.01367]]

  [[-0.00977 -0.00781 -0.00781]
   [-0.00977 -0.00391 -0.00195]
   [-0.01367 -0.00781 -0.00391]]

  ...

  [[-0.04102 -0.03125 -0.0332 ]
   [-0.0332  -0.01953 -0.01953]
   [-0.04297 -0.0293  -0.02734]]

  [[ 0.       0.       0.     ]
   [ 0.       0.       0.     ]
   [ 0.       0.       0.     ]]

  [[ 0.07031  0.07031  0.06836]
   [ 0.07422  0.07031  0.07031]
   [ 0.07031  0.06836  0.06641]]]


 ...


 [[[ 0.      -0.       0.     ]
   [-0.      -0.      -0.     ]
   [ 0.      -0.       0.     ]]

  [[ 0.0332   0.03711  0.04102]
   [ 0.02148  0.01953  0.02344]
   [ 0.02148  0.01758  0.01953]]

  [[ 0.01172  0.01562  0.02148]
   [ 0.00586  0.00586  0.00977]
   [ 0.00586  0.00391  0.00391]]

  ...

  [[ 0.06641  0.0625   0.07031]
   [ 0.04102  0.03125  0.03906]
   [ 0.04492  0.03516  0.04102]]

  [[ 0.       0.       0.     ]
   [ 0.       0.       0.     ]
   [ 0.       0.       0.     ]]

  [[-0.05664 -0.05469 -0.05078]
   [-0.05469 -0.05273 -0.05078]
   [-0.04688 -0.04688 -0.04492]]]


 [[[-0.      -0.      -0.     ]
   [-0.      -0.       0.     ]
   [ 0.       0.       0.     ]]

  [[-0.01562 -0.01562 -0.01172]
   [-0.01562 -0.01367 -0.00977]
   [-0.01562 -0.01172 -0.00781]]

  [[-0.00586 -0.00391 -0.00391]
   [-0.00391 -0.00391 -0.00195]
   [-0.00391 -0.00195 -0.00195]]

  ...

  [[ 0.00391  0.00195  0.00781]
   [ 0.00195  0.00391  0.00977]
   [ 0.00586  0.00781  0.01562]]

  [[ 0.       0.       0.     ]
   [ 0.       0.       0.     ]
   [ 0.      -0.      -0.     ]]

  [[-0.       0.       0.     ]
   [-0.       0.      -0.     ]
   [-0.       0.       0.     ]]]


 [[[-0.       0.      -0.     ]
   [-0.      -0.      -0.     ]
   [-0.      -0.      -0.     ]]

  [[ 0.01758  0.02539  0.02734]
   [ 0.02344  0.01367  0.01953]
   [ 0.02344  0.01953  0.     ]]

  [[ 0.04297  0.04883  0.05078]
   [ 0.0293   0.0332   0.0293 ]
   [ 0.0332   0.0293   0.03516]]

  ...

  [[ 0.00391  0.02734  0.02539]
   [ 0.00977  0.00781  0.01953]
   [ 0.01758 -0.00391  0.00781]]

  [[-0.      -0.      -0.     ]
   [-0.      -0.      -0.     ]
   [-0.      -0.      -0.     ]]

  [[-0.04688 -0.04102 -0.04688]
   [-0.03711 -0.0293  -0.03711]
   [-0.03711 -0.03125 -0.03711]]]]...
--------------------------------------------------------------------------------
[Bias] Layer: Up3.up.1 (QuantConv2d)
  Shape: (8,)
  Bit Width: 16.0
  Signed: True
  Scale: 6.103515625e-05
  Sample Bias: [ 0.98578  0.1886   0.33093  0.19592 -0.01941  0.20746 -0.22852 -0.33893]...
################################################################################

