################################################################################
[Weight] Layer: Up_conv3.conv.0 (QuantConv2d)
  Shape: (8, 8, 3, 3)
  Bit Width: 8.0
  Signed: True
  Scale: 0.0009765625
  Sample Weights: [[[[ 0.04883  0.05273  0.05566]
   [ 0.05078  0.04004  0.04492]
   [ 0.04785  0.04004  0.05371]]

  [[-0.02148 -0.01758 -0.01758]
   [-0.01562 -0.00879 -0.02148]
   [-0.03027 -0.02246 -0.03223]]

  [[ 0.04297  0.02734  0.02637]
   [ 0.03711  0.02539  0.03027]
   [ 0.04004  0.03027  0.0332 ]]

  [[-0.02246 -0.01855 -0.02441]
   [-0.00781 -0.00293 -0.01855]
   [-0.03125 -0.0166  -0.03418]]

  [[-0.01562 -0.0127  -0.01953]
   [-0.01367 -0.01562 -0.01465]
   [-0.02637 -0.02441 -0.0293 ]]

  [[-0.03223 -0.02539 -0.03613]
   [-0.02637 -0.00977 -0.03027]
   [-0.03613 -0.02246 -0.03418]]

  [[ 0.00586  0.01367  0.01074]
   [ 0.01367  0.01562  0.02344]
   [ 0.01758  0.00879  0.01367]]

  [[-0.05273 -0.04297 -0.0625 ]
   [-0.0332  -0.02246 -0.03809]
   [-0.06152 -0.03613 -0.05762]]]


 [[[-0.01855 -0.0293  -0.03906]
   [-0.01367 -0.0293  -0.03027]
   [-0.02441 -0.0293  -0.03613]]

  [[ 0.03418  0.02637  0.02344]
   [ 0.04102  0.03223  0.02832]
   [ 0.02832  0.02637  0.02832]]

  [[-0.04297 -0.04102 -0.04199]
   [-0.03613 -0.02734 -0.03613]
   [-0.04102 -0.04102 -0.03223]]

  [[ 0.03711  0.06445  0.0498 ]
   [ 0.04688  0.06445  0.0498 ]
   [ 0.03711  0.04785  0.04004]]

  [[ 0.01172  0.04297  0.0127 ]
   [ 0.05078  0.08203  0.03809]
   [ 0.03711  0.05664  0.03516]]

  [[ 0.03613  0.03809  0.02637]
   [ 0.04297  0.04004  0.03613]
   [ 0.00977  0.01953  0.01953]]

  [[ 0.00391  0.01855 -0.02148]
   [-0.01855  0.00293 -0.02246]
   [-0.03027 -0.00098 -0.00293]]

  [[ 0.01172  0.0166   0.00195]
   [-0.00586 -0.00293 -0.01562]
   [-0.00781 -0.00391 -0.00781]]]


 [[[ 0.00195 -0.00391 -0.0127 ]
   [ 0.00879  0.00391 -0.00586]
   [ 0.00488  0.00098 -0.00879]]

  [[ 0.03418  0.03125  0.02148]
   [ 0.02344  0.02246  0.0166 ]
   [ 0.01465  0.0166   0.01367]]

  [[-0.00391 -0.01172 -0.0166 ]
   [-0.00195 -0.00977 -0.01855]
   [-0.00391 -0.01172 -0.02051]]

  [[ 0.02344  0.01855  0.01855]
   [ 0.01855  0.0127   0.01172]
   [ 0.0166   0.0127   0.00977]]

  [[ 0.00977  0.01074  0.01465]
   [ 0.01074  0.00684  0.00391]
   [ 0.02051  0.01562  0.00879]]

  [[ 0.04004  0.03516  0.02051]
   [ 0.02148  0.02051  0.01367]
   [ 0.01562  0.01855  0.01367]]

  [[-0.00488 -0.00488  0.00586]
   [-0.00098 -0.00195  0.00781]
   [ 0.00586  0.00586  0.01172]]

  [[ 0.02051  0.03418  0.0293 ]
   [ 0.03125  0.03906  0.0293 ]
   [ 0.02832  0.03223  0.02539]]]


 [[[ 0.0166   0.00781 -0.02148]
   [ 0.00488 -0.01465 -0.03027]
   [-0.01172 -0.03027 -0.02734]]

  [[ 0.06152  0.06152  0.05957]
   [ 0.0459   0.01562  0.03223]
   [ 0.0332   0.0127   0.0166 ]]

  [[ 0.00781  0.00098  0.     ]
   [-0.00293 -0.01367 -0.00781]
   [-0.00879 -0.01855 -0.02832]]

  [[ 0.05371  0.05371  0.05762]
   [ 0.0293   0.03027  0.04004]
   [ 0.0293   0.02539  0.03613]]

  [[ 0.03223  0.03906  0.03223]
   [ 0.01953  0.02539  0.01465]
   [ 0.03223  0.02246  0.03027]]

  [[ 0.02637  0.01562  0.01758]
   [ 0.01465 -0.01758 -0.00488]
   [ 0.02832  0.00977  0.00488]]

  [[ 0.02148  0.01367 -0.01074]
   [ 0.00879  0.0166   0.00879]
   [-0.00195  0.02051  0.02637]]

  [[-0.       0.0166   0.00586]
   [-0.00586 -0.01367 -0.00977]
   [-0.01562 -0.02246 -0.01465]]]


 [[[-0.01172 -0.01758 -0.01465]
   [-0.01074 -0.01562 -0.01465]
   [-0.00977 -0.01367 -0.01367]]

  [[ 0.00684 -0.00684 -0.00879]
   [ 0.00293 -0.00586 -0.00195]
   [ 0.00586  0.00098 -0.00293]]

  [[-0.02832 -0.03613 -0.03125]
   [-0.02832 -0.02539 -0.02051]
   [-0.02734 -0.02344 -0.01953]]

  [[ 0.00098  0.0127   0.00879]
   [ 0.00781  0.0127   0.00879]
   [ 0.00195  0.00781 -0.00293]]

  [[-0.00391 -0.00586 -0.01367]
   [ 0.00879  0.01172 -0.00488]
   [-0.00293 -0.00391 -0.00879]]

  [[ 0.02637  0.02148  0.01758]
   [ 0.01953  0.02148  0.02441]
   [ 0.01172  0.01855  0.01465]]

  [[-0.00391  0.00586 -0.00586]
   [-0.00977 -0.00684 -0.01074]
   [-0.01855 -0.01074 -0.00977]]

  [[ 0.04883  0.04199  0.03418]
   [ 0.03809  0.03418  0.02832]
   [ 0.03125  0.03027  0.03418]]]


 [[[ 0.00879  0.01367  0.01367]
   [ 0.00488  0.00391  0.00781]
   [ 0.00488  0.       0.00684]]

  [[-0.0293  -0.01953 -0.01953]
   [-0.02441 -0.01465 -0.01367]
   [-0.0293  -0.01855 -0.01465]]

  [[ 0.00293  0.      -0.00488]
   [ 0.00293  0.00586 -0.00391]
   [-0.00293 -0.00195 -0.00781]]

  [[-0.02832 -0.02441 -0.02832]
   [-0.01562 -0.01367 -0.0166 ]
   [-0.01758 -0.01465 -0.01562]]

  [[-0.02539 -0.02832 -0.03418]
   [-0.00586 -0.00781 -0.01465]
   [-0.0166  -0.01562 -0.01855]]

  [[-0.03125 -0.02344 -0.02637]
   [-0.03125 -0.02246 -0.02344]
   [-0.03613 -0.02637 -0.02344]]

  [[ 0.01758  0.00879  0.00488]
   [ 0.01172  0.00781  0.00391]
   [ 0.00684  0.00293 -0.00098]]

  [[-0.03516 -0.02637 -0.02734]
   [-0.02539 -0.0127  -0.0127 ]
   [-0.02832 -0.01367 -0.01367]]]


 [[[-0.0498  -0.03418 -0.02832]
   [-0.03711 -0.0166  -0.01562]
   [-0.02344 -0.00977 -0.00781]]

  [[-0.01074 -0.00586 -0.01367]
   [-0.00781 -0.00977 -0.0127 ]
   [ 0.00293 -0.00586 -0.01172]]

  [[-0.01465 -0.00977 -0.01562]
   [-0.00684  0.00195 -0.00293]
   [-0.00879  0.00391  0.00293]]

  [[-0.02246 -0.03516 -0.03906]
   [-0.02539 -0.03711 -0.04004]
   [-0.01855 -0.03223 -0.03125]]

  [[-0.02539 -0.04688 -0.04688]
   [-0.02637 -0.04102 -0.04102]
   [-0.02441 -0.02832 -0.03418]]

  [[-0.03613 -0.03906 -0.04492]
   [-0.02539 -0.03223 -0.04102]
   [-0.01172 -0.02344 -0.03027]]

  [[ 0.00488 -0.01562 -0.00879]
   [-0.00488 -0.02246 -0.01465]
   [-0.00586 -0.0127  -0.01562]]

  [[-0.03027 -0.02148 -0.02148]
   [-0.02539 -0.01562 -0.00586]
   [-0.01465 -0.00684 -0.01953]]]


 [[[ 0.07129  0.06543  0.08984]
   [ 0.0625   0.05664  0.06445]
   [ 0.05273  0.05273  0.0625 ]]

  [[-0.02344 -0.00781 -0.03125]
   [-0.02539 -0.00195 -0.02637]
   [-0.04688 -0.02637 -0.03418]]

  [[ 0.01074  0.00195 -0.00195]
   [ 0.00684  0.00977  0.00488]
   [ 0.01465  0.0127   0.00488]]

  [[-0.00098 -0.00195 -0.02148]
   [ 0.00195  0.00098  0.00098]
   [-0.01465 -0.00488 -0.01953]]

  [[-0.03516 -0.01953 -0.04297]
   [-0.00195  0.00098 -0.01758]
   [-0.03027 -0.01953 -0.03906]]

  [[-0.03711 -0.03125 -0.04199]
   [-0.02637 -0.02637 -0.02832]
   [-0.0498  -0.02344 -0.03711]]

  [[ 0.00781  0.00781 -0.00879]
   [ 0.01855  0.02637  0.01855]
   [-0.00195  0.00586 -0.00977]]

  [[-0.02832 -0.01562 -0.04395]
   [-0.01758 -0.00098 -0.02539]
   [-0.0459  -0.02832 -0.03906]]]]...
--------------------------------------------------------------------------------
[Bias] Layer: Up_conv3.conv.0 (QuantConv2d)
  Shape: (8,)
  Bit Width: 16.0
  Signed: True
  Scale: 6.103515625e-05
  Sample Bias: [ 0.36884 -0.5058  -0.49084 -0.61877 -0.21301  0.30676  0.52826  0.09467]...
################################################################################

