################################################################################
[Weight] Layer: Up_conv3.conv.6 (QuantConv2d)
  Shape: (8, 32, 1, 1)
  Bit Width: 8.0
  Signed: True
  Scale: 0.00390625
  Sample Weights: [[[[-0.05469]]

  [[-0.03906]]

  [[-0.03516]]

  [[-0.05078]]

  [[-0.     ]]

  [[-0.01953]]

  [[ 0.10156]]

  [[ 0.19531]]

  [[-0.01562]]

  [[-0.04297]]

  [[-0.     ]]

  [[ 0.     ]]

  [[-0.05078]]

  [[-0.04297]]

  [[-0.     ]]

  [[-0.01953]]

  [[ 0.01953]]

  [[ 0.     ]]

  [[-0.     ]]

  [[-0.     ]]

  [[ 0.     ]]

  [[-0.10156]]

  [[ 0.     ]]

  [[ 0.     ]]

  [[-0.03516]]

  [[ 0.     ]]

  [[-0.05469]]

  [[ 0.     ]]

  [[ 0.     ]]

  [[-0.01953]]

  [[ 0.00781]]

  [[ 0.10938]]]


 [[[-0.41406]]

  [[-0.10938]]

  [[-0.19141]]

  [[-0.03906]]

  [[-0.     ]]

  [[-0.00781]]

  [[-0.03125]]

  [[ 0.06641]]

  [[-0.08984]]

  [[-0.39844]]

  [[-0.     ]]

  [[ 0.05859]]

  [[-0.41016]]

  [[-0.07031]]

  [[-0.     ]]

  [[-0.11719]]

  [[ 0.21094]]

  [[ 0.     ]]

  [[ 0.42578]]

  [[-0.06641]]

  [[ 0.14062]]

  [[-0.44531]]

  [[-0.07812]]

  [[ 0.     ]]

  [[ 0.25391]]

  [[ 0.21875]]

  [[-0.28516]]

  [[-0.24609]]

  [[ 0.     ]]

  [[ 0.23828]]

  [[ 0.44531]]

  [[ 0.35938]]]


 [[[ 0.0625 ]]

  [[ 0.27344]]

  [[ 0.40625]]

  [[ 0.00781]]

  [[-0.     ]]

  [[ 0.32812]]

  [[ 0.17188]]

  [[-0.01172]]

  [[ 0.49609]]

  [[ 0.49609]]

  [[ 0.     ]]

  [[ 0.28516]]

  [[ 0.49609]]

  [[ 0.30078]]

  [[-0.01562]]

  [[ 0.15234]]

  [[ 0.30078]]

  [[ 0.     ]]

  [[ 0.16016]]

  [[-0.47266]]

  [[-0.36328]]

  [[ 0.35156]]

  [[-0.     ]]

  [[-0.     ]]

  [[ 0.36719]]

  [[-0.49609]]

  [[ 0.19531]]

  [[ 0.     ]]

  [[ 0.     ]]

  [[-0.02344]]

  [[ 0.10156]]

  [[ 0.49219]]]


 [[[-0.07812]]

  [[-0.16016]]

  [[-0.20703]]

  [[ 0.49609]]

  [[-0.     ]]

  [[-0.28516]]

  [[ 0.05859]]

  [[-0.     ]]

  [[-0.49609]]

  [[-0.21094]]

  [[-0.     ]]

  [[-0.20703]]

  [[-0.38281]]

  [[-0.09766]]

  [[ 0.     ]]

  [[-0.01562]]

  [[-0.19141]]

  [[ 0.     ]]

  [[ 0.10547]]

  [[-0.07422]]

  [[ 0.25781]]

  [[-0.15625]]

  [[ 0.19922]]

  [[-0.     ]]

  [[ 0.25   ]]

  [[ 0.26172]]

  [[-0.20312]]

  [[ 0.44141]]

  [[-0.     ]]

  [[ 0.11719]]

  [[-0.32812]]

  [[-0.02344]]]


 [[[ 0.20312]]

  [[ 0.16797]]

  [[-0.05078]]

  [[-0.125  ]]

  [[-0.     ]]

  [[-0.03516]]

  [[-0.29297]]

  [[-0.14844]]

  [[-0.03125]]

  [[ 0.11328]]

  [[-0.     ]]

  [[ 0.01953]]

  [[ 0.125  ]]

  [[ 0.05859]]

  [[ 0.13672]]

  [[ 0.15234]]

  [[-0.15234]]

  [[ 0.     ]]

  [[-0.01953]]

  [[-0.08594]]

  [[ 0.     ]]

  [[ 0.17188]]

  [[ 0.     ]]

  [[-0.     ]]

  [[ 0.11719]]

  [[ 0.00391]]

  [[ 0.33203]]

  [[-0.     ]]

  [[ 0.     ]]

  [[ 0.17969]]

  [[-0.09375]]

  [[ 0.00781]]]


 [[[ 0.16016]]

  [[ 0.14453]]

  [[-0.03906]]

  [[-0.02344]]

  [[ 0.     ]]

  [[-0.11719]]

  [[-0.15625]]

  [[-0.01953]]

  [[-0.07422]]

  [[ 0.04297]]

  [[ 0.     ]]

  [[-0.     ]]

  [[ 0.14062]]

  [[ 0.00391]]

  [[ 0.125  ]]

  [[ 0.08203]]

  [[-0.12891]]

  [[-0.     ]]

  [[-0.02344]]

  [[-0.07422]]

  [[-0.00391]]

  [[ 0.13672]]

  [[ 0.     ]]

  [[-0.     ]]

  [[ 0.05859]]

  [[-0.00391]]

  [[ 0.25   ]]

  [[-0.     ]]

  [[ 0.     ]]

  [[ 0.01953]]

  [[-0.0625 ]]

  [[ 0.16797]]]


 [[[-0.04297]]

  [[-0.07031]]

  [[-0.05469]]

  [[-0.     ]]

  [[ 0.     ]]

  [[-0.07031]]

  [[-0.05469]]

  [[-0.08594]]

  [[-0.07031]]

  [[-0.09375]]

  [[ 0.     ]]

  [[-0.03125]]

  [[-0.04297]]

  [[-0.05859]]

  [[-0.     ]]

  [[-0.03906]]

  [[-0.16406]]

  [[ 0.     ]]

  [[-0.15234]]

  [[-0.09766]]

  [[-0.0625 ]]

  [[-0.03906]]

  [[-0.01953]]

  [[-0.     ]]

  [[-0.20703]]

  [[-0.07422]]

  [[-0.03516]]

  [[ 0.07031]]

  [[-0.     ]]

  [[-0.07422]]

  [[-0.125  ]]

  [[-0.05859]]]


 [[[ 0.01953]]

  [[-0.01562]]

  [[ 0.15234]]

  [[ 0.15625]]

  [[-0.     ]]

  [[-0.05859]]

  [[-0.06641]]

  [[-0.00781]]

  [[-0.17578]]

  [[ 0.10156]]

  [[-0.     ]]

  [[ 0.     ]]

  [[ 0.08984]]

  [[ 0.03516]]

  [[ 0.01562]]

  [[-0.00781]]

  [[-0.03516]]

  [[ 0.     ]]

  [[ 0.     ]]

  [[-0.07031]]

  [[ 0.00781]]

  [[ 0.06641]]

  [[ 0.00781]]

  [[-0.     ]]

  [[-0.00391]]

  [[ 0.00781]]

  [[-0.02734]]

  [[ 0.00391]]

  [[ 0.     ]]

  [[-0.07422]]

  [[-0.     ]]

  [[ 0.12891]]]]...
--------------------------------------------------------------------------------
[Bias] Layer: Up_conv3.conv.6 (QuantConv2d)
  Shape: (8,)
  Bit Width: 16.0
  Signed: True
  Scale: 0.0001220703125
  Sample Bias: [-0.12769  0.02588 -0.75281  0.25732 -0.12598 -0.16406  0.37634 -0.1189 ]...
################################################################################

