################################################################################
[Weight] Layer: encoder1.block.0.5 (QuantConv2d)
  Shape: (8, 32, 1, 1)
  Bit Width: 8.0
  Signed: True
  Scale: 0.00390625
  Sample Weights: [[[[-0.17578]]

  [[-0.03125]]

  [[ 0.13281]]

  [[-0.     ]]

  [[-0.07812]]

  [[-0.3125 ]]

  [[ 0.25781]]

  [[-0.25   ]]

  [[-0.12109]]

  [[ 0.12109]]

  [[ 0.03906]]

  [[-0.00781]]

  [[ 0.09766]]

  [[-0.07812]]

  [[-0.     ]]

  [[-0.00781]]

  [[-0.08203]]

  [[ 0.15625]]

  [[-0.07422]]

  [[ 0.30469]]

  [[ 0.08203]]

  [[-0.11719]]

  [[ 0.03516]]

  [[-0.11719]]

  [[ 0.11719]]

  [[-0.28906]]

  [[ 0.25781]]

  [[-0.06641]]

  [[ 0.01953]]

  [[-0.11328]]

  [[ 0.00391]]

  [[-0.10547]]]


 [[[ 0.     ]]

  [[-0.17578]]

  [[ 0.10938]]

  [[ 0.     ]]

  [[ 0.00781]]

  [[ 0.05469]]

  [[-0.17969]]

  [[ 0.04688]]

  [[ 0.10938]]

  [[ 0.37109]]

  [[ 0.13281]]

  [[-0.07031]]

  [[ 0.03516]]

  [[-0.04297]]

  [[-0.     ]]

  [[-0.00391]]

  [[-0.07031]]

  [[ 0.11328]]

  [[-0.12891]]

  [[ 0.08203]]

  [[-0.07812]]

  [[-0.01953]]

  [[ 0.49609]]

  [[-0.05078]]

  [[ 0.36719]]

  [[-0.03516]]

  [[ 0.11719]]

  [[-0.02734]]

  [[-0.00781]]

  [[-0.01562]]

  [[-0.00781]]

  [[-0.03906]]]


 [[[-0.05078]]

  [[-0.11328]]

  [[-0.00781]]

  [[-0.     ]]

  [[-0.19922]]

  [[-0.17969]]

  [[ 0.12109]]

  [[-0.05078]]

  [[-0.00781]]

  [[ 0.15625]]

  [[-0.     ]]

  [[ 0.34375]]

  [[ 0.09766]]

  [[ 0.01172]]

  [[-0.     ]]

  [[ 0.25781]]

  [[ 0.00781]]

  [[ 0.10547]]

  [[-0.30469]]

  [[-0.07422]]

  [[-0.15625]]

  [[-0.125  ]]

  [[ 0.08984]]

  [[-0.40625]]

  [[ 0.08594]]

  [[ 0.04688]]

  [[ 0.11719]]

  [[-0.32422]]

  [[-0.19141]]

  [[ 0.19922]]

  [[ 0.     ]]

  [[-0.01953]]]


 [[[ 0.3125 ]]

  [[-0.02734]]

  [[ 0.08984]]

  [[-0.     ]]

  [[-0.03125]]

  [[ 0.13281]]

  [[-0.01953]]

  [[ 0.43359]]

  [[ 0.17188]]

  [[-0.10547]]

  [[ 0.12109]]

  [[ 0.33203]]

  [[-0.09375]]

  [[ 0.14844]]

  [[-0.     ]]

  [[ 0.16797]]

  [[ 0.20312]]

  [[-0.24219]]

  [[ 0.01172]]

  [[-0.03125]]

  [[ 0.04297]]

  [[ 0.16406]]

  [[ 0.11719]]

  [[ 0.14062]]

  [[ 0.00391]]

  [[ 0.27734]]

  [[-0.03906]]

  [[ 0.14844]]

  [[ 0.02734]]

  [[ 0.28125]]

  [[ 0.00781]]

  [[ 0.16406]]]


 [[[-0.00781]]

  [[ 0.16797]]

  [[ 0.42578]]

  [[-0.     ]]

  [[-0.02734]]

  [[-0.05469]]

  [[-0.20703]]

  [[ 0.15234]]

  [[ 0.02344]]

  [[-0.02734]]

  [[ 0.34375]]

  [[ 0.10547]]

  [[-0.00781]]

  [[ 0.04297]]

  [[ 0.     ]]

  [[-0.01562]]

  [[ 0.23828]]

  [[-0.01953]]

  [[ 0.26562]]

  [[ 0.21875]]

  [[ 0.09375]]

  [[ 0.14062]]

  [[ 0.26562]]

  [[-0.01172]]

  [[-0.24219]]

  [[-0.02344]]

  [[-0.12109]]

  [[ 0.02734]]

  [[-0.03125]]

  [[-0.04297]]

  [[-0.00391]]

  [[ 0.07422]]]


 [[[ 0.30859]]

  [[-0.05078]]

  [[ 0.16797]]

  [[-0.     ]]

  [[-0.03906]]

  [[ 0.03906]]

  [[ 0.21875]]

  [[ 0.03125]]

  [[ 0.05859]]

  [[ 0.125  ]]

  [[ 0.01953]]

  [[ 0.25781]]

  [[-0.01562]]

  [[ 0.3125 ]]

  [[ 0.     ]]

  [[ 0.38281]]

  [[ 0.07031]]

  [[-0.07031]]

  [[-0.06641]]

  [[ 0.13672]]

  [[ 0.10938]]

  [[-0.01172]]

  [[ 0.00781]]

  [[-0.37891]]

  [[-0.13281]]

  [[ 0.37109]]

  [[-0.00781]]

  [[-0.19922]]

  [[-0.08594]]

  [[ 0.19141]]

  [[ 0.     ]]

  [[-0.06641]]]


 [[[-0.     ]]

  [[ 0.03516]]

  [[ 0.00391]]

  [[ 0.     ]]

  [[-0.     ]]

  [[-0.00391]]

  [[-0.00781]]

  [[-0.00391]]

  [[-0.00391]]

  [[ 0.     ]]

  [[-0.00391]]

  [[-0.00781]]

  [[-0.     ]]

  [[-0.     ]]

  [[ 0.     ]]

  [[-0.00391]]

  [[ 0.02344]]

  [[-0.     ]]

  [[ 0.01172]]

  [[-0.     ]]

  [[ 0.00781]]

  [[-0.00391]]

  [[ 0.     ]]

  [[ 0.03906]]

  [[-0.00781]]

  [[-0.00781]]

  [[-0.00781]]

  [[ 0.00391]]

  [[-0.00391]]

  [[-0.     ]]

  [[ 0.     ]]

  [[ 0.00391]]]


 [[[-0.08984]]

  [[ 0.27344]]

  [[ 0.21875]]

  [[-0.     ]]

  [[-0.16797]]

  [[-0.20312]]

  [[ 0.00781]]

  [[-0.0625 ]]

  [[-0.08594]]

  [[-0.42188]]

  [[ 0.19141]]

  [[ 0.11719]]

  [[-0.04688]]

  [[-0.08594]]

  [[ 0.     ]]

  [[-0.06641]]

  [[ 0.42969]]

  [[-0.16797]]

  [[ 0.19141]]

  [[-0.09375]]

  [[ 0.22656]]

  [[ 0.11719]]

  [[-0.08984]]

  [[ 0.09375]]

  [[-0.13672]]

  [[-0.21094]]

  [[-0.00391]]

  [[ 0.07812]]

  [[ 0.02734]]

  [[ 0.01562]]

  [[ 0.00781]]

  [[ 0.13672]]]]...
--------------------------------------------------------------------------------
[Bias] Layer: encoder1.block.0.5 (QuantConv2d)
  Shape: (8,)
  Bit Width: 16.0
  Signed: True
  Scale: 0.000244140625
  Sample Bias: [ 1.0271  -0.32959  0.74512 -0.58496 -0.2876  -0.15039 -0.1106   0.28491]...
################################################################################

