################################################################################
[Weight] Layer: Up2.up.1 (QuantConv2d)
  Shape: (8, 8, 3, 3)
  Bit Width: 8.0
  Signed: True
  Scale: 0.00390625
  Sample Weights: [[[[-0.03516 -0.03125 -0.02344]
   [-0.03516 -0.03516 -0.02734]
   [-0.03516 -0.03125 -0.02344]]

  [[-0.21094 -0.25391 -0.20312]
   [-0.23047 -0.23047 -0.16797]
   [-0.16797 -0.17188 -0.14062]]

  [[ 0.08984 -0.01172  0.03125]
   [ 0.02344 -0.02734 -0.04688]
   [-0.02734 -0.03516  0.01172]]

  [[-0.04688 -0.05078 -0.03516]
   [-0.04297 -0.04297 -0.05859]
   [-0.04297 -0.05078 -0.04297]]

  [[ 0.36719  0.26953  0.28516]
   [ 0.20312  0.12109  0.15625]
   [ 0.17578  0.11328  0.14062]]

  [[ 0.24609  0.16016  0.17188]
   [ 0.11719  0.0625   0.06641]
   [ 0.12109  0.07031  0.05469]]

  [[ 0.01562  0.00391 -0.00781]
   [ 0.02734  0.05469 -0.00391]
   [-0.02344  0.03125  0.00391]]

  [[ 0.01562  0.00391  0.02734]
   [ 0.00391 -0.01172  0.     ]
   [ 0.01953 -0.00391  0.01562]]]


 [[[-0.      -0.00391 -0.00391]
   [-0.00391 -0.00781 -0.00781]
   [-0.00391 -0.00781 -0.00781]]

  [[ 0.49219  0.41797  0.43359]
   [ 0.37891  0.33984  0.30859]
   [ 0.47656  0.31641  0.38281]]

  [[ 0.17969  0.07812  0.00781]
   [ 0.00391  0.16797  0.09766]
   [ 0.00391  0.0625   0.16797]]

  [[-0.01172  0.00781  0.01172]
   [ 0.00391  0.03516 -0.01562]
   [ 0.00391 -0.01562 -0.02344]]

  [[-0.03516 -0.01953 -0.00781]
   [-0.07812  0.02344 -0.01953]
   [-0.08594 -0.05859  0.01953]]

  [[-0.13672 -0.08203 -0.07031]
   [-0.08203 -0.07422 -0.09766]
   [-0.13672 -0.10547 -0.08984]]

  [[-0.06641 -0.11328 -0.15234]
   [-0.10938 -0.11719 -0.11328]
   [-0.14062 -0.125   -0.14062]]

  [[-0.07812 -0.07422 -0.06641]
   [-0.07812 -0.07031 -0.06641]
   [-0.08203 -0.07812 -0.07422]]]


 [[[ 0.      -0.      -0.     ]
   [-0.      -0.       0.     ]
   [-0.      -0.       0.     ]]

  [[-0.05078 -0.03125 -0.03906]
   [-0.02734 -0.00781 -0.01953]
   [-0.03906 -0.01953 -0.02734]]

  [[ 0.04688  0.03125  0.03516]
   [ 0.04297  0.01953  0.08203]
   [-0.01953  0.05078  0.03906]]

  [[ 0.15625  0.14844  0.14453]
   [ 0.16016  0.14844  0.14453]
   [ 0.16797  0.15625  0.15625]]

  [[ 0.01953  0.0625   0.03906]
   [ 0.04297  0.05469  0.05078]
   [ 0.02344  0.04688  0.05469]]

  [[ 0.02344  0.03516  0.03516]
   [ 0.03906  0.05859  0.05078]
   [ 0.01562  0.03516  0.03516]]

  [[-0.03906 -0.03516 -0.02734]
   [-0.02734 -0.01953 -0.02344]
   [-0.03516 -0.02734 -0.02344]]

  [[ 0.0625   0.07031  0.07031]
   [ 0.05859  0.06641  0.06641]
   [ 0.05078  0.05859  0.05859]]]


 [[[-0.      -0.      -0.     ]
   [-0.      -0.      -0.     ]
   [-0.      -0.      -0.     ]]

  [[-0.00781 -0.00781 -0.00391]
   [-0.00781 -0.00781 -0.00391]
   [-0.00391 -0.00391 -0.     ]]

  [[ 0.02344  0.01953  0.01953]
   [ 0.01172  0.00391  0.00781]
   [ 0.01562  0.01172  0.00781]]

  [[-0.      -0.      -0.     ]
   [-0.      -0.      -0.     ]
   [-0.      -0.      -0.     ]]

  [[ 0.02344  0.01953  0.01953]
   [ 0.00781 -0.       0.00781]
   [ 0.00391 -0.       0.00391]]

  [[-0.00391 -0.00391 -0.     ]
   [-0.01172 -0.01172 -0.00781]
   [-0.01172 -0.01562 -0.01172]]

  [[ 0.      -0.       0.     ]
   [ 0.       0.       0.     ]
   [ 0.       0.       0.     ]]

  [[-0.00781 -0.00781 -0.00781]
   [-0.01172 -0.01172 -0.00781]
   [-0.00781 -0.00781 -0.00781]]]


 [[[ 0.00781  0.00781  0.00781]
   [ 0.01172  0.01172  0.01172]
   [ 0.01172  0.01172  0.01172]]

  [[-0.04297 -0.04297 -0.03125]
   [ 0.00781 -0.02734 -0.03516]
   [-0.06641 -0.01562 -0.01562]]

  [[ 0.31641  0.28516  0.24609]
   [ 0.28906  0.26953  0.23047]
   [ 0.24609  0.25391  0.19922]]

  [[-0.00781 -0.00781 -0.00781]
   [-0.01172 -0.01172 -0.01172]
   [-0.01172 -0.01172 -0.01172]]

  [[-0.12891 -0.09375 -0.08594]
   [-0.05078 -0.07031 -0.10547]
   [-0.05859 -0.07812 -0.13672]]

  [[-0.08203 -0.08594 -0.07031]
   [-0.07812 -0.07422 -0.04297]
   [-0.03125 -0.04688 -0.05859]]

  [[ 0.00781  0.01562  0.01562]
   [ 0.01172  0.01953  0.01953]
   [ 0.01172  0.01953  0.01953]]

  [[ 0.01953  0.01953  0.01172]
   [ 0.02344  0.02344  0.01562]
   [ 0.01953  0.01953  0.01172]]]


 [[[ 0.       0.       0.     ]
   [ 0.       0.       0.     ]
   [ 0.       0.       0.     ]]

  [[ 0.02344  0.03125  0.01562]
   [ 0.05078  0.05078  0.03516]
   [ 0.03125  0.03906  0.03125]]

  [[-0.08203 -0.07812 -0.08203]
   [-0.07031 -0.0625  -0.07031]
   [-0.08594 -0.07422 -0.08203]]

  [[ 0.11719  0.11328  0.11719]
   [ 0.12109  0.11719  0.125  ]
   [ 0.12891  0.125    0.12891]]

  [[-0.03125 -0.02344 -0.02344]
   [-0.03125 -0.02344 -0.02734]
   [-0.04297 -0.03906 -0.03906]]

  [[-0.01562 -0.01172 -0.00781]
   [-0.01562 -0.01172 -0.01172]
   [-0.02344 -0.01953 -0.01953]]

  [[-0.01953 -0.01562 -0.01172]
   [-0.00781 -0.00391 -0.     ]
   [-0.00781 -0.00391 -0.     ]]

  [[ 0.       0.       0.     ]
   [ 0.       0.       0.     ]
   [ 0.       0.       0.     ]]]


 [[[ 0.       0.       0.     ]
   [ 0.       0.       0.     ]
   [ 0.       0.       0.     ]]

  [[-0.07422 -0.07422 -0.08594]
   [-0.05859 -0.05859 -0.07031]
   [-0.05469 -0.05469 -0.0625 ]]

  [[ 0.01172  0.01172  0.01172]
   [ 0.01172  0.00781  0.00781]
   [ 0.01172  0.01172  0.01172]]

  [[ 0.00391  0.00391  0.00391]
   [ 0.00391  0.00391  0.     ]
   [ 0.       0.      -0.     ]]

  [[-0.      -0.00391 -0.00391]
   [-0.01172 -0.01562 -0.01562]
   [-0.01562 -0.01953 -0.01953]]

  [[-0.01172 -0.01562 -0.01172]
   [-0.01953 -0.01953 -0.01953]
   [-0.02344 -0.02344 -0.02344]]

  [[-0.01953 -0.01953 -0.01562]
   [-0.01953 -0.01953 -0.01562]
   [-0.01953 -0.01953 -0.01562]]

  [[ 0.00391  0.00391  0.00391]
   [ 0.00391  0.       0.     ]
   [ 0.00391  0.       0.     ]]]


 [[[-0.      -0.      -0.     ]
   [-0.      -0.      -0.     ]
   [ 0.      -0.      -0.     ]]

  [[-0.03906 -0.04297 -0.03906]
   [-0.04297 -0.04688 -0.04297]
   [-0.03906 -0.04297 -0.03906]]

  [[ 0.01562  0.01562  0.01172]
   [ 0.00781  0.00781 -0.     ]
   [ 0.00781  0.      -0.00391]]

  [[-0.03516 -0.03125 -0.03125]
   [-0.03516 -0.03516 -0.03516]
   [-0.03906 -0.03906 -0.03516]]

  [[ 0.00781 -0.00781 -0.00391]
   [-0.00391 -0.01562 -0.01562]
   [-0.      -0.01172 -0.01172]]

  [[-0.01953 -0.02734 -0.02734]
   [-0.02344 -0.03125 -0.03125]
   [-0.02344 -0.02734 -0.02734]]

  [[-0.01562 -0.01953 -0.01562]
   [-0.02344 -0.02344 -0.01953]
   [-0.01953 -0.02344 -0.01953]]

  [[ 0.00391  0.00391  0.00391]
   [ 0.00391  0.       0.     ]
   [ 0.00391  0.      -0.     ]]]]...
--------------------------------------------------------------------------------
[Bias] Layer: Up2.up.1 (QuantConv2d)
  Shape: (8,)
  Bit Width: 16.0
  Signed: True
  Scale: 6.103515625e-05
  Sample Bias: [ 0.30383 -0.07623 -0.47009 -0.11084 -0.04187  0.14062  0.08667  0.16565]...
################################################################################

