################################################################################
[Weight] Layer: Up_conv2.conv.6 (QuantConv2d)
  Shape: (8, 32, 1, 1)
  Bit Width: 8.0
  Signed: True
  Scale: 0.0078125
  Sample Weights: [[[[-0.22656]]

  [[-0.6875 ]]

  [[ 0.99219]]

  [[-0.07031]]

  [[ 0.55469]]

  [[ 0.08594]]

  [[ 0.     ]]

  [[ 0.     ]]

  [[ 0.     ]]

  [[-0.     ]]

  [[-0.65625]]

  [[ 0.     ]]

  [[ 0.     ]]

  [[-0.     ]]

  [[-0.     ]]

  [[-0.     ]]

  [[ 0.0625 ]]

  [[-0.09375]]

  [[ 0.15625]]

  [[ 0.     ]]

  [[-0.     ]]

  [[-0.75   ]]

  [[ 0.     ]]

  [[ 0.     ]]

  [[-0.95312]]

  [[-0.00781]]

  [[-0.4375 ]]

  [[ 0.19531]]

  [[ 0.375  ]]

  [[ 0.     ]]

  [[ 0.     ]]

  [[-0.01562]]]


 [[[-0.15625]]

  [[-0.42188]]

  [[ 0.99219]]

  [[-0.04688]]

  [[-0.875  ]]

  [[ 0.07812]]

  [[ 0.     ]]

  [[ 0.     ]]

  [[ 0.     ]]

  [[-0.     ]]

  [[-0.28906]]

  [[ 0.     ]]

  [[-0.     ]]

  [[ 0.     ]]

  [[ 0.     ]]

  [[ 0.     ]]

  [[ 0.42969]]

  [[ 0.10156]]

  [[ 0.46094]]

  [[ 0.02344]]

  [[-0.     ]]

  [[-0.99219]]

  [[ 0.     ]]

  [[-0.     ]]

  [[-0.67969]]

  [[-0.00781]]

  [[-0.17969]]

  [[ 0.35156]]

  [[ 0.63281]]

  [[ 0.     ]]

  [[-0.     ]]

  [[-0.01562]]]


 [[[ 0.21094]]

  [[-0.16406]]

  [[ 0.00781]]

  [[ 0.44531]]

  [[-0.00781]]

  [[-0.42969]]

  [[ 0.03125]]

  [[ 0.     ]]

  [[-0.     ]]

  [[-0.     ]]

  [[-0.28125]]

  [[-0.     ]]

  [[ 0.     ]]

  [[-0.     ]]

  [[ 0.     ]]

  [[-0.     ]]

  [[-0.17188]]

  [[-0.02344]]

  [[ 0.02344]]

  [[ 0.35938]]

  [[ 0.     ]]

  [[ 0.14062]]

  [[ 0.19531]]

  [[ 0.     ]]

  [[-0.83594]]

  [[ 0.4375 ]]

  [[ 0.53125]]

  [[-0.32031]]

  [[-0.25781]]

  [[ 0.     ]]

  [[-0.     ]]

  [[ 0.42188]]]


 [[[-0.53906]]

  [[-0.99219]]

  [[ 0.78906]]

  [[-0.38281]]

  [[ 0.40625]]

  [[-0.07031]]

  [[ 0.     ]]

  [[-0.     ]]

  [[ 0.     ]]

  [[-0.     ]]

  [[-0.78125]]

  [[-0.     ]]

  [[ 0.     ]]

  [[ 0.     ]]

  [[-0.     ]]

  [[-0.     ]]

  [[-0.23438]]

  [[ 0.14844]]

  [[ 0.03125]]

  [[-0.     ]]

  [[-0.     ]]

  [[ 0.27344]]

  [[ 0.     ]]

  [[-0.     ]]

  [[ 0.07031]]

  [[ 0.     ]]

  [[-0.49219]]

  [[-0.53906]]

  [[ 0.74219]]

  [[-0.     ]]

  [[ 0.     ]]

  [[-0.03906]]]


 [[[-0.24219]]

  [[-0.53906]]

  [[ 0.99219]]

  [[ 0.01562]]

  [[-0.60938]]

  [[ 0.07812]]

  [[ 0.     ]]

  [[ 0.     ]]

  [[ 0.     ]]

  [[-0.     ]]

  [[-0.39062]]

  [[-0.     ]]

  [[ 0.     ]]

  [[-0.     ]]

  [[-0.     ]]

  [[ 0.     ]]

  [[ 0.15625]]

  [[-0.10156]]

  [[ 0.32812]]

  [[-0.05469]]

  [[ 0.     ]]

  [[-0.99219]]

  [[-0.00781]]

  [[ 0.     ]]

  [[-0.75781]]

  [[ 0.07031]]

  [[-0.20312]]

  [[ 0.41406]]

  [[ 0.36719]]

  [[-0.     ]]

  [[ 0.     ]]

  [[ 0.0625 ]]]


 [[[ 0.51562]]

  [[-0.21094]]

  [[-0.03125]]

  [[ 0.4375 ]]

  [[-0.00781]]

  [[-0.39844]]

  [[ 0.01562]]

  [[-0.     ]]

  [[ 0.     ]]

  [[-0.     ]]

  [[ 0.01562]]

  [[-0.     ]]

  [[ 0.07031]]

  [[-0.     ]]

  [[ 0.     ]]

  [[ 0.     ]]

  [[-0.13281]]

  [[-0.01562]]

  [[ 0.03125]]

  [[ 0.44531]]

  [[ 0.03125]]

  [[-0.07031]]

  [[ 0.25781]]

  [[-0.     ]]

  [[-0.82812]]

  [[ 0.42969]]

  [[ 0.54688]]

  [[-0.04688]]

  [[-0.23438]]

  [[-0.     ]]

  [[-0.     ]]

  [[ 0.46094]]]


 [[[-0.27344]]

  [[-0.26562]]

  [[ 0.02344]]

  [[ 0.03125]]

  [[ 0.03906]]

  [[-0.14062]]

  [[ 0.04688]]

  [[ 0.     ]]

  [[ 0.     ]]

  [[-0.     ]]

  [[-0.125  ]]

  [[-0.     ]]

  [[ 0.00781]]

  [[ 0.     ]]

  [[-0.     ]]

  [[ 0.     ]]

  [[-0.02344]]

  [[ 0.     ]]

  [[ 0.02344]]

  [[ 0.19531]]

  [[ 0.01562]]

  [[-0.00781]]

  [[ 0.24219]]

  [[-0.     ]]

  [[-0.26562]]

  [[ 0.74219]]

  [[ 0.5625 ]]

  [[-0.08594]]

  [[-0.03125]]

  [[ 0.     ]]

  [[ 0.     ]]

  [[ 0.52344]]]


 [[[-0.14844]]

  [[-0.21875]]

  [[ 0.01562]]

  [[ 0.39062]]

  [[ 0.     ]]

  [[-0.30469]]

  [[ 0.03906]]

  [[ 0.     ]]

  [[-0.     ]]

  [[-0.     ]]

  [[-0.3125 ]]

  [[ 0.     ]]

  [[-0.01562]]

  [[ 0.     ]]

  [[-0.     ]]

  [[-0.     ]]

  [[-0.09375]]

  [[-0.03125]]

  [[ 0.03125]]

  [[ 0.11719]]

  [[ 0.03125]]

  [[ 0.17188]]

  [[ 0.17969]]

  [[-0.     ]]

  [[-0.69531]]

  [[ 0.61719]]

  [[ 0.57031]]

  [[-0.28125]]

  [[-0.20312]]

  [[ 0.     ]]

  [[-0.     ]]

  [[ 0.44531]]]]...
--------------------------------------------------------------------------------
[Bias] Layer: Up_conv2.conv.6 (QuantConv2d)
  Shape: (8,)
  Bit Width: 16.0
  Signed: True
  Scale: 0.0001220703125
  Sample Bias: [1.92944 1.38379 0.56775 1.75549 1.69531 0.36572 0.32886 0.5918 ]...
################################################################################

