################################################################################
[Weight] Layer: encoder1.block.1.0.fn.0 (QuantConv2d)
  Shape: (8, 1, 3, 3)
  Bit Width: 8.0
  Signed: True
  Scale: 0.0078125
  Sample Weights: [[[[ 0.07031  0.16406  0.03125]
   [ 0.17969  0.22656 -0.01562]
   [ 0.00781  0.13281 -0.28906]]]


 [[[-0.45312 -0.625   -0.46094]
   [ 0.21094 -0.53906  0.17969]
   [ 0.33594  0.08594 -0.21875]]]


 [[[ 0.17969  0.19531 -0.25781]
   [ 0.23438  0.63281  0.39844]
   [-0.14062 -0.44531 -0.     ]]]


 [[[-0.33594 -0.60938 -0.59375]
   [ 0.21094  0.85938  0.     ]
   [ 0.625    0.58594 -0.46875]]]


 [[[ 0.15625 -0.28125 -0.11719]
   [ 0.53125  0.35938  0.07812]
   [-0.10156 -0.14062  0.25   ]]]


 [[[-0.17969 -0.42188  0.01562]
   [ 0.07031  0.01562 -0.10938]
   [-0.16406  0.03125 -0.42188]]]


 [[[-0.      -0.       0.     ]
   [-0.00781 -0.00781  0.     ]
   [-0.      -0.      -0.     ]]]


 [[[ 0.28125 -0.3125  -0.28906]
   [ 0.71875  0.3125  -0.48438]
   [-0.36719 -0.15625  0.19531]]]]...
--------------------------------------------------------------------------------
[Bias] Layer: encoder1.block.1.0.fn.0 (QuantConv2d)
  Shape: (8,)
  Bit Width: 16.0
  Signed: True
  Scale: 0.00048828125
  Sample Bias: [-0.31348  0.40039 -0.27832  0.0376  -0.18262  0.28271  0.08545 -0.04639]...
################################################################################

