################################################################################
[Weight] Layer: encoder1.block.1.2 (QuantConv2d)
  Shape: (32, 8, 1, 1)
  Bit Width: 8.0
  Signed: True
  Scale: 0.00390625
  Sample Weights: [[[[-0.1875 ]]

  [[-0.15625]]

  [[-0.17188]]

  [[ 0.20703]]

  [[ 0.01562]]

  [[ 0.03906]]

  [[-0.03125]]

  [[ 0.04297]]]


 [[[-0.10938]]

  [[ 0.05078]]

  [[-0.08594]]

  [[-0.03906]]

  [[ 0.05469]]

  [[-0.05078]]

  [[ 0.02344]]

  [[-0.01562]]]


 [[[ 0.01172]]

  [[-0.0625 ]]

  [[ 0.10156]]

  [[ 0.15234]]

  [[-0.00781]]

  [[ 0.10547]]

  [[-0.00781]]

  [[ 0.06641]]]


 [[[ 0.14453]]

  [[-0.07812]]

  [[ 0.12891]]

  [[-0.09766]]

  [[-0.07031]]

  [[-0.02344]]

  [[ 0.01953]]

  [[-0.09766]]]


 [[[-0.16016]]

  [[-0.05469]]

  [[-0.08203]]

  [[ 0.02344]]

  [[ 0.01562]]

  [[-0.03125]]

  [[ 0.01172]]

  [[-0.01953]]]


 [[[-0.05469]]

  [[-0.07812]]

  [[-0.04297]]

  [[ 0.14453]]

  [[ 0.06641]]

  [[ 0.14453]]

  [[-0.01562]]

  [[ 0.14453]]]


 [[[-0.08984]]

  [[-0.07031]]

  [[-0.08203]]

  [[ 0.03906]]

  [[ 0.01172]]

  [[ 0.04297]]

  [[ 0.     ]]

  [[ 0.00781]]]


 [[[-0.00391]]

  [[-0.00391]]

  [[-0.00391]]

  [[-0.     ]]

  [[-0.     ]]

  [[-0.     ]]

  [[-0.     ]]

  [[-0.00391]]]


 [[[ 0.07031]]

  [[-0.05859]]

  [[ 0.21094]]

  [[ 0.03906]]

  [[ 0.01562]]

  [[ 0.19531]]

  [[ 0.00781]]

  [[-0.10938]]]


 [[[ 0.35938]]

  [[ 0.02734]]

  [[-0.13281]]

  [[-0.13672]]

  [[-0.14844]]

  [[ 0.00391]]

  [[-0.02734]]

  [[-0.125  ]]]]...
--------------------------------------------------------------------------------
[Bias] Layer: encoder1.block.1.2 (QuantConv2d)
  Shape: (32,)
  Bit Width: 16.0
  Signed: True
  Scale: 0.00048828125
  Sample Bias: [ 0.44141  0.18262 -0.23486 -0.05469  0.34619 -0.04883  0.18457 -0.00195
 -0.19189  0.05566]...
################################################################################

