################################################################################
[Weight] Layer: encoder1.block.1.5 (QuantConv2d)
  Shape: (8, 32, 1, 1)
  Bit Width: 8.0
  Signed: True
  Scale: 0.00390625
  Sample Weights: [[[[ 0.49609]]

  [[-0.08203]]

  [[ 0.15625]]

  [[-0.01562]]

  [[ 0.21875]]

  [[ 0.24609]]

  [[ 0.24609]]

  [[-0.     ]]

  [[-0.13672]]

  [[-0.35156]]

  [[ 0.16406]]

  [[ 0.26172]]

  [[ 0.44141]]

  [[-0.06641]]

  [[ 0.     ]]

  [[-0.04297]]

  [[-0.01562]]

  [[ 0.17578]]

  [[ 0.22266]]

  [[ 0.     ]]

  [[ 0.30469]]

  [[ 0.06641]]

  [[ 0.     ]]

  [[ 0.     ]]

  [[ 0.03125]]

  [[-0.10547]]

  [[-0.11328]]

  [[-0.09766]]

  [[-0.14844]]

  [[ 0.     ]]

  [[ 0.19531]]

  [[-0.     ]]]


 [[[-0.16406]]

  [[-0.07031]]

  [[ 0.02734]]

  [[ 0.09766]]

  [[-0.10938]]

  [[-0.07422]]

  [[-0.07422]]

  [[-0.00391]]

  [[ 0.16797]]

  [[-0.03906]]

  [[-0.19922]]

  [[-0.16797]]

  [[-0.14062]]

  [[ 0.25781]]

  [[-0.     ]]

  [[-0.07812]]

  [[ 0.16016]]

  [[-0.04297]]

  [[-0.05859]]

  [[ 0.     ]]

  [[-0.32812]]

  [[-0.01562]]

  [[ 0.     ]]

  [[-0.     ]]

  [[-0.01562]]

  [[ 0.01953]]

  [[ 0.05469]]

  [[-0.00391]]

  [[ 0.33984]]

  [[ 0.     ]]

  [[-0.06641]]

  [[ 0.     ]]]


 [[[-0.     ]]

  [[ 0.     ]]

  [[-0.     ]]

  [[-0.     ]]

  [[-0.     ]]

  [[-0.     ]]

  [[-0.     ]]

  [[ 0.     ]]

  [[-0.     ]]

  [[-0.     ]]

  [[-0.     ]]

  [[-0.     ]]

  [[-0.     ]]

  [[-0.     ]]

  [[ 0.     ]]

  [[-0.     ]]

  [[-0.     ]]

  [[-0.     ]]

  [[-0.     ]]

  [[ 0.     ]]

  [[-0.     ]]

  [[ 0.     ]]

  [[ 0.     ]]

  [[-0.     ]]

  [[-0.     ]]

  [[ 0.     ]]

  [[-0.     ]]

  [[-0.     ]]

  [[-0.     ]]

  [[-0.     ]]

  [[-0.     ]]

  [[ 0.     ]]]


 [[[ 0.14453]]

  [[ 0.20312]]

  [[-0.14453]]

  [[-0.01953]]

  [[ 0.26562]]

  [[-0.07812]]

  [[ 0.13672]]

  [[-0.00391]]

  [[-0.1875 ]]

  [[-0.24219]]

  [[ 0.07812]]

  [[ 0.00391]]

  [[ 0.25   ]]

  [[-0.21094]]

  [[ 0.     ]]

  [[-0.12109]]

  [[-0.13672]]

  [[-0.21875]]

  [[ 0.08594]]

  [[ 0.     ]]

  [[ 0.49609]]

  [[ 0.03125]]

  [[-0.     ]]

  [[ 0.     ]]

  [[ 0.04688]]

  [[ 0.08203]]

  [[-0.22656]]

  [[-0.16797]]

  [[-0.33203]]

  [[-0.     ]]

  [[-0.15234]]

  [[ 0.     ]]]


 [[[ 0.03906]]

  [[ 0.04297]]

  [[ 0.125  ]]

  [[-0.02344]]

  [[ 0.02344]]

  [[ 0.30469]]

  [[ 0.03516]]

  [[-0.     ]]

  [[-0.15625]]

  [[-0.125  ]]

  [[ 0.27734]]

  [[ 0.05469]]

  [[ 0.12891]]

  [[-0.16797]]

  [[ 0.     ]]

  [[-0.05078]]

  [[-0.10938]]

  [[ 0.33203]]

  [[ 0.17578]]

  [[ 0.     ]]

  [[ 0.15234]]

  [[-0.01172]]

  [[-0.     ]]

  [[ 0.     ]]

  [[-0.27344]]

  [[ 0.10156]]

  [[ 0.07422]]

  [[-0.11719]]

  [[-0.26562]]

  [[-0.     ]]

  [[ 0.19922]]

  [[-0.     ]]]


 [[[-0.13672]]

  [[-0.08203]]

  [[ 0.01562]]

  [[ 0.26953]]

  [[-0.03125]]

  [[-0.07422]]

  [[-0.03906]]

  [[-0.     ]]

  [[ 0.08594]]

  [[ 0.33984]]

  [[-0.05078]]

  [[-0.26953]]

  [[-0.13672]]

  [[ 0.10938]]

  [[-0.     ]]

  [[ 0.21484]]

  [[ 0.24219]]

  [[-0.07422]]

  [[-0.04297]]

  [[-0.     ]]

  [[-0.18359]]

  [[-0.01562]]

  [[-0.     ]]

  [[ 0.     ]]

  [[-0.11719]]

  [[-0.02734]]

  [[ 0.15625]]

  [[ 0.26953]]

  [[ 0.49609]]

  [[-0.     ]]

  [[-0.01172]]

  [[-0.     ]]]


 [[[ 0.00391]]

  [[-0.07422]]

  [[ 0.12109]]

  [[ 0.14844]]

  [[-0.08594]]

  [[ 0.03125]]

  [[ 0.01562]]

  [[-0.     ]]

  [[ 0.34375]]

  [[-0.21875]]

  [[ 0.09375]]

  [[ 0.12109]]

  [[-0.05078]]

  [[ 0.26172]]

  [[-0.     ]]

  [[-0.10547]]

  [[ 0.03906]]

  [[-0.03125]]

  [[ 0.05469]]

  [[ 0.     ]]

  [[-0.12109]]

  [[-0.01172]]

  [[-0.     ]]

  [[-0.     ]]

  [[ 0.49609]]

  [[ 0.00391]]

  [[ 0.30078]]

  [[-0.0625 ]]

  [[-0.14062]]

  [[ 0.     ]]

  [[-0.125  ]]

  [[ 0.     ]]]


 [[[ 0.03906]]

  [[-0.01172]]

  [[ 0.02734]]

  [[-0.     ]]

  [[-0.01172]]

  [[ 0.10547]]

  [[ 0.03125]]

  [[-0.     ]]

  [[ 0.25391]]

  [[-0.12109]]

  [[-0.21875]]

  [[ 0.13672]]

  [[-0.05078]]

  [[ 0.13281]]

  [[-0.     ]]

  [[-0.01172]]

  [[-0.0625 ]]

  [[-0.05859]]

  [[ 0.01562]]

  [[ 0.     ]]

  [[-0.19922]]

  [[-0.     ]]

  [[ 0.     ]]

  [[ 0.     ]]

  [[ 0.49609]]

  [[ 0.01172]]

  [[ 0.07031]]

  [[-0.08594]]

  [[-0.17578]]

  [[-0.     ]]

  [[ 0.05469]]

  [[ 0.     ]]]]...
--------------------------------------------------------------------------------
[Bias] Layer: encoder1.block.1.5 (QuantConv2d)
  Shape: (8,)
  Bit Width: 16.0
  Signed: True
  Scale: 0.000244140625
  Sample Bias: [-9.79004e-02  3.94531e-01  2.44141e-04  3.76221e-01  1.57959e-01
 -1.17432e-01 -2.44141e-03 -1.68457e-02]...
################################################################################

