################################################################################
[Weight] Layer: encoder1.block.2.5 (QuantConv2d)
  Shape: (8, 32, 1, 1)
  Bit Width: 8.0
  Signed: True
  Scale: 0.00390625
  Sample Weights: [[[[ 0.25   ]]

  [[-0.03906]]

  [[ 0.11719]]

  [[ 0.     ]]

  [[-0.00391]]

  [[ 0.23438]]

  [[-0.06641]]

  [[ 0.18359]]

  [[ 0.     ]]

  [[ 0.07031]]

  [[ 0.15234]]

  [[-0.18359]]

  [[ 0.     ]]

  [[ 0.     ]]

  [[-0.     ]]

  [[ 0.30469]]

  [[-0.17578]]

  [[ 0.29297]]

  [[-0.     ]]

  [[-0.     ]]

  [[ 0.125  ]]

  [[ 0.     ]]

  [[ 0.22266]]

  [[ 0.01172]]

  [[ 0.15234]]

  [[ 0.     ]]

  [[ 0.     ]]

  [[ 0.     ]]

  [[ 0.19922]]

  [[-0.19922]]

  [[ 0.00391]]

  [[ 0.04688]]]


 [[[ 0.01562]]

  [[-0.00391]]

  [[ 0.00781]]

  [[-0.00391]]

  [[-0.     ]]

  [[ 0.02734]]

  [[-0.02344]]

  [[ 0.00781]]

  [[-0.     ]]

  [[ 0.02344]]

  [[-0.00391]]

  [[-0.00781]]

  [[-0.     ]]

  [[-0.     ]]

  [[ 0.     ]]

  [[ 0.00781]]

  [[-0.01562]]

  [[ 0.05078]]

  [[-0.     ]]

  [[-0.     ]]

  [[-0.01172]]

  [[ 0.     ]]

  [[ 0.04688]]

  [[ 0.     ]]

  [[ 0.05469]]

  [[-0.     ]]

  [[-0.     ]]

  [[ 0.     ]]

  [[-0.     ]]

  [[-0.01172]]

  [[ 0.     ]]

  [[-0.     ]]]


 [[[-0.10547]]

  [[ 0.00781]]

  [[-0.03906]]

  [[ 0.05469]]

  [[ 0.125  ]]

  [[-0.13281]]

  [[ 0.16406]]

  [[-0.08594]]

  [[-0.     ]]

  [[-0.08594]]

  [[-0.09766]]

  [[ 0.16016]]

  [[-0.     ]]

  [[-0.     ]]

  [[ 0.     ]]

  [[-0.16406]]

  [[ 0.21094]]

  [[-0.15234]]

  [[ 0.     ]]

  [[-0.     ]]

  [[ 0.     ]]

  [[-0.     ]]

  [[-0.16797]]

  [[ 0.05078]]

  [[-0.17578]]

  [[-0.     ]]

  [[-0.     ]]

  [[ 0.     ]]

  [[ 0.00781]]

  [[ 0.27734]]

  [[-0.01562]]

  [[-0.14062]]]


 [[[-0.02734]]

  [[-0.05859]]

  [[ 0.07812]]

  [[-0.43359]]

  [[-0.34375]]

  [[ 0.49609]]

  [[ 0.15625]]

  [[ 0.22656]]

  [[ 0.     ]]

  [[ 0.36719]]

  [[-0.34766]]

  [[-0.10547]]

  [[-0.     ]]

  [[-0.     ]]

  [[ 0.     ]]

  [[-0.14844]]

  [[-0.10156]]

  [[-0.25391]]

  [[ 0.     ]]

  [[ 0.     ]]

  [[-0.01953]]

  [[ 0.00391]]

  [[ 0.30469]]

  [[-0.23438]]

  [[ 0.34766]]

  [[ 0.     ]]

  [[-0.     ]]

  [[ 0.     ]]

  [[ 0.16797]]

  [[-0.22656]]

  [[-0.01953]]

  [[ 0.34375]]]


 [[[ 0.15625]]

  [[ 0.01562]]

  [[ 0.08203]]

  [[-0.19141]]

  [[-0.07422]]

  [[ 0.26562]]

  [[-0.05469]]

  [[ 0.16797]]

  [[-0.     ]]

  [[ 0.03516]]

  [[-0.07812]]

  [[-0.10547]]

  [[-0.     ]]

  [[ 0.     ]]

  [[-0.     ]]

  [[ 0.03906]]

  [[-0.13672]]

  [[-0.01953]]

  [[-0.     ]]

  [[ 0.     ]]

  [[ 0.00781]]

  [[-0.     ]]

  [[ 0.03125]]

  [[-0.01953]]

  [[ 0.04688]]

  [[-0.     ]]

  [[-0.     ]]

  [[ 0.     ]]

  [[ 0.45703]]

  [[-0.16016]]

  [[ 0.03906]]

  [[ 0.25391]]]


 [[[-0.15234]]

  [[-0.03125]]

  [[-0.12891]]

  [[-0.17969]]

  [[ 0.10156]]

  [[ 0.00391]]

  [[ 0.35547]]

  [[ 0.01562]]

  [[-0.     ]]

  [[ 0.01953]]

  [[-0.24219]]

  [[ 0.39062]]

  [[ 0.     ]]

  [[-0.     ]]

  [[ 0.     ]]

  [[-0.12891]]

  [[ 0.35938]]

  [[-0.35156]]

  [[ 0.     ]]

  [[ 0.     ]]

  [[-0.05078]]

  [[ 0.     ]]

  [[ 0.09766]]

  [[ 0.01562]]

  [[ 0.10938]]

  [[ 0.     ]]

  [[-0.     ]]

  [[-0.     ]]

  [[-0.09375]]

  [[ 0.39844]]

  [[ 0.00781]]

  [[ 0.04688]]]


 [[[-0.09766]]

  [[ 0.     ]]

  [[-0.09375]]

  [[ 0.02344]]

  [[-0.01562]]

  [[ 0.05078]]

  [[ 0.     ]]

  [[ 0.00391]]

  [[-0.     ]]

  [[-0.05078]]

  [[-0.08203]]

  [[-0.08203]]

  [[-0.     ]]

  [[-0.     ]]

  [[ 0.     ]]

  [[ 0.05859]]

  [[-0.05859]]

  [[ 0.01562]]

  [[ 0.     ]]

  [[-0.     ]]

  [[ 0.0625 ]]

  [[-0.     ]]

  [[-0.02344]]

  [[-0.00781]]

  [[-0.07031]]

  [[ 0.     ]]

  [[ 0.     ]]

  [[ 0.     ]]

  [[ 0.39844]]

  [[-0.05859]]

  [[ 0.02344]]

  [[ 0.10547]]]


 [[[ 0.12891]]

  [[-0.04297]]

  [[ 0.01172]]

  [[ 0.13281]]

  [[-0.08984]]

  [[ 0.09375]]

  [[-0.00391]]

  [[ 0.07422]]

  [[-0.     ]]

  [[-0.00781]]

  [[ 0.21094]]

  [[-0.02344]]

  [[ 0.     ]]

  [[ 0.     ]]

  [[ 0.     ]]

  [[ 0.44141]]

  [[-0.21484]]

  [[ 0.49609]]

  [[-0.     ]]

  [[-0.     ]]

  [[ 0.11328]]

  [[-0.     ]]

  [[ 0.11328]]

  [[-0.03125]]

  [[ 0.01562]]

  [[ 0.     ]]

  [[ 0.     ]]

  [[ 0.     ]]

  [[ 0.28125]]

  [[-0.01953]]

  [[-0.00781]]

  [[ 0.08984]]]]...
--------------------------------------------------------------------------------
[Bias] Layer: encoder1.block.2.5 (QuantConv2d)
  Shape: (8,)
  Bit Width: 16.0
  Signed: True
  Scale: 0.000244140625
  Sample Bias: [-0.08447 -0.21289  0.14746  0.37646  0.09033  0.03979 -0.00854 -0.25171]...
################################################################################

