################################################################################
[Weight] Layer: encoder2.block.0.0.fn.0 (QuantConv2d)
  Shape: (8, 1, 3, 3)
  Bit Width: 8.0
  Signed: True
  Scale: 0.03125
  Sample Weights: [[[[-0.375   -0.25     0.28125]
   [ 0.03125  0.25     1.     ]
   [-0.28125  0.28125  0.96875]]]


 [[[-0.75    -2.71875  2.4375 ]
   [-0.25     1.53125  3.96875]
   [-2.4375  -1.25     0.09375]]]


 [[[-0.03125 -0.0625  -0.0625 ]
   [-0.03125 -0.03125 -0.0625 ]
   [-0.09375 -0.0625  -0.0625 ]]]


 [[[-0.       0.15625 -0.09375]
   [ 0.15625  0.59375 -0.15625]
   [ 0.1875   0.34375 -0.125  ]]]


 [[[-1.53125 -0.9375   0.5    ]
   [-1.15625 -1.40625  2.03125]
   [-0.78125  1.78125  2.78125]]]


 [[[ 0.       0.5625   0.375  ]
   [-0.40625  0.75    -0.875  ]
   [-0.03125 -0.65625 -0.375  ]]]


 [[[ 0.34375  0.6875   0.1875 ]
   [ 0.34375 -0.      -0.125  ]
   [-0.1875  -0.      -0.53125]]]


 [[[ 0.125   -0.34375 -0.15625]
   [ 0.34375  0.90625  0.09375]
   [-0.71875 -0.0625  -0.5    ]]]]...
--------------------------------------------------------------------------------
[Bias] Layer: encoder2.block.0.0.fn.0 (QuantConv2d)
  Shape: (8,)
  Bit Width: 16.0
  Signed: True
  Scale: 0.001953125
  Sample Bias: [-0.42188  0.05469  0.12109 -0.16602 -0.25586  0.4082   0.0293   0.17383]...
################################################################################

