################################################################################
[Weight] Layer: encoder3.block.0.0.fn.0 (QuantConv2d)
  Shape: (8, 1, 7, 7)
  Bit Width: 8.0
  Signed: True
  Scale: 0.00390625
  Sample Weights: [[[[ 0.00781 -0.03516  0.01953  0.07031  0.03906  0.07031  0.01562]
   [-0.      -0.       0.0625   0.08984  0.01562 -0.01562 -0.01953]
   [-0.03125 -0.00781  0.04297  0.07812  0.05078  0.02344  0.     ]
   [-0.03516 -0.05469 -0.02734  0.10547  0.08594  0.00391  0.02734]
   [-0.08203 -0.05859 -0.03516  0.03906  0.04297  0.01953 -0.00391]
   [-0.07422 -0.09375 -0.07422 -0.01562  0.01562 -0.      -0.00391]
   [-0.10156 -0.08984 -0.05859 -0.00781  0.01172 -0.03125 -0.01953]]]


 [[[-0.00391  0.17188  0.1875  -0.01172  0.00781 -0.08203 -0.14453]
   [ 0.03516  0.18359  0.39453  0.07812 -0.08203  0.05078 -0.11719]
   [-0.01953  0.1875   0.45312  0.14062  0.       0.05078  0.00391]
   [-0.       0.03516  0.33594  0.20703 -0.20703 -0.14062 -0.14844]
   [ 0.0625   0.       0.16797  0.12891 -0.20703 -0.14062 -0.05078]
   [-0.14453 -0.03906  0.07031 -0.19922 -0.17188 -0.08594 -0.0625 ]
   [-0.16406 -0.18359 -0.125   -0.16797 -0.13281 -0.11719 -0.11328]]]


 [[[-0.06641 -0.03125 -0.06641 -0.0625  -0.05859 -0.01562 -0.02344]
   [-0.01953  0.01562 -0.01953 -0.02734  0.01562 -0.05469 -0.03125]
   [-0.03906  0.01562  0.05469  0.07812  0.02734 -0.04688 -0.02344]
   [-0.05078 -0.00781  0.09766  0.16406  0.09375 -0.05078 -0.03906]
   [-0.03906 -0.03906  0.02734  0.12109  0.06641  0.00391 -0.     ]
   [-0.05078 -0.0625  -0.05859  0.00781 -0.01562 -0.01172 -0.02344]
   [-0.00781 -0.00391 -0.01562 -0.01562  0.00391 -0.00391 -0.01953]]]


 [[[ 0.03906 -0.06641 -0.22266 -0.25781 -0.27734 -0.14844  0.07812]
   [ 0.20703  0.17969 -0.06641 -0.08594 -0.06641 -0.14453  0.19141]
   [ 0.36719  0.08594  0.02344 -0.08984 -0.04297  0.03906  0.09375]
   [ 0.30859 -0.07812 -0.05078 -0.01953  0.02734  0.15234  0.1875 ]
   [ 0.27734 -0.16406 -0.22266 -0.14844 -0.05078  0.20312  0.15625]
   [-0.04297 -0.24609 -0.16797 -0.16797 -0.08984  0.07812  0.0625 ]
   [ 0.08594 -0.12891 -0.10547 -0.03906  0.06641  0.01172  0.08984]]]


 [[[-0.07031 -0.03906  0.00781 -0.07031  0.03516 -0.0625  -0.19922]
   [-0.125    0.00781 -0.08594  0.00391  0.01562  0.13281 -0.15625]
   [-0.01562 -0.07031  0.07031 -0.00781  0.08203  0.07812 -0.08594]
   [ 0.02344  0.08203  0.02734  0.13281  0.125   -0.03516 -0.09766]
   [ 0.01562  0.15625  0.01953  0.1875   0.23438  0.00781 -0.07812]
   [-0.125    0.14844  0.20312 -0.15625 -0.09375 -0.05469 -0.07812]
   [-0.20703 -0.19531 -0.09766 -0.00781  0.01953  0.03906 -0.11328]]]


 [[[ 0.04297 -0.07031 -0.26172 -0.21484 -0.04688 -0.04297  0.05078]
   [-0.09766 -0.09766 -0.19141 -0.17188 -0.05859 -0.03906  0.09375]
   [-0.03516  0.00391 -0.09766 -0.0625   0.03125 -0.05469  0.02344]
   [ 0.05469  0.      -0.03516 -0.02344  0.07812 -0.01953  0.04688]
   [-0.02734  0.03906  0.05859  0.08984  0.14062  0.14062  0.03125]
   [ 0.0625  -0.00781  0.07031  0.03125  0.04297  0.06641  0.08594]
   [ 0.00391 -0.03516  0.07812  0.01953 -0.02344 -0.01562  0.03906]]]


 [[[ 0.07812  0.02734  0.1875   0.09375  0.10547  0.07422 -0.03125]
   [ 0.02734  0.07422  0.18359  0.08203  0.10156  0.07031 -0.09375]
   [ 0.01172  0.04688  0.14453  0.14062 -0.02734 -0.04297  0.01172]
   [-0.10938 -0.13672  0.05078  0.09375 -0.10938 -0.09375 -0.01562]
   [-0.10156 -0.07422 -0.14453 -0.08594 -0.07812 -0.07031 -0.01562]
   [ 0.      -0.04297 -0.09766 -0.10156 -0.10156 -0.08984 -0.     ]
   [-0.11719 -0.07031 -0.07422 -0.02734 -0.10156 -0.03125 -0.13672]]]


 [[[ 0.03516  0.06641  0.08594  0.05859 -0.08594 -0.14844 -0.21484]
   [ 0.00781 -0.01172  0.07812  0.17969  0.00391  0.04297 -0.33594]
   [ 0.0625   0.00391  0.32812  0.38281  0.07812 -0.08203 -0.27734]
   [-0.12891  0.09375  0.45312  0.125   -0.23828 -0.14062 -0.00781]
   [-0.       0.12891  0.14453 -0.22656 -0.01562  0.24609 -0.10938]
   [-0.21875  0.02344 -0.10547 -0.21875  0.11328 -0.01172 -0.07812]
   [-0.33594 -0.29297 -0.26562 -0.18359 -0.17969 -0.00781  0.00781]]]]...
--------------------------------------------------------------------------------
[Bias] Layer: encoder3.block.0.0.fn.0 (QuantConv2d)
  Shape: (8,)
  Bit Width: 16.0
  Signed: True
  Scale: 0.0001220703125
  Sample Bias: [ 0.00879  0.44519 -0.48145 -0.20093  0.30896  0.46082  0.34778  1.18677]...
################################################################################

