################################################################################
[Weight] Layer: encoder1.block.0.0.fn.0 (QuantConv2d)
  Shape: (8, 1, 3, 3)
  Bit Width: 8.0
  Signed: True
  Scale: 0.0625
  Sample Weights: [[[[-0.     -1.3125 -5.75  ]
   [ 1.625   5.5    -3.125 ]
   [-3.0625 -2.0625  0.    ]]]


 [[[-0.0625  0.125  -0.    ]
   [-0.1875 -0.125   0.    ]
   [-0.125  -0.125  -0.0625]]]


 [[[-0.1875  0.75   -0.4375]
   [-0.9375 -0.5625 -0.1875]
   [ 1.25    0.625   0.1875]]]


 [[[ 0.375  -1.875   1.6875]
   [-1.625  -0.1875  1.1875]
   [ 0.875  -0.5     0.75  ]]]


 [[[-0.875  -2.625  -1.6875]
   [ 0.5625 -2.9375 -1.75  ]
   [ 3.1875  4.125   0.0625]]]


 [[[-1.875  -0.9375  0.5625]
   [-1.25    1.25    0.6875]
   [ 2.375   0.9375  1.1875]]]


 [[[-0.3125 -0.125   0.125 ]
   [-0.25    0.125   0.25  ]
   [-0.3125  0.     -0.    ]]]


 [[[-2.5     0.0625  1.3125]
   [ 0.9375  0.4375 -0.125 ]
   [-2.5625 -1.625   3.8125]]]]...
--------------------------------------------------------------------------------
[Bias] Layer: encoder1.block.0.0.fn.0 (QuantConv2d)
  Shape: (8,)
  Bit Width: 16.0
  Signed: True
  Scale: 0.001953125
  Sample Bias: [ 0.29883  0.08008 -0.27344  0.03711  0.82227 -0.57422  0.04883  0.37305]...
################################################################################

