################################################################################
[Weight] Layer: encoder3.block.0.1.fn.0 (QuantConv2d)
  Shape: (8, 1, 7, 7)
  Bit Width: 8.0
  Signed: True
  Scale: 0.001953125
  Sample Weights: [[[[-0.08398 -0.11133 -0.14844 -0.14844 -0.05859 -0.00586  0.0293 ]
   [-0.05469 -0.03906 -0.07031 -0.00391  0.05078  0.08789  0.00195]
   [-0.01562 -0.03516 -0.06445  0.05664  0.2168   0.02539 -0.05469]
   [-0.01367 -0.00586 -0.       0.15039  0.24805  0.07812 -0.00195]
   [-0.00391 -0.00586  0.00391  0.16211  0.23047  0.09375 -0.00781]
   [-0.08398  0.05078 -0.0332  -0.02539  0.13867  0.05664 -0.05469]
   [-0.14453 -0.08594 -0.05469 -0.07812  0.06641  0.02148 -0.01172]]]


 [[[-0.06445 -0.07422 -0.04297 -0.00977 -0.03516 -0.02148 -0.05664]
   [-0.03125 -0.05078  0.00977  0.01758 -0.03125 -0.00391 -0.03516]
   [-0.00391 -0.01367  0.07422  0.04297 -0.04883  0.01562 -0.01953]
   [ 0.04688  0.02539  0.11133  0.08789  0.01367 -0.02344 -0.04102]
   [ 0.03125  0.04102  0.03906  0.0625   0.00586 -0.03125 -0.06055]
   [ 0.03516  0.04883 -0.00586 -0.03516  0.01953  0.      -0.01758]
   [ 0.05859  0.06055 -0.00391 -0.07812  0.00977  0.00781 -0.03125]]]


 [[[-0.14648 -0.06445 -0.07227 -0.13086 -0.13477 -0.05859 -0.06836]
   [-0.10938  0.05664  0.07031 -0.03516 -0.02539  0.07031 -0.03516]
   [-0.09961  0.07031  0.09375  0.12305  0.07422  0.04297 -0.0332 ]
   [-0.11523 -0.02344  0.10547  0.2207   0.16797  0.00391 -0.02734]
   [-0.05469 -0.04492  0.06836  0.1543   0.11133  0.00781 -0.08984]
   [-0.05273 -0.05859  0.01758 -0.01562  0.03125 -0.01562 -0.10156]
   [-0.0332  -0.05078 -0.04492 -0.13867 -0.0957  -0.09961 -0.1582 ]]]


 [[[ 0.07422  0.05078  0.12305  0.08008  0.05664  0.11328  0.10938]
   [ 0.02148  0.05664  0.05469 -0.00195 -0.00195  0.08789  0.08008]
   [ 0.01953  0.03516 -0.06641 -0.10742 -0.08594 -0.01172 -0.04688]
   [ 0.00781  0.0293  -0.08789 -0.08594 -0.07812 -0.06445 -0.08398]
   [ 0.0293  -0.02148 -0.05273 -0.00781  0.00977 -0.00781 -0.02734]
   [ 0.00195 -0.00781  0.02539 -0.0332   0.04492  0.05078  0.03906]
   [ 0.125    0.08008  0.08203  0.04297  0.11133  0.07031  0.07617]]]


 [[[-0.10547 -0.03125 -0.01562 -0.05078 -0.07227 -0.07617 -0.0625 ]
   [-0.14453 -0.06445 -0.02539  0.02539 -0.0293  -0.01562  0.01172]
   [ 0.02734 -0.05469  0.00586  0.01172 -0.05469 -0.06055 -0.01953]
   [-0.08008  0.0293   0.01172 -0.01172  0.01562  0.0293  -0.01953]
   [-0.18164 -0.07422 -0.04297 -0.05469  0.01172 -0.01953 -0.00195]
   [-0.0625   0.00586 -0.01758  0.0332   0.04883 -0.00781 -0.01172]
   [-0.11719 -0.06055 -0.02344  0.00586  0.10156  0.03516 -0.0332 ]]]


 [[[-0.05859 -0.04883 -0.04492 -0.03516 -0.00586 -0.00391  0.00195]
   [-0.03516 -0.02148 -0.0293  -0.02344  0.00391 -0.       0.00195]
   [-0.0293  -0.00781  0.00391 -0.01758 -0.00195 -0.02734 -0.00977]
   [-0.01953 -0.01562  0.01562  0.02539 -0.00391 -0.00195 -0.02344]
   [-0.00195  0.02539  0.04883  0.06641  0.03125  0.01172 -0.00391]
   [ 0.01758  0.02344  0.0293   0.02148  0.00781 -0.00195 -0.00586]
   [-0.00391 -0.02148 -0.00586  0.01562 -0.00977 -0.01367 -0.02148]]]


 [[[-0.1543   0.03516 -0.21094 -0.13477 -0.06445 -0.12891 -0.03906]
   [-0.13477 -0.02539 -0.13867 -0.17773 -0.04883  0.00195  0.00781]
   [-0.16016  0.0957  -0.14062 -0.10938  0.14648  0.0293   0.03516]
   [-0.16406  0.08008 -0.08789  0.10352  0.18164  0.03711 -0.     ]
   [-0.10156  0.04492  0.05859  0.10352  0.01367 -0.01562 -0.01758]
   [-0.11914  0.06641 -0.01172 -0.05078  0.08984  0.08398  0.04492]
   [ 0.00977  0.06055  0.00586 -0.04688  0.11133  0.08789  0.06836]]]


 [[[-0.00391 -0.04297 -0.08008 -0.02148 -0.0625   0.01758  0.07812]
   [ 0.00391  0.00391 -0.04492  0.01367  0.10352  0.16406  0.13477]
   [ 0.05273 -0.05859 -0.04102  0.16797  0.2168   0.06055  0.06445]
   [-0.0293  -0.08789  0.13477  0.11719 -0.06641 -0.13672 -0.05078]
   [ 0.06055  0.02344  0.0332  -0.07812 -0.19531 -0.01758  0.0957 ]
   [ 0.02344  0.13867  0.03516 -0.08594 -0.11914 -0.02148  0.11133]
   [-0.02148  0.06445  0.11328  0.05664 -0.00391  0.08594  0.10352]]]]...
--------------------------------------------------------------------------------
[Bias] Layer: encoder3.block.0.1.fn.0 (QuantConv2d)
  Shape: (8,)
  Bit Width: 16.0
  Signed: True
  Scale: 6.103515625e-05
  Sample Bias: [-0.14307  0.13214  1.00317 -0.05286  0.20923 -0.61249  0.55676 -1.05096]...
################################################################################

