################################################################################
[Weight] Layer: encoder3.block.0.2 (QuantConv2d)
  Shape: (32, 8, 1, 1)
  Bit Width: 8.0
  Signed: True
  Scale: 0.00390625
  Sample Weights: [[[[-0.00391]]

  [[-0.07812]]

  [[ 0.01172]]

  [[ 0.09766]]

  [[-0.375  ]]

  [[ 0.21094]]

  [[ 0.25   ]]

  [[ 0.10547]]]


 [[[ 0.01953]]

  [[ 0.34375]]

  [[ 0.00391]]

  [[-0.35156]]

  [[-0.26172]]

  [[ 0.33984]]

  [[ 0.22266]]

  [[-0.06641]]]


 [[[ 0.     ]]

  [[ 0.09766]]

  [[-0.08594]]

  [[-0.07812]]

  [[ 0.16016]]

  [[-0.33203]]

  [[ 0.13672]]

  [[ 0.04688]]]


 [[[-0.26953]]

  [[ 0.08984]]

  [[-0.16797]]

  [[ 0.01953]]

  [[ 0.45312]]

  [[ 0.40234]]

  [[-0.11719]]

  [[ 0.26172]]]


 [[[-0.23438]]

  [[ 0.13281]]

  [[-0.08984]]

  [[-0.19922]]

  [[ 0.10938]]

  [[-0.46094]]

  [[ 0.20312]]

  [[ 0.26172]]]


 [[[ 0.30469]]

  [[ 0.17578]]

  [[-0.03516]]

  [[-0.15625]]

  [[ 0.16797]]

  [[-0.11328]]

  [[ 0.05859]]

  [[ 0.14453]]]


 [[[ 0.17578]]

  [[-0.21484]]

  [[-0.05469]]

  [[-0.00391]]

  [[-0.08203]]

  [[ 0.20312]]

  [[ 0.38672]]

  [[-0.31641]]]


 [[[ 0.15625]]

  [[ 0.08594]]

  [[ 0.08203]]

  [[-0.13281]]

  [[-0.01953]]

  [[ 0.17969]]

  [[-0.28906]]

  [[ 0.02734]]]


 [[[-0.05859]]

  [[-0.16016]]

  [[-0.32031]]

  [[-0.0625 ]]

  [[ 0.01172]]

  [[-0.08203]]

  [[-0.13672]]

  [[-0.08203]]]


 [[[ 0.05859]]

  [[-0.32422]]

  [[-0.46094]]

  [[-0.07812]]

  [[-0.21484]]

  [[ 0.375  ]]

  [[ 0.02344]]

  [[-0.03516]]]]...
--------------------------------------------------------------------------------
[Bias] Layer: encoder3.block.0.2 (QuantConv2d)
  Shape: (32,)
  Bit Width: 16.0
  Signed: True
  Scale: 0.000244140625
  Sample Bias: [-0.39209 -0.56958 -0.03345 -0.89014 -0.30029 -0.62427 -0.0188  -0.13354
  0.98462  1.14844]...
################################################################################

