################################################################################
[Weight] Layer: encoder3.block.0.5 (QuantConv2d)
  Shape: (8, 32, 1, 1)
  Bit Width: 8.0
  Signed: True
  Scale: 0.0078125
  Sample Weights: [[[[-0.03125]]

  [[ 0.48438]]

  [[ 0.01562]]

  [[-0.3125 ]]

  [[-0.00781]]

  [[-0.16406]]

  [[-0.17969]]

  [[-0.10156]]

  [[-0.0625 ]]

  [[-0.40625]]

  [[ 0.14062]]

  [[-0.07812]]

  [[ 0.28906]]

  [[-0.0625 ]]

  [[-0.10156]]

  [[ 0.63281]]

  [[ 0.16406]]

  [[-0.1875 ]]

  [[ 0.02344]]

  [[-0.36719]]

  [[ 0.03125]]

  [[ 0.35156]]

  [[-0.09375]]

  [[ 0.     ]]

  [[-0.16406]]

  [[ 0.34375]]

  [[ 0.09375]]

  [[-0.14844]]

  [[ 0.29688]]

  [[ 0.0625 ]]

  [[ 0.25   ]]

  [[-0.15625]]]


 [[[-0.0625 ]]

  [[ 0.1875 ]]

  [[ 0.01562]]

  [[ 0.21094]]

  [[-0.05469]]

  [[ 0.07031]]

  [[ 0.     ]]

  [[-0.13281]]

  [[ 0.5    ]]

  [[ 0.51562]]

  [[ 0.0625 ]]

  [[-0.01562]]

  [[ 0.1875 ]]

  [[ 0.29688]]

  [[ 0.03125]]

  [[ 0.02344]]

  [[-0.     ]]

  [[ 0.24219]]

  [[ 0.35938]]

  [[-0.25781]]

  [[ 0.89062]]

  [[ 0.32031]]

  [[ 0.08594]]

  [[-0.     ]]

  [[-0.03906]]

  [[-0.07812]]

  [[ 0.27344]]

  [[ 0.55469]]

  [[-0.21094]]

  [[-0.13281]]

  [[ 0.10156]]

  [[ 0.16406]]]


 [[[-0.39062]]

  [[-0.28125]]

  [[ 0.21094]]

  [[-0.19531]]

  [[ 0.0625 ]]

  [[ 0.0625 ]]

  [[ 0.125  ]]

  [[-0.27344]]

  [[ 0.125  ]]

  [[-0.35938]]

  [[-0.29688]]

  [[-0.36719]]

  [[-0.64062]]

  [[-0.08594]]

  [[-0.40625]]

  [[-0.28906]]

  [[-0.0625 ]]

  [[ 0.02344]]

  [[ 0.01562]]

  [[-0.03906]]

  [[-0.3125 ]]

  [[-0.29688]]

  [[ 0.25   ]]

  [[-0.     ]]

  [[ 0.19531]]

  [[ 0.00781]]

  [[ 0.14844]]

  [[-0.11719]]

  [[-0.27344]]

  [[-0.25   ]]

  [[ 0.03125]]

  [[ 0.5    ]]]


 [[[-0.38281]]

  [[ 0.05469]]

  [[ 0.51562]]

  [[-0.05469]]

  [[ 0.82812]]

  [[ 0.5    ]]

  [[ 0.17188]]

  [[-0.13281]]

  [[-0.01562]]

  [[-0.625  ]]

  [[ 0.45312]]

  [[ 0.10156]]

  [[-0.07031]]

  [[ 0.13281]]

  [[-0.55469]]

  [[-0.10156]]

  [[ 0.02344]]

  [[ 0.20312]]

  [[-0.25   ]]

  [[ 0.28125]]

  [[-0.02344]]

  [[ 0.71875]]

  [[-0.00781]]

  [[ 0.     ]]

  [[ 0.14062]]

  [[ 0.32812]]

  [[ 0.45312]]

  [[-0.05469]]

  [[ 0.22656]]

  [[-0.24219]]

  [[ 0.22656]]

  [[-0.05469]]]


 [[[ 0.00781]]

  [[-0.02344]]

  [[-0.28125]]

  [[-0.19531]]

  [[-0.1875 ]]

  [[ 0.125  ]]

  [[-0.17969]]

  [[ 0.5    ]]

  [[-0.0625 ]]

  [[-0.1875 ]]

  [[-0.15625]]

  [[-0.14844]]

  [[-0.51562]]

  [[-0.11719]]

  [[ 0.32812]]

  [[-0.11719]]

  [[-0.0625 ]]

  [[-0.29688]]

  [[-0.25781]]

  [[ 0.21094]]

  [[-0.17969]]

  [[-0.22656]]

  [[ 0.01562]]

  [[ 0.     ]]

  [[-0.1875 ]]

  [[ 0.25781]]

  [[-0.08594]]

  [[-0.09375]]

  [[ 0.35938]]

  [[ 0.29688]]

  [[-0.10938]]

  [[ 0.03906]]]


 [[[-0.29688]]

  [[-0.47656]]

  [[-0.10938]]

  [[-0.25781]]

  [[-0.10156]]

  [[-0.33594]]

  [[-0.22656]]

  [[-0.10156]]

  [[-0.03906]]

  [[-0.17188]]

  [[-0.16406]]

  [[ 0.59375]]

  [[ 0.23438]]

  [[ 0.46875]]

  [[ 0.07812]]

  [[ 0.     ]]

  [[ 0.22656]]

  [[-0.08594]]

  [[-0.08594]]

  [[ 0.125  ]]

  [[ 0.11719]]

  [[-0.25   ]]

  [[ 0.07812]]

  [[-0.     ]]

  [[-0.39062]]

  [[-0.00781]]

  [[-0.15625]]

  [[ 0.38281]]

  [[-0.21094]]

  [[ 0.10938]]

  [[ 0.125  ]]

  [[-0.30469]]]


 [[[ 0.16406]]

  [[ 0.26562]]

  [[-0.14844]]

  [[-0.53125]]

  [[-0.14062]]

  [[-0.04688]]

  [[ 0.82812]]

  [[-0.01562]]

  [[-0.10938]]

  [[ 0.51562]]

  [[ 0.05469]]

  [[ 0.01562]]

  [[ 0.35156]]

  [[-0.08594]]

  [[-0.23438]]

  [[-0.32031]]

  [[-0.17188]]

  [[-0.46094]]

  [[ 0.4375 ]]

  [[ 0.28125]]

  [[-0.     ]]

  [[ 0.03125]]

  [[ 0.35938]]

  [[-0.     ]]

  [[ 0.03906]]

  [[ 0.32812]]

  [[-0.05469]]

  [[-0.09375]]

  [[ 0.1875 ]]

  [[ 0.     ]]

  [[-0.30469]]

  [[ 0.53906]]]


 [[[-0.19531]]

  [[-0.17969]]

  [[-0.03125]]

  [[-0.03125]]

  [[-0.30469]]

  [[-0.22656]]

  [[-0.11719]]

  [[-0.07812]]

  [[ 0.39844]]

  [[ 0.14844]]

  [[-0.32031]]

  [[-0.17969]]

  [[ 0.10156]]

  [[-0.08594]]

  [[-0.08594]]

  [[-0.14062]]

  [[-0.125  ]]

  [[-0.23438]]

  [[-0.39062]]

  [[-0.22656]]

  [[ 0.13281]]

  [[ 0.17188]]

  [[-0.33594]]

  [[-0.     ]]

  [[-0.27344]]

  [[-0.26562]]

  [[ 0.22656]]

  [[ 0.04688]]

  [[-0.16406]]

  [[-0.22656]]

  [[-0.21094]]

  [[-0.07812]]]]...
--------------------------------------------------------------------------------
[Bias] Layer: encoder3.block.0.5 (QuantConv2d)
  Shape: (8,)
  Bit Width: 16.0
  Signed: True
  Scale: 0.000244140625
  Sample Bias: [-0.2168  -0.87793  1.00903 -0.35352  0.43286  0.39941 -0.50415  0.58228]...
################################################################################

