################################################################################
[Weight] Layer: encoder3.up.conv.0 (QuantConv2d)
  Shape: (16, 8, 3, 3)
  Bit Width: 8.0
  Signed: True
  Scale: 0.001953125
  Sample Weights: [[[[-0.10938 -0.08594  0.11523]
   [ 0.04297 -0.08398  0.06055]
   [ 0.08789  0.01367 -0.00195]]

  [[-0.00586 -0.0957  -0.03906]
   [-0.05273 -0.03125  0.01562]
   [-0.06641 -0.08398 -0.01367]]

  [[ 0.12891  0.0957   0.01172]
   [ 0.01953  0.0957  -0.09961]
   [ 0.05078  0.1582   0.06641]]

  [[-0.13867 -0.02148 -0.04492]
   [-0.11719  0.0293  -0.03125]
   [-0.03906  0.10352  0.0918 ]]

  [[-0.00195 -0.01172  0.01953]
   [ 0.      -0.05469 -0.06641]
   [ 0.00977 -0.13672 -0.07617]]

  [[-0.01172 -0.06641  0.01562]
   [-0.09375 -0.07422 -0.01562]
   [-0.03516 -0.04102 -0.01953]]

  [[-0.14453 -0.0957  -0.11719]
   [-0.01562 -0.0293  -0.02734]
   [-0.16797  0.05859 -0.17578]]

  [[ 0.06641 -0.00586  0.01367]
   [-0.01562 -0.00391  0.04492]
   [ 0.01562  0.00391  0.01367]]]


 [[[ 0.18164 -0.05273 -0.23633]
   [ 0.14062  0.11328 -0.21289]
   [ 0.11523  0.13477  0.02539]]

  [[ 0.08789  0.11523  0.08594]
   [ 0.12891  0.14844  0.10156]
   [ 0.00586  0.00781  0.14062]]

  [[ 0.00586 -0.03516  0.05469]
   [-0.0293  -0.11719  0.04102]
   [-0.11914 -0.11914 -0.16602]]

  [[ 0.06055  0.0332  -0.19141]
   [ 0.03125 -0.02148 -0.125  ]
   [ 0.07422  0.00586 -0.00977]]

  [[ 0.0957  -0.24805 -0.10156]
   [ 0.19727 -0.06836 -0.12305]
   [ 0.20703  0.01172 -0.04492]]

  [[ 0.03711  0.0332   0.05273]
   [ 0.03711  0.02148 -0.05273]
   [ 0.06641  0.09961  0.05469]]

  [[ 0.00781 -0.07227 -0.06641]
   [ 0.06055  0.04102  0.06055]
   [ 0.11328  0.03711  0.07422]]

  [[-0.03906  0.12109  0.0957 ]
   [-0.04102  0.01367  0.13281]
   [-0.11133  0.02148  0.07617]]]


 [[[-0.03711 -0.03125 -0.0625 ]
   [ 0.01758 -0.02344 -0.07617]
   [ 0.01953  0.02344 -0.03516]]

  [[-0.10742 -0.11914 -0.14062]
   [-0.11133 -0.07227 -0.06641]
   [-0.11914 -0.05273 -0.00391]]

  [[ 0.08008 -0.00391  0.01172]
   [-0.01953  0.00977 -0.03711]
   [-0.07617 -0.06836 -0.04883]]

  [[-0.0293  -0.01953 -0.0293 ]
   [-0.04102 -0.00195 -0.05078]
   [-0.07617 -0.10156 -0.10547]]

  [[ 0.02344  0.04297 -0.01172]
   [ 0.02148 -0.03125 -0.04492]
   [ 0.0332   0.00781 -0.02539]]

  [[-0.03711  0.03125  0.08203]
   [ 0.01367  0.05273  0.0957 ]
   [ 0.02344  0.05664  0.06641]]

  [[-0.08203 -0.10938 -0.06641]
   [-0.03516 -0.01367 -0.08594]
   [-0.03516 -0.02539 -0.     ]]

  [[-0.09766 -0.05859 -0.09375]
   [-0.05859 -0.04492 -0.01172]
   [-0.07031 -0.00391 -0.01172]]]


 [[[-0.      -0.01953  0.04297]
   [-0.07422 -0.04883 -0.08594]
   [-0.11719 -0.11133 -0.05664]]

  [[-0.00977  0.00977  0.03516]
   [-0.05664 -0.05273  0.05469]
   [ 0.03516  0.05664  0.08398]]

  [[ 0.02148  0.01172 -0.06836]
   [ 0.12305  0.04297 -0.02344]
   [ 0.12891  0.09375  0.00781]]

  [[-0.0625  -0.01172  0.09961]
   [ 0.02539  0.02734  0.12109]
   [ 0.06445  0.10547  0.08984]]

  [[ 0.00195  0.07617  0.00781]
   [-0.00781 -0.00977  0.00586]
   [-0.04102 -0.10156 -0.07422]]

  [[-0.03516 -0.0918  -0.03906]
   [-0.13672 -0.0918   0.0332 ]
   [-0.03516 -0.01367  0.0625 ]]

  [[-0.01562 -0.05859 -0.14062]
   [-0.11523 -0.05664 -0.04102]
   [ 0.02539 -0.00781  0.00391]]

  [[-0.08008 -0.06055 -0.08008]
   [-0.03711 -0.05859 -0.02734]
   [ 0.00781  0.03516  0.01562]]]


 [[[-0.01562  0.04297  0.0918 ]
   [-0.08008 -0.03125  0.05078]
   [-0.05664 -0.06641  0.04688]]

  [[-0.00781 -0.07812 -0.03516]
   [-0.00195 -0.09961 -0.06836]
   [ 0.05273 -0.08594 -0.10547]]

  [[-0.07031 -0.08594 -0.01953]
   [-0.01953 -0.04102 -0.03125]
   [-0.02148  0.03125 -0.01953]]

  [[-0.02344 -0.08984  0.03906]
   [ 0.00781 -0.08398  0.01953]
   [-0.05664 -0.00586  0.01367]]

  [[ 0.06836  0.11523 -0.04883]
   [ 0.01953  0.11328  0.08984]
   [-0.02539  0.04102  0.02734]]

  [[-0.01953 -0.05078 -0.01172]
   [-0.01172 -0.10352 -0.01953]
   [ 0.      -0.04688  0.03906]]

  [[ 0.07617  0.05664 -0.01953]
   [-0.03906  0.02148 -0.12695]
   [ 0.04492 -0.04297 -0.12695]]

  [[-0.06445 -0.0625  -0.10547]
   [-0.08398 -0.10742 -0.09375]
   [-0.03906 -0.0625  -0.10547]]]


 [[[ 0.04102  0.0918   0.0625 ]
   [-0.03711 -0.05078  0.01758]
   [-0.0293  -0.00391  0.0332 ]]

  [[ 0.05664  0.0918   0.09961]
   [ 0.10352 -0.01367 -0.05078]
   [ 0.15039 -0.02539 -0.10156]]

  [[ 0.14648  0.01562 -0.05859]
   [ 0.07617  0.14844  0.03125]
   [-0.11328  0.07812  0.14453]]

  [[ 0.01562 -0.02539  0.00781]
   [ 0.04883  0.10156  0.08594]
   [-0.11133 -0.01172  0.03711]]

  [[-0.05078 -0.      -0.02734]
   [-0.19141 -0.0957  -0.00391]
   [-0.14648 -0.14648 -0.06836]]

  [[ 0.02148 -0.0332  -0.03906]
   [-0.00977 -0.10547 -0.11719]
   [ 0.08008 -0.01953 -0.04102]]

  [[ 0.01758  0.03125 -0.0625 ]
   [-0.01367  0.09766  0.01172]
   [-0.11719  0.00781 -0.10352]]

  [[-0.00195  0.00977 -0.05273]
   [ 0.05078 -0.11133 -0.02539]
   [ 0.19922  0.01367  0.00781]]]


 [[[-0.07812 -0.24805 -0.08008]
   [-0.03516 -0.03125 -0.05469]
   [ 0.03711 -0.00391  0.05859]]

  [[ 0.05273  0.02539 -0.07031]
   [ 0.16797 -0.0332  -0.17383]
   [ 0.04297  0.0332   0.01367]]

  [[ 0.00586 -0.0293   0.06641]
   [-0.17969 -0.05078  0.22461]
   [-0.07812 -0.19336  0.04102]]

  [[ 0.125    0.16406  0.19141]
   [-0.13281 -0.07422  0.14258]
   [-0.16211 -0.10742 -0.13281]]

  [[-0.08984 -0.08789 -0.00586]
   [-0.14844 -0.16406 -0.05078]
   [-0.05273  0.01172  0.12305]]

  [[ 0.06445 -0.00977 -0.17188]
   [ 0.16992 -0.04102 -0.08789]
   [ 0.13086  0.06836  0.00586]]

  [[-0.13867 -0.16992  0.17969]
   [-0.09375  0.00586  0.24805]
   [-0.03516  0.16211  0.08594]]

  [[ 0.04883  0.04102 -0.19141]
   [ 0.0918  -0.00195 -0.12695]
   [ 0.01367  0.04102 -0.01367]]]


 [[[ 0.07422  0.01953 -0.05469]
   [-0.04102 -0.00195  0.03516]
   [-0.02539  0.00977 -0.02539]]

  [[-0.08789 -0.11719 -0.07031]
   [-0.0293  -0.04102 -0.06641]
   [ 0.05273  0.05469 -0.01758]]

  [[-0.01367 -0.08594  0.04883]
   [ 0.02148 -0.08008 -0.0332 ]
   [ 0.0918   0.09375  0.01367]]

  [[-0.05469 -0.07227 -0.00391]
   [ 0.05273 -0.03516  0.03906]
   [ 0.08594  0.06445  0.07422]]

  [[ 0.0918   0.11133 -0.03906]
   [ 0.07812  0.07031  0.04492]
   [-0.02344 -0.0293   0.04883]]

  [[-0.0293  -0.04492 -0.08008]
   [-0.08398 -0.10742 -0.10742]
   [-0.08008 -0.07227 -0.09961]]

  [[ 0.01172 -0.07812 -0.01367]
   [-0.07617 -0.06055 -0.08203]
   [-0.0293  -0.00781 -0.04492]]

  [[-0.125   -0.13867 -0.08203]
   [-0.06641 -0.07617 -0.07031]
   [-0.00586 -0.01367 -0.01953]]]


 [[[ 0.03906 -0.00781  0.01758]
   [-0.05469  0.00977 -0.15234]
   [ 0.08008 -0.02148 -0.10547]]

  [[-0.05273 -0.21094 -0.06445]
   [ 0.02344 -0.02734 -0.03125]
   [ 0.20703  0.08398  0.13281]]

  [[ 0.05859  0.02734 -0.09375]
   [-0.07031 -0.03711  0.06055]
   [-0.20898  0.01562  0.06055]]

  [[ 0.12305  0.01758 -0.10156]
   [ 0.05078 -0.05859 -0.07812]
   [-0.09766 -0.24805 -0.17969]]

  [[-0.08203 -0.07227  0.02734]
   [-0.10547 -0.12695 -0.08008]
   [-0.04688 -0.08984 -0.03125]]

  [[ 0.10547  0.01562 -0.00977]
   [ 0.12305 -0.00586 -0.09375]
   [ 0.16211 -0.05273 -0.16211]]

  [[-0.08008 -0.0957  -0.10547]
   [-0.04492 -0.08398 -0.05078]
   [-0.04883  0.05078  0.11523]]

  [[ 0.03125 -0.03906  0.03906]
   [ 0.01562  0.00977  0.00781]
   [ 0.00977  0.06641  0.05078]]]


 [[[ 0.04492 -0.01172 -0.04492]
   [ 0.06445  0.00195  0.02148]
   [ 0.02539 -0.04102 -0.00391]]

  [[-0.08984 -0.08594 -0.02148]
   [-0.04883 -0.11719 -0.12695]
   [-0.08398 -0.13086 -0.08008]]

  [[ 0.00586 -0.04883 -0.01367]
   [-0.03906 -0.03906 -0.03125]
   [-0.01953  0.01758 -0.01953]]

  [[ 0.05078  0.03711  0.04883]
   [ 0.03711  0.05078  0.03516]
   [ 0.03516  0.01562  0.02539]]

  [[ 0.04102  0.03711  0.03711]
   [ 0.05469  0.04883  0.03711]
   [ 0.03516  0.05469  0.04492]]

  [[ 0.03711  0.01367 -0.02539]
   [ 0.01172 -0.00195 -0.01953]
   [ 0.03711  0.00977 -0.00977]]

  [[-0.00781 -0.08203 -0.02734]
   [-0.02539 -0.02344 -0.00977]
   [-0.0332  -0.08203 -0.16602]]

  [[-0.0918  -0.05469 -0.04297]
   [-0.08398 -0.05859 -0.07031]
   [-0.07227 -0.04688 -0.00781]]]]...
--------------------------------------------------------------------------------
[Bias] Layer: encoder3.up.conv.0 (QuantConv2d)
  Shape: (16,)
  Bit Width: 16.0
  Signed: True
  Scale: 0.0001220703125
  Sample Bias: [ 0.52405 -0.43921  0.42822  0.27063  0.81934 -0.33862  0.20605  0.59229
  0.87598  0.46973]...
################################################################################

