################################################################################
[Weight] Layer: encoder4.block.0.5 (QuantConv2d)
  Shape: (16, 64, 1, 1)
  Bit Width: 8.0
  Signed: True
  Scale: 0.0078125
  Sample Weights: [[[[ 0.     ]]

  [[-0.03125]]

  [[-0.30469]]

  [[-0.     ]]

  [[-0.03125]]

  [[-0.08594]]

  [[ 0.21875]]

  [[ 0.07031]]

  [[-0.07812]]

  [[ 0.38281]]

  [[ 0.07812]]

  [[-0.11719]]

  [[ 0.125  ]]

  [[ 0.08594]]

  [[-0.22656]]

  [[-0.     ]]

  [[-0.14062]]

  [[-0.08594]]

  [[ 0.44531]]

  [[ 0.03125]]

  [[-0.00781]]

  [[ 0.15625]]

  [[ 0.     ]]

  [[ 0.375  ]]

  [[ 0.     ]]

  [[-0.125  ]]

  [[ 0.     ]]

  [[ 0.     ]]

  [[-0.09375]]

  [[ 0.03125]]

  [[-0.24219]]

  [[ 0.08594]]

  [[-0.26562]]

  [[-0.14844]]

  [[-0.07812]]

  [[ 0.07812]]

  [[-0.     ]]

  [[-0.23438]]

  [[-0.03125]]

  [[ 0.32812]]

  [[-0.03906]]

  [[-0.39844]]

  [[ 0.     ]]

  [[-0.01562]]

  [[ 0.125  ]]

  [[-0.17969]]

  [[-0.10938]]

  [[ 0.47656]]

  [[-0.00781]]

  [[ 0.17188]]

  [[-0.14844]]

  [[-0.21875]]

  [[-0.125  ]]

  [[-0.05469]]

  [[-0.00781]]

  [[-0.03125]]

  [[-0.01562]]

  [[-0.17188]]

  [[ 0.15625]]

  [[-0.03906]]

  [[ 0.01562]]

  [[-0.10938]]

  [[ 0.28125]]

  [[-0.03125]]]


 [[[-0.05469]]

  [[-0.00781]]

  [[-0.02344]]

  [[-0.     ]]

  [[-0.04688]]

  [[-0.14062]]

  [[ 0.     ]]

  [[ 0.00781]]

  [[-0.07812]]

  [[-0.02344]]

  [[-0.01562]]

  [[-0.07031]]

  [[ 0.08594]]

  [[ 0.33594]]

  [[ 0.05469]]

  [[-0.05469]]

  [[ 0.01562]]

  [[ 0.07812]]

  [[ 0.05469]]

  [[ 0.00781]]

  [[ 0.09375]]

  [[-0.17969]]

  [[ 0.     ]]

  [[-0.01562]]

  [[ 0.     ]]

  [[ 0.02344]]

  [[-0.     ]]

  [[ 0.     ]]

  [[ 0.08594]]

  [[-0.03125]]

  [[ 0.00781]]

  [[-0.02344]]

  [[-0.07031]]

  [[ 0.10938]]

  [[-0.17969]]

  [[-0.0625 ]]

  [[ 0.     ]]

  [[-0.09375]]

  [[ 0.     ]]

  [[ 0.10156]]

  [[-0.0625 ]]

  [[-0.10938]]

  [[-0.     ]]

  [[ 0.02344]]

  [[-0.07031]]

  [[-0.02344]]

  [[-0.22656]]

  [[-0.14062]]

  [[ 0.01562]]

  [[-0.03125]]

  [[ 0.0625 ]]

  [[ 0.01562]]

  [[-0.11719]]

  [[ 0.05469]]

  [[ 0.02344]]

  [[ 0.01562]]

  [[-0.04688]]

  [[ 0.02344]]

  [[-0.03125]]

  [[-0.03125]]

  [[-0.05469]]

  [[ 0.28125]]

  [[ 0.00781]]

  [[-0.25781]]]


 [[[-0.17969]]

  [[-0.03906]]

  [[-0.21875]]

  [[-0.     ]]

  [[-0.1875 ]]

  [[-0.28125]]

  [[ 0.40625]]

  [[ 0.17188]]

  [[ 0.03125]]

  [[ 0.28125]]

  [[ 0.0625 ]]

  [[-0.19531]]

  [[ 0.04688]]

  [[ 0.08594]]

  [[-0.40625]]

  [[-0.00781]]

  [[-0.13281]]

  [[-0.00781]]

  [[ 0.14062]]

  [[ 0.32812]]

  [[-0.01562]]

  [[-0.19531]]

  [[ 0.     ]]

  [[ 0.25781]]

  [[-0.     ]]

  [[ 0.02344]]

  [[ 0.     ]]

  [[-0.     ]]

  [[ 0.13281]]

  [[ 0.125  ]]

  [[-0.125  ]]

  [[ 0.22656]]

  [[-0.07812]]

  [[-0.03125]]

  [[-0.29688]]

  [[ 0.00781]]

  [[ 0.     ]]

  [[ 0.00781]]

  [[ 0.03906]]

  [[ 0.625  ]]

  [[-0.14062]]

  [[-0.21875]]

  [[-0.     ]]

  [[ 0.02344]]

  [[ 0.04688]]

  [[-0.08594]]

  [[-0.17188]]

  [[ 0.39062]]

  [[ 0.00781]]

  [[ 0.10156]]

  [[-0.13281]]

  [[-0.07031]]

  [[-0.10156]]

  [[ 0.40625]]

  [[-0.02344]]

  [[ 0.01562]]

  [[ 0.01562]]

  [[ 0.13281]]

  [[ 0.07031]]

  [[-0.02344]]

  [[ 0.11719]]

  [[-0.05469]]

  [[ 0.375  ]]

  [[-0.25781]]]


 [[[-0.26562]]

  [[-0.28906]]

  [[-0.24219]]

  [[ 0.     ]]

  [[ 0.17188]]

  [[-0.01562]]

  [[-0.02344]]

  [[-0.08594]]

  [[-0.27344]]

  [[-0.20312]]

  [[-0.1875 ]]

  [[-0.19531]]

  [[-0.03906]]

  [[ 0.09375]]

  [[-0.3125 ]]

  [[-0.0625 ]]

  [[-0.0625 ]]

  [[-0.71094]]

  [[ 0.00781]]

  [[-0.14062]]

  [[ 0.07031]]

  [[-0.23438]]

  [[ 0.     ]]

  [[-0.08594]]

  [[ 0.     ]]

  [[ 0.00781]]

  [[ 0.     ]]

  [[ 0.     ]]

  [[-0.17969]]

  [[-0.10156]]

  [[ 0.14062]]

  [[ 0.     ]]

  [[ 0.28906]]

  [[-0.13281]]

  [[-0.23438]]

  [[-0.15625]]

  [[ 0.     ]]

  [[-0.28125]]

  [[-0.     ]]

  [[-0.08594]]

  [[-0.08594]]

  [[ 0.03906]]

  [[ 0.     ]]

  [[-0.10938]]

  [[-0.32031]]

  [[-0.125  ]]

  [[-0.30469]]

  [[-0.16406]]

  [[-0.07812]]

  [[ 0.07031]]

  [[-0.10938]]

  [[ 0.01562]]

  [[ 0.05469]]

  [[-0.03125]]

  [[ 0.35156]]

  [[-0.39844]]

  [[-0.04688]]

  [[-0.375  ]]

  [[ 0.14844]]

  [[-0.00781]]

  [[-0.34375]]

  [[-0.25781]]

  [[-0.01562]]

  [[-0.21094]]]


 [[[-0.14062]]

  [[-0.13281]]

  [[ 0.09375]]

  [[-0.     ]]

  [[-0.01562]]

  [[-0.24219]]

  [[ 0.29688]]

  [[ 0.16406]]

  [[ 0.03125]]

  [[-0.11719]]

  [[ 0.07031]]

  [[-0.27344]]

  [[ 0.26562]]

  [[ 0.14062]]

  [[ 0.27344]]

  [[-0.05469]]

  [[-0.17188]]

  [[-0.25   ]]

  [[-0.28906]]

  [[ 0.09375]]

  [[-0.00781]]

  [[-0.40625]]

  [[ 0.     ]]

  [[ 0.01562]]

  [[-0.     ]]

  [[-0.15625]]

  [[-0.     ]]

  [[ 0.     ]]

  [[ 0.28125]]

  [[-0.30469]]

  [[-0.10156]]

  [[ 0.27344]]

  [[-0.22656]]

  [[ 0.42969]]

  [[-0.17969]]

  [[ 0.0625 ]]

  [[ 0.     ]]

  [[-0.09375]]

  [[ 0.10156]]

  [[-0.0625 ]]

  [[-0.19531]]

  [[-0.14062]]

  [[-0.     ]]

  [[ 0.07031]]

  [[-0.01562]]

  [[ 0.14844]]

  [[-0.63281]]

  [[-0.25781]]

  [[-0.03125]]

  [[-0.0625 ]]

  [[-0.29688]]

  [[-0.23438]]

  [[-0.1875 ]]

  [[-0.     ]]

  [[-0.28125]]

  [[ 0.01562]]

  [[ 0.00781]]

  [[ 0.20312]]

  [[-0.07031]]

  [[-0.07031]]

  [[-0.09375]]

  [[-0.38281]]

  [[ 0.16406]]

  [[-0.10938]]]


 [[[ 0.50781]]

  [[ 0.20312]]

  [[ 0.14062]]

  [[ 0.     ]]

  [[-0.32812]]

  [[-0.16406]]

  [[-0.03906]]

  [[-0.03125]]

  [[-0.03125]]

  [[-0.07031]]

  [[-0.09375]]

  [[ 0.50781]]

  [[ 0.00781]]

  [[ 0.04688]]

  [[-0.30469]]

  [[ 0.07031]]

  [[ 0.26562]]

  [[ 0.0625 ]]

  [[-0.21875]]

  [[ 0.07031]]

  [[ 0.03125]]

  [[ 0.02344]]

  [[-0.     ]]

  [[ 0.01562]]

  [[ 0.     ]]

  [[ 0.0625 ]]

  [[-0.     ]]

  [[ 0.     ]]

  [[-0.26562]]

  [[ 0.     ]]

  [[-0.03906]]

  [[-0.01562]]

  [[ 0.36719]]

  [[ 0.13281]]

  [[-0.33594]]

  [[ 0.     ]]

  [[-0.     ]]

  [[ 0.     ]]

  [[-0.     ]]

  [[-0.3125 ]]

  [[-0.17969]]

  [[-0.09375]]

  [[ 0.     ]]

  [[-0.00781]]

  [[-0.0625 ]]

  [[-0.05469]]

  [[-0.03906]]

  [[-0.25   ]]

  [[ 0.03906]]

  [[ 0.35156]]

  [[ 0.15625]]

  [[ 0.23438]]

  [[ 0.07812]]

  [[-0.20312]]

  [[ 0.10938]]

  [[-0.22656]]

  [[ 0.07031]]

  [[ 0.14844]]

  [[ 0.38281]]

  [[-0.10938]]

  [[-0.07031]]

  [[-0.29688]]

  [[ 0.17969]]

  [[ 0.00781]]]


 [[[ 0.03125]]

  [[-0.11719]]

  [[ 0.35156]]

  [[-0.     ]]

  [[-0.375  ]]

  [[ 0.21094]]

  [[-0.14062]]

  [[-0.13281]]

  [[-0.11719]]

  [[ 0.17969]]

  [[ 0.16406]]

  [[-0.28125]]

  [[ 0.00781]]

  [[ 0.24219]]

  [[ 0.20312]]

  [[ 0.03906]]

  [[ 0.24219]]

  [[ 0.04688]]

  [[ 0.21094]]

  [[-0.25781]]

  [[ 0.03906]]

  [[ 0.26562]]

  [[ 0.     ]]

  [[-0.16406]]

  [[-0.     ]]

  [[-0.15625]]

  [[-0.     ]]

  [[-0.     ]]

  [[ 0.11719]]

  [[ 0.125  ]]

  [[-0.08594]]

  [[-0.04688]]

  [[-0.14844]]

  [[ 0.28125]]

  [[-0.53125]]

  [[ 0.08594]]

  [[ 0.     ]]

  [[-0.3125 ]]

  [[-0.0625 ]]

  [[-0.44531]]

  [[ 0.11719]]

  [[ 0.14062]]

  [[-0.     ]]

  [[ 0.1875 ]]

  [[-0.10156]]

  [[ 0.13281]]

  [[ 0.3125 ]]

  [[-0.05469]]

  [[ 0.01562]]

  [[-0.14844]]

  [[-0.58594]]

  [[ 0.48438]]

  [[-0.39062]]

  [[-0.19531]]

  [[-0.08594]]

  [[-0.45312]]

  [[-0.04688]]

  [[-0.14062]]

  [[-0.16406]]

  [[-0.14844]]

  [[-0.24219]]

  [[ 0.26562]]

  [[-0.20312]]

  [[-0.24219]]]


 [[[-0.21094]]

  [[ 0.02344]]

  [[-0.14062]]

  [[-0.     ]]

  [[-0.19531]]

  [[-0.20312]]

  [[-0.     ]]

  [[-0.11719]]

  [[-0.09375]]

  [[ 0.03125]]

  [[-0.01562]]

  [[ 0.22656]]

  [[ 0.11719]]

  [[ 0.60156]]

  [[-0.42188]]

  [[ 0.08594]]

  [[ 0.21094]]

  [[-0.08594]]

  [[-0.02344]]

  [[-0.17969]]

  [[ 0.25781]]

  [[-0.32812]]

  [[-0.     ]]

  [[-0.13281]]

  [[ 0.     ]]

  [[-0.28125]]

  [[-0.     ]]

  [[ 0.     ]]

  [[ 0.1875 ]]

  [[-0.28125]]

  [[-0.19531]]

  [[-0.26562]]

  [[-0.28125]]

  [[ 0.3125 ]]

  [[-0.14062]]

  [[-0.08594]]

  [[-0.     ]]

  [[-0.42969]]

  [[ 0.00781]]

  [[ 0.30469]]

  [[-0.07812]]

  [[-0.10156]]

  [[-0.     ]]

  [[ 0.00781]]

  [[-0.25   ]]

  [[-0.36719]]

  [[-0.40625]]

  [[-0.0625 ]]

  [[ 0.0625 ]]

  [[-0.10156]]

  [[-0.07812]]

  [[ 0.38281]]

  [[ 0.32812]]

  [[ 0.14062]]

  [[ 0.14844]]

  [[-0.07031]]

  [[-0.0625 ]]

  [[-0.3125 ]]

  [[-0.32031]]

  [[-0.23438]]

  [[-0.02344]]

  [[ 0.10938]]

  [[ 0.11719]]

  [[-0.4375 ]]]


 [[[-0.04688]]

  [[ 0.03125]]

  [[ 0.17188]]

  [[ 0.     ]]

  [[ 0.33594]]

  [[-0.02344]]

  [[ 0.01562]]

  [[-0.00781]]

  [[ 0.03906]]

  [[ 0.00781]]

  [[-0.00781]]

  [[ 0.01562]]

  [[-0.03125]]

  [[ 0.03906]]

  [[ 0.125  ]]

  [[ 0.     ]]

  [[-0.11719]]

  [[ 0.10938]]

  [[ 0.1875 ]]

  [[-0.07031]]

  [[ 0.03906]]

  [[-0.08594]]

  [[ 0.     ]]

  [[-0.03906]]

  [[ 0.     ]]

  [[ 0.0625 ]]

  [[ 0.     ]]

  [[ 0.     ]]

  [[-0.125  ]]

  [[-0.01562]]

  [[ 0.13281]]

  [[ 0.09375]]

  [[-0.14844]]

  [[-0.08594]]

  [[-0.16406]]

  [[-0.03125]]

  [[-0.     ]]

  [[-0.07031]]

  [[-0.     ]]

  [[ 0.00781]]

  [[ 0.01562]]

  [[ 0.02344]]

  [[-0.     ]]

  [[ 0.0625 ]]

  [[ 0.     ]]

  [[-0.13281]]

  [[-0.10156]]

  [[-0.04688]]

  [[-0.02344]]

  [[-0.03125]]

  [[ 0.17969]]

  [[-0.17188]]

  [[-0.11719]]

  [[-0.02344]]

  [[ 0.07031]]

  [[ 0.22656]]

  [[-0.00781]]

  [[-0.02344]]

  [[-0.04688]]

  [[-0.04688]]

  [[ 0.03125]]

  [[-0.14062]]

  [[-0.03125]]

  [[-0.0625 ]]]


 [[[ 0.09375]]

  [[ 0.01562]]

  [[-0.125  ]]

  [[ 0.     ]]

  [[-0.22656]]

  [[ 0.23438]]

  [[-0.04688]]

  [[-0.00781]]

  [[-0.07812]]

  [[ 0.07031]]

  [[-0.10156]]

  [[ 0.125  ]]

  [[ 0.09375]]

  [[ 0.01562]]

  [[-0.13281]]

  [[ 0.     ]]

  [[-0.03125]]

  [[-0.04688]]

  [[ 0.36719]]

  [[-0.10156]]

  [[-0.01562]]

  [[ 0.25781]]

  [[-0.     ]]

  [[-0.01562]]

  [[-0.     ]]

  [[-0.03125]]

  [[ 0.     ]]

  [[ 0.     ]]

  [[-0.14062]]

  [[ 0.03125]]

  [[-0.11719]]

  [[-0.21875]]

  [[ 0.08594]]

  [[-0.03906]]

  [[ 0.125  ]]

  [[-0.05469]]

  [[-0.     ]]

  [[ 0.03906]]

  [[-0.     ]]

  [[-0.10156]]

  [[ 0.09375]]

  [[-0.0625 ]]

  [[-0.     ]]

  [[-0.03906]]

  [[-0.09375]]

  [[ 0.07031]]

  [[ 0.14062]]

  [[-0.13281]]

  [[ 0.     ]]

  [[ 0.01562]]

  [[-0.10938]]

  [[ 0.10156]]

  [[ 0.07812]]

  [[-0.16406]]

  [[-0.17188]]

  [[-0.25   ]]

  [[ 0.01562]]

  [[-0.15625]]

  [[ 0.09375]]

  [[ 0.05469]]

  [[-0.20312]]

  [[-0.07031]]

  [[-0.01562]]

  [[ 0.04688]]]]...
--------------------------------------------------------------------------------
[Bias] Layer: encoder4.block.0.5 (QuantConv2d)
  Shape: (16,)
  Bit Width: 16.0
  Signed: True
  Scale: 0.000244140625
  Sample Bias: [ 0.16406 -0.08398 -0.14453  1.02979  0.53931 -0.05591  0.15479  0.42725
 -0.08276 -0.09692]...
################################################################################

