################################################################################
[Weight] Layer: encoder4.up.conv.0 (QuantConv2d)
  Shape: (16, 16, 3, 3)
  Bit Width: 8.0
  Signed: True
  Scale: 0.001953125
  Sample Weights: [[[[ 0.04883  0.05273  0.02734]
   [-0.01172 -0.07617 -0.11523]
   [-0.10742 -0.06641 -0.02148]]

  [[-0.00195  0.05469 -0.01758]
   [-0.00391 -0.0332  -0.07227]
   [-0.05273 -0.05469 -0.05664]]

  [[ 0.06055  0.10938  0.04688]
   [ 0.04492 -0.07617 -0.15039]
   [-0.04883 -0.11523 -0.05469]]

  ...

  [[ 0.02344  0.02539 -0.01562]
   [-0.00391 -0.08203 -0.08008]
   [-0.09766 -0.14258 -0.08594]]

  [[ 0.07031 -0.01758 -0.08008]
   [ 0.04297 -0.01172 -0.01758]
   [-0.06055 -0.08594 -0.0918 ]]

  [[ 0.07617  0.02734  0.01562]
   [ 0.00781 -0.04688  0.03711]
   [-0.01562 -0.02539  0.12891]]]


 [[[ 0.05469 -0.0332  -0.02539]
   [ 0.07031 -0.06836 -0.07422]
   [ 0.00391 -0.04492 -0.13281]]

  [[ 0.04688 -0.03906 -0.00586]
   [ 0.03125 -0.02539 -0.04883]
   [ 0.02344 -0.04102 -0.01562]]

  [[ 0.11328 -0.04688 -0.01953]
   [ 0.07422 -0.06641 -0.125  ]
   [ 0.0293  -0.08203 -0.12109]]

  ...

  [[ 0.05664 -0.08984 -0.0332 ]
   [ 0.05273 -0.07031 -0.08203]
   [ 0.01367 -0.04688 -0.07031]]

  [[ 0.02148  0.00781 -0.0625 ]
   [ 0.01562 -0.03516 -0.06836]
   [-0.01953 -0.04492 -0.07422]]

  [[-0.0332  -0.03516 -0.07422]
   [-0.03906 -0.05273 -0.05859]
   [-0.01953 -0.01953 -0.06055]]]


 [[[ 0.      -0.05469 -0.00586]
   [-0.01172 -0.02734  0.01758]
   [-0.00195  0.00195  0.02734]]

  [[-0.03125 -0.08203  0.     ]
   [-0.01758 -0.07422 -0.03516]
   [-0.00391 -0.01367 -0.02148]]

  [[-0.09766 -0.05664 -0.00195]
   [-0.04883 -0.05469  0.01758]
   [-0.01562 -0.00586  0.01367]]

  ...

  [[-0.03516 -0.04688 -0.00977]
   [-0.03516 -0.10938 -0.03906]
   [-0.05273 -0.04297 -0.04297]]

  [[ 0.0332   0.05273  0.00977]
   [-0.05078  0.00391  0.01562]
   [-0.05078 -0.00586  0.01953]]

  [[-0.0918  -0.00586  0.01562]
   [-0.04102 -0.04492  0.06445]
   [-0.08203 -0.05859 -0.01562]]]


 ...


 [[[ 0.03906 -0.00195 -0.07031]
   [ 0.05078  0.06445 -0.02344]
   [ 0.06836  0.03906 -0.07617]]

  [[ 0.05078  0.01562 -0.00977]
   [ 0.03906  0.0293  -0.02344]
   [ 0.06055 -0.01953 -0.03711]]

  [[-0.02344 -0.06836 -0.14844]
   [-0.02344  0.00977 -0.0957 ]
   [ 0.08203 -0.00391 -0.08398]]

  ...

  [[ 0.05273  0.04688 -0.03906]
   [ 0.08594  0.06445 -0.06641]
   [ 0.11719  0.01367 -0.07227]]

  [[-0.02734 -0.02734  0.02344]
   [-0.05664  0.00977 -0.00391]
   [-0.06836 -0.01367  0.04492]]

  [[-0.08594 -0.07031 -0.07422]
   [-0.01562 -0.07422 -0.06445]
   [ 0.00195 -0.07031 -0.00195]]]


 [[[ 0.0625  -0.0625  -0.0625 ]
   [ 0.05078  0.01953 -0.01562]
   [ 0.07812  0.06445  0.05664]]

  [[-0.04102 -0.05469 -0.04297]
   [ 0.01562 -0.00977 -0.04297]
   [ 0.09375  0.07812  0.05078]]

  [[-0.05078 -0.09961 -0.04688]
   [-0.02148 -0.05078 -0.06445]
   [ 0.09961  0.01758  0.05469]]

  ...

  [[-0.04688 -0.03516 -0.06445]
   [ 0.00977  0.00195 -0.03516]
   [ 0.11914  0.03711  0.01367]]

  [[-0.0293  -0.06055  0.01562]
   [ 0.00586  0.00586  0.03711]
   [-0.06445 -0.05273 -0.06445]]

  [[-0.04297 -0.02344 -0.02539]
   [-0.04297 -0.01562 -0.04297]
   [-0.06445 -0.05469  0.00977]]]


 [[[-0.00781 -0.03906 -0.04688]
   [-0.02344 -0.03711  0.00195]
   [-0.00781  0.01562  0.07422]]

  [[-0.05664 -0.0625   0.01758]
   [-0.02734 -0.0332   0.0332 ]
   [-0.01758  0.03516  0.00391]]

  [[-0.00781 -0.03906 -0.0332 ]
   [-0.01562 -0.04102  0.05664]
   [ 0.02734  0.05859  0.10547]]

  ...

  [[-0.0332  -0.04883  0.01172]
   [-0.01562 -0.03125  0.01953]
   [-0.02148  0.00391  0.06836]]

  [[-0.00195  0.01758 -0.02734]
   [-0.02539  0.00781 -0.01758]
   [-0.02539  0.      -0.05469]]

  [[ 0.04492 -0.04883 -0.01367]
   [ 0.0293  -0.03516 -0.     ]
   [ 0.04102 -0.04492 -0.03906]]]]...
--------------------------------------------------------------------------------
[Bias] Layer: encoder4.up.conv.0 (QuantConv2d)
  Shape: (16,)
  Bit Width: 16.0
  Signed: True
  Scale: 0.0001220703125
  Sample Bias: [ 0.1969   0.03601  0.41016 -0.00171 -0.28259  0.10742  0.07971  0.13049
 -0.20911 -0.03833]...
################################################################################

