################################################################################
[Weight] Layer: encoder5.block.0.0.fn.0 (QuantConv2d)
  Shape: (16, 1, 9, 9)
  Bit Width: 8.0
  Signed: True
  Scale: 0.00390625
  Sample Weights: [[[[-0.07812 -0.10156 -0.09375 -0.09375 -0.02734  0.00391 -0.04297
    -0.04688 -0.01172]
   [-0.11719 -0.14844 -0.125   -0.04688 -0.04297 -0.16016 -0.12891
    -0.10156 -0.125  ]
   [-0.08594 -0.07812 -0.09766 -0.13281 -0.06641 -0.01953 -0.02344
    -0.06641 -0.02734]
   [-0.01172 -0.03906 -0.16406 -0.21875  0.01562  0.17969  0.02734
    -0.00391 -0.04688]
   [ 0.07812  0.03906 -0.10938  0.01953  0.25     0.24219  0.04297
     0.01953 -0.01562]
   [ 0.05078  0.05469 -0.01172  0.15234  0.1875   0.06641 -0.01172
    -0.12891 -0.08594]
   [-0.04688 -0.09375  0.01953  0.07031 -0.01562 -0.      -0.06641
    -0.13281 -0.13281]
   [-0.01953 -0.02344  0.04297 -0.08594 -0.05469  0.01562 -0.01953
    -0.09766 -0.14844]
   [ 0.00781  0.00391 -0.10156 -0.1875  -0.03906  0.07812  0.04688
    -0.13672 -0.18359]]]


 [[[-0.07812 -0.01172 -0.08203  0.0625   0.09375 -0.27344 -0.08984
    -0.16016 -0.32031]
   [-0.05859 -0.08984 -0.05859  0.25     0.1875  -0.07812 -0.08203
    -0.35938 -0.33984]
   [-0.12891 -0.       0.14844  0.00391  0.27344  0.06641 -0.08594
    -0.41797 -0.19141]
   [-0.08984 -0.03906  0.1875   0.04297  0.33984  0.08594 -0.35547
    -0.38281 -0.19141]
   [-0.11719 -0.09375  0.06641  0.17969  0.28125 -0.05859 -0.33203
    -0.29297 -0.17969]
   [-0.11328 -0.28906  0.16797  0.28906  0.30078 -0.1875  -0.17578
    -0.1875  -0.26562]
   [-0.10547 -0.19141  0.26562  0.28125  0.15625 -0.125   -0.03516
    -0.20703 -0.20312]
   [-0.02344 -0.125    0.07031  0.13281 -0.10547 -0.08984 -0.02344
    -0.11719 -0.20312]
   [-0.08203 -0.03906 -0.09375 -0.04688 -0.13281 -0.21094 -0.08594
    -0.13281 -0.05859]]]


 [[[ 0.28516  0.27734  0.23828  0.30078  0.375    0.34766  0.16016
     0.06641  0.26953]
   [ 0.26953  0.21094  0.02344  0.15625  0.16406  0.15234  0.03125
     0.20703  0.13281]
   [ 0.19531 -0.17188 -0.34766 -0.14062 -0.04297 -0.17969 -0.10547
     0.05078  0.12109]
   [ 0.26562 -0.34766 -0.49609 -0.29688  0.03516 -0.21875 -0.25
    -0.07031  0.25391]
   [ 0.37891 -0.37891 -0.49609 -0.49609 -0.33594 -0.05859 -0.10938
     0.08984  0.41016]
   [ 0.4375  -0.07422 -0.49609 -0.49609 -0.43359 -0.23047 -0.09766
    -0.07031  0.20703]
   [ 0.38672  0.08203 -0.32031 -0.42188 -0.47656 -0.09375 -0.03125
     0.12891 -0.03516]
   [ 0.30078  0.26172  0.14844 -0.05469 -0.12109 -0.24219  0.24609
     0.26562 -0.14453]
   [ 0.3125   0.40625  0.19141  0.23047  0.35938  0.14062  0.21094
     0.17188 -0.02344]]]


 [[[ 0.05078  0.00781 -0.10156  0.00781  0.03125 -0.08203 -0.23438
    -0.31641 -0.28906]
   [ 0.07422  0.01562  0.       0.06641  0.13281  0.00391 -0.26172
    -0.39844 -0.27344]
   [ 0.02344 -0.05469 -0.02344  0.10938  0.25     0.06641 -0.12109
    -0.31641 -0.23047]
   [-0.03906 -0.08594 -0.0625   0.02734  0.14062  0.05469 -0.02734
    -0.0625  -0.0625 ]
   [-0.05859 -0.08594 -0.08594  0.06641  0.08984  0.02734  0.09375
     0.09766  0.07031]
   [-0.03906 -0.03906 -0.13281 -0.0625   0.01562 -0.00781  0.02734
     0.125   -0.00391]
   [-0.05078 -0.0625  -0.14062 -0.10938  0.04297 -0.12891 -0.06641
     0.05078 -0.08203]
   [-0.01172 -0.0625  -0.05859 -0.05469  0.0625  -0.00391  0.04297
    -0.04688 -0.17188]
   [ 0.07422 -0.04297  0.07422  0.11328  0.14844  0.10156  0.09766
    -0.08594 -0.19141]]]


 [[[-0.04297 -0.02734  0.07812  0.17188  0.22656  0.15234  0.07812
     0.04688  0.01562]
   [-0.07031  0.03125  0.06641  0.10938  0.13281  0.03906  0.00781
     0.09766  0.01953]
   [-0.03906  0.03516  0.      -0.03125  0.      -0.05469 -0.08203
     0.03125  0.02734]
   [-0.03516  0.03516  0.05469 -0.01953 -0.07422 -0.08594 -0.14453
    -0.00781  0.02344]
   [-0.12109 -0.08594 -0.08984 -0.08594 -0.12891 -0.13672 -0.08984
     0.04297  0.11719]
   [-0.17188 -0.09766 -0.07031 -0.03906 -0.08594 -0.10938 -0.07031
     0.01953  0.125  ]
   [-0.17188 -0.14453 -0.09375 -0.03516 -0.07422 -0.03125  0.02344
     0.07031  0.09375]
   [-0.05859 -0.07422 -0.07422 -0.02344 -0.05469 -0.03906  0.03906
     0.07031  0.03125]
   [-0.00391 -0.00781 -0.02734 -0.04297 -0.04688 -0.04297  0.03516
     0.03906 -0.     ]]]


 [[[ 0.15234  0.08203  0.10938  0.03125 -0.11328 -0.17188 -0.10938
    -0.08203  0.00781]
   [ 0.12109 -0.02344  0.00391  0.02344 -0.01562 -0.07422  0.
    -0.05078  0.00391]
   [ 0.03125 -0.07422 -0.09766 -0.03906  0.01172 -0.00391  0.06641
     0.07422  0.09375]
   [-0.00781 -0.17578 -0.16406 -0.04297  0.01172  0.       0.03125
     0.07031  0.05859]
   [ 0.08984 -0.07031 -0.08594  0.05469 -0.01562 -0.00781  0.02734
    -0.01953  0.02344]
   [ 0.12891  0.04297  0.03516 -0.00391 -0.0625  -0.05469 -0.05859
    -0.10547 -0.02344]
   [ 0.15625  0.13672  0.12109 -0.05078 -0.05859 -0.07422 -0.14062
    -0.13672  0.04297]
   [ 0.11328  0.19531  0.11719  0.01562 -0.03906 -0.05859 -0.12109
    -0.08984  0.02344]
   [ 0.03906  0.17578  0.23438  0.09375  0.00391 -0.07031 -0.14453
    -0.12109 -0.00391]]]


 [[[ 0.10156  0.00781  0.01172 -0.05469  0.27344  0.18359  0.06641
     0.10938  0.27344]
   [-0.10547 -0.22266 -0.01953 -0.11328  0.16016  0.14062  0.11719
     0.23828  0.21094]
   [-0.36719 -0.37891 -0.18359 -0.14453 -0.0625   0.10547  0.27344
     0.3125   0.23438]
   [-0.21094 -0.39844 -0.32422 -0.25    -0.21094  0.16797  0.16406
     0.05469  0.08203]
   [ 0.25781  0.11719 -0.03125  0.06641  0.03125  0.13281  0.01562
     0.07031 -0.01953]
   [ 0.15625  0.0625   0.13281  0.17578  0.04297  0.00391 -0.02344
     0.03516  0.07422]
   [-0.21484 -0.14844 -0.16406 -0.19922 -0.13281 -0.23828 -0.16797
     0.10156  0.125  ]
   [-0.31641 -0.13281 -0.05078 -0.21094 -0.23047 -0.16406 -0.15234
     0.02344  0.     ]
   [-0.39453 -0.20312 -0.09375 -0.17969  0.05078  0.22266  0.09766
     0.01953 -0.16797]]]


 [[[-0.10547 -0.04297  0.04297  0.03125 -0.01562 -0.00391  0.02734
    -0.02344 -0.03906]
   [-0.05859 -0.0625  -0.08984 -0.04688 -0.05859  0.04688  0.05859
     0.04688  0.10547]
   [ 0.00781 -0.07812 -0.12891 -0.10938 -0.01172  0.07422  0.14062
     0.08984  0.13672]
   [ 0.00391 -0.07422 -0.07422 -0.15234 -0.06641  0.07031  0.23438
     0.14062  0.22656]
   [ 0.02344 -0.03516 -0.07031 -0.09766 -0.18359 -0.03125  0.0625
     0.07812  0.19141]
   [ 0.13281  0.05469 -0.03906 -0.06641 -0.10938 -0.01562 -0.01172
    -0.01953  0.07422]
   [ 0.05859  0.08594 -0.00781 -0.04688 -0.04297 -0.00781 -0.00781
    -0.04297 -0.05859]
   [ 0.00391 -0.00391 -0.04297 -0.01562 -0.07422 -0.01562  0.02734
     0.      -0.07422]
   [-0.      -0.10547 -0.125   -0.05078 -0.02344 -0.02734  0.00391
     0.01172 -0.14844]]]


 [[[-0.15234  0.01562  0.03125 -0.14062 -0.20703 -0.02734 -0.00781
    -0.0625   0.08594]
   [-0.18359 -0.07031 -0.03125 -0.02344  0.08203  0.17578  0.00391
    -0.12109 -0.09375]
   [-0.08203 -0.11328 -0.10156 -0.01953 -0.00391  0.09766  0.13281
     0.07031  0.0625 ]
   [ 0.14453 -0.07812 -0.00391 -0.08594 -0.24609 -0.01562  0.03125
    -0.04688 -0.08203]
   [ 0.00781 -0.08594  0.00391 -0.16016 -0.33594 -0.17188 -0.
    -0.07422 -0.0625 ]
   [-0.0625   0.14844  0.30078  0.27344  0.01953 -0.10547 -0.0625
    -0.125   -0.00781]
   [-0.12891  0.05078  0.21484  0.28125  0.32812  0.15234  0.13672
     0.00391  0.15625]
   [-0.0625  -0.05859  0.06641  0.07031  0.25391  0.13672 -0.10547
    -0.30078 -0.22656]
   [ 0.03125 -0.09375  0.125    0.23828  0.23828  0.18359  0.09766
    -0.05469 -0.02734]]]


 [[[ 0.04297  0.05859 -0.01953  0.       0.05469  0.125    0.14453
     0.14453  0.17969]
   [ 0.00781  0.03906 -0.01562  0.02734  0.05469  0.10547  0.08203
     0.06641  0.14453]
   [-0.02344  0.01172  0.10938  0.09766  0.02344  0.0625   0.05859
     0.03516  0.12109]
   [-0.00781 -0.00781  0.125    0.01562 -0.09766 -0.07812 -0.01172
    -0.00781  0.09375]
   [ 0.03516  0.00391  0.03906 -0.11328 -0.15234 -0.11328 -0.01562
     0.01562  0.09375]
   [ 0.02734  0.03125  0.00391 -0.16797 -0.08594 -0.0625  -0.03516
     0.02344  0.09375]
   [ 0.03125  0.01953  0.      -0.11328 -0.04297  0.01953 -0.01172
    -0.02734  0.10547]
   [ 0.10547  0.13281 -0.03125 -0.04688 -0.07031  0.00781  0.0625
    -0.02734  0.09375]
   [ 0.1875   0.16797 -0.02344  0.02344 -0.04688  0.01953  0.00781
    -0.0625   0.04297]]]]...
--------------------------------------------------------------------------------
[Bias] Layer: encoder5.block.0.0.fn.0 (QuantConv2d)
  Shape: (16,)
  Bit Width: 16.0
  Signed: True
  Scale: 0.0001220703125
  Sample Bias: [ 0.71497  0.21387 -0.51929  0.52698  0.021   -0.11902  0.56677 -0.07092
  0.03271 -0.37634]...
################################################################################

