################################################################################
[Weight] Layer: encoder1.block.0.1.fn.0 (QuantConv2d)
  Shape: (8, 1, 3, 3)
  Bit Width: 8.0
  Signed: True
  Scale: 0.03125
  Sample Weights: [[[[ 1.03125  0.3125  -1.96875]
   [-0.1875  -1.59375 -0.6875 ]
   [ 1.59375  2.5     -1.21875]]]


 [[[-2.15625 -2.4375  -3.125  ]
   [ 2.28125  0.3125   1.28125]
   [ 3.46875  1.6875  -0.78125]]]


 [[[-0.1875   0.46875  0.21875]
   [ 0.09375  0.375    0.125  ]
   [-0.375    0.09375  0.0625 ]]]


 [[[ 0.1875  -0.25    -1.125  ]
   [ 0.78125 -1.09375  0.3125 ]
   [ 0.34375  1.1875   0.09375]]]


 [[[-0.625   -0.34375 -0.46875]
   [-0.21875 -0.03125 -0.3125 ]
   [-0.09375  0.15625 -0.28125]]]


 [[[-0.21875 -0.21875 -0.25   ]
   [-0.1875  -0.15625 -0.15625]
   [ 0.      -0.125    0.1875 ]]]


 [[[ 0.0625  -1.      -0.53125]
   [ 0.5      0.96875 -0.65625]
   [ 1.03125  0.625    0.5    ]]]


 [[[ 0.46875 -1.03125  0.5    ]
   [ 0.0625   1.21875 -0.53125]
   [-0.09375 -1.34375 -0.53125]]]]...
--------------------------------------------------------------------------------
[Bias] Layer: encoder1.block.0.1.fn.0 (QuantConv2d)
  Shape: (8,)
  Bit Width: 16.0
  Signed: True
  Scale: 0.001953125
  Sample Bias: [ 0.08789  0.38086 -0.58984 -0.0957   1.06055  0.28125 -0.29102  1.73047]...
################################################################################

