################################################################################
[Weight] Layer: encoder5.block.0.1.fn.0 (QuantConv2d)
  Shape: (16, 1, 9, 9)
  Bit Width: 8.0
  Signed: True
  Scale: 0.00390625
  Sample Weights: [[[[-0.09766 -0.07422 -0.10156 -0.125   -0.06641 -0.00781  0.04688
    -0.03906 -0.01953]
   [-0.07031 -0.06641 -0.10156 -0.04688 -0.04297 -0.01172  0.07031
    -0.01562 -0.02734]
   [-0.10156 -0.0625  -0.09375 -0.07031  0.00391  0.07031  0.08984
     0.05078  0.01562]
   [-0.10938 -0.07422 -0.07031 -0.05469 -0.       0.13672  0.13672
     0.07812  0.07422]
   [-0.00781  0.01562 -0.00781 -0.00391  0.04297  0.16016  0.10547
     0.03516  0.05469]
   [-0.02344  0.02344 -0.       0.07031  0.10547  0.03125 -0.04297
    -0.11328 -0.07031]
   [-0.11719 -0.08984 -0.04688  0.05859  0.01562 -0.12891 -0.10156
    -0.07422 -0.08984]
   [-0.11719 -0.07031  0.      -0.00391 -0.07422 -0.03516  0.02344
    -0.02734 -0.04297]
   [-0.17188 -0.125   -0.07031 -0.09375 -0.12891 -0.04688  0.00391
    -0.03125 -0.08203]]]


 [[[ 0.11328  0.19922  0.18359  0.17969  0.05078 -0.19141 -0.09375
    -0.11328 -0.01562]
   [-0.03516  0.07422  0.02344  0.03125  0.07812 -0.05469 -0.07812
    -0.17578 -0.07812]
   [-0.07812  0.01562 -0.02344 -0.02344  0.08594 -0.07422 -0.09766
    -0.24219 -0.03906]
   [-0.12109 -0.09766 -0.03906 -0.14062 -0.01172 -0.08594 -0.08203
    -0.21094  0.04297]
   [-0.14062 -0.14453 -0.08984 -0.21484 -0.14062 -0.      -0.01172
    -0.00781  0.15625]
   [-0.08594 -0.05469 -0.02344 -0.16406 -0.07422  0.01562  0.03125
     0.11719  0.10938]
   [-0.03516  0.10938  0.03516 -0.08203  0.07812  0.07812  0.00391
     0.10938  0.08984]
   [ 0.03125  0.11719  0.08594  0.07812  0.21094  0.10547  0.02734
     0.02344 -0.00781]
   [ 0.02734  0.07422  0.07422  0.19141  0.26562  0.12109 -0.03906
    -0.07422 -0.18359]]]


 [[[-0.08984 -0.14453 -0.07812  0.0625   0.04297 -0.16797 -0.05469
    -0.05469 -0.21094]
   [ 0.08594 -0.03516  0.14062  0.22656  0.00391 -0.08984  0.02734
     0.07031 -0.16406]
   [ 0.23828  0.03125  0.21484  0.16797  0.15625 -0.12109  0.01953
     0.02734 -0.00781]
   [ 0.17188  0.16797  0.22266  0.14062  0.03516 -0.23438 -0.03906
    -0.08203 -0.0625 ]
   [ 0.07031 -0.03516 -0.02734  0.09766 -0.09375 -0.19141 -0.03516
    -0.12891 -0.12109]
   [ 0.05859  0.12109  0.14062  0.11719 -0.06641 -0.06641  0.27344
     0.14062  0.08594]
   [-0.11328 -0.01953  0.16016  0.14453 -0.04688 -0.26953  0.21094
     0.44141  0.39062]
   [-0.47656 -0.29297 -0.06641  0.05469 -0.17969 -0.29297  0.16797
     0.36328  0.49609]
   [-0.39844 -0.34766  0.03906  0.14062 -0.05078 -0.28516  0.04297
     0.33203  0.44141]]]


 [[[-0.       0.11328  0.05078 -0.01953  0.03125  0.09375  0.08984
     0.08203  0.01172]
   [-0.03516  0.02734 -0.01562 -0.03125  0.02734  0.05859  0.08984
     0.08984  0.08984]
   [-0.03906  0.03516 -0.00781 -0.03125 -0.03125  0.01953  0.07812
     0.08203  0.07422]
   [-0.04688  0.04297 -0.03516 -0.05469 -0.0625  -0.0625   0.04297
     0.04297  0.08984]
   [-0.05078  0.00781 -0.05859 -0.04297 -0.11719 -0.07031  0.03906
     0.05078  0.08594]
   [-0.03516 -0.03516 -0.10156 -0.07031 -0.06641 -0.03125  0.03516
     0.14062  0.12891]
   [-0.03906  0.04297 -0.09766 -0.07422 -0.01953 -0.00781  0.05859
     0.16406  0.16016]
   [-0.02344  0.07422 -0.03906 -0.05859 -0.02734 -0.02734  0.04688
     0.12891  0.14844]
   [ 0.00391  0.03906 -0.06641 -0.08984 -0.00781 -0.       0.03516
     0.08984  0.09766]]]


 [[[ 0.00391 -0.00781  0.02734 -0.04297 -0.05469 -0.07422 -0.13672
    -0.20312 -0.29297]
   [ 0.05469  0.01562  0.03516 -0.02734 -0.06641 -0.10938 -0.08984
    -0.14062 -0.16406]
   [ 0.07031  0.07031  0.07812  0.00391 -0.      -0.08203 -0.12109
    -0.10156 -0.10547]
   [ 0.09766  0.08203  0.03516  0.01953  0.01562 -0.08203 -0.1875
    -0.05859 -0.125  ]
   [ 0.17969  0.13281  0.07031 -0.07812  0.01562  0.06641 -0.04688
     0.0625   0.02344]
   [ 0.11328  0.14453  0.02734 -0.10938 -0.05078  0.10156  0.12109
     0.16016  0.13281]
   [ 0.02344  0.125    0.03516 -0.08984 -0.16406 -0.02734  0.08203
     0.12109  0.09766]
   [-0.05859  0.01953  0.07422 -0.00391 -0.10156 -0.05469 -0.02734
     0.05078  0.01562]
   [-0.04297  0.      -0.01562 -0.125   -0.08594 -0.02734  0.03906
     0.09375  0.09766]]]


 [[[ 0.0625  -0.00781  0.05859  0.07422  0.03516 -0.04297 -0.10156
    -0.12109 -0.05078]
   [-0.01562  0.04688  0.07031 -0.03125 -0.      -0.04297 -0.04688
    -0.06641 -0.01172]
   [-0.00391  0.05859  0.07812 -0.0625  -0.05469  0.01172  0.00391
    -0.03125  0.03125]
   [ 0.125    0.11719  0.07422 -0.05469 -0.11328  0.03125 -0.00391
    -0.03125  0.02344]
   [ 0.17188  0.07812  0.12891 -0.04297 -0.20703 -0.07031 -0.00391
    -0.05078 -0.04688]
   [ 0.11328  0.07031  0.15625 -0.00391 -0.17578 -0.10547 -0.00781
    -0.02734 -0.03906]
   [ 0.02734 -0.05078  0.08203  0.08594 -0.07812 -0.07031  0.00391
     0.00391 -0.01172]
   [-0.04688 -0.07812  0.02344  0.10547  0.07031 -0.02344 -0.05859
    -0.04688 -0.04297]
   [-0.03906 -0.05078  0.02344  0.125    0.13281  0.02734 -0.03906
    -0.00781 -0.0625 ]]]


 [[[-0.11719 -0.05469 -0.01172  0.05078  0.01562 -0.06641 -0.13281
    -0.13672 -0.20703]
   [-0.03906 -0.02344  0.02734  0.05078 -0.01953 -0.08203 -0.10547
    -0.14844 -0.21875]
   [-0.01562 -0.03906 -0.04297 -0.04688 -0.08594 -0.01953 -0.01562
    -0.07422 -0.11719]
   [-0.03125 -0.02344 -0.02344 -0.05078 -0.04297  0.02734  0.02734
    -0.10938 -0.17578]
   [-0.       0.01172  0.09375  0.01562 -0.01562  0.      -0.04297
    -0.15625 -0.18359]
   [ 0.       0.0625   0.13672  0.10938  0.01172 -0.08203 -0.09375
    -0.11719 -0.16016]
   [ 0.01172  0.04688  0.09766 -0.04688 -0.0625  -0.08203 -0.07812
    -0.07812 -0.14062]
   [ 0.06641  0.09375  0.05859 -0.03125 -0.04688  0.01562  0.
    -0.08203 -0.20312]
   [ 0.08594  0.04688  0.05078 -0.04297 -0.01953  0.05859  0.05859
    -0.12891 -0.29297]]]


 [[[-0.125   -0.09375 -0.05859 -0.00781  0.01562 -0.01172 -0.01562
    -0.01172 -0.05469]
   [-0.10547 -0.11328 -0.10547 -0.02344  0.00391 -0.04297 -0.02344
     0.00781 -0.00781]
   [-0.03906 -0.03906 -0.07812 -0.10547 -0.04688 -0.01172  0.02344
     0.04688  0.04297]
   [-0.00781  0.01562 -0.01953 -0.04688 -0.03125  0.01953  0.09766
     0.15234  0.12109]
   [-0.03516 -0.01953 -0.02344  0.00391 -0.01562  0.00781  0.05859
     0.10547  0.125  ]
   [-0.04297 -0.05469 -0.07812  0.00391  0.03906  0.01562 -0.00781
     0.10547  0.10938]
   [-0.04297 -0.08594 -0.10156 -0.05469 -0.00391 -0.01562  0.01172
     0.02344  0.03516]
   [-0.0625  -0.125   -0.09375 -0.06641 -0.0625  -0.0625   0.01172
     0.03906 -0.04688]
   [-0.05859 -0.08984 -0.03906 -0.01562 -0.05078 -0.08203 -0.03125
    -0.00781 -0.07422]]]


 [[[-0.1875  -0.21484 -0.19141 -0.20703 -0.17969 -0.07031 -0.01562
     0.00391  0.02344]
   [-0.02734  0.05859  0.01172 -0.01172  0.       0.05469  0.09766
     0.11328  0.07031]
   [-0.05078  0.02344  0.03516  0.03125  0.11719  0.10156  0.05078
    -0.03906 -0.01172]
   [ 0.01172  0.04688  0.06641 -0.00391  0.01953  0.09375 -0.01562
    -0.08984 -0.07812]
   [ 0.07812 -0.02734  0.03125 -0.10547 -0.19141 -0.09766 -0.10547
    -0.15234 -0.10547]
   [ 0.11719 -0.03906  0.03125  0.09375  0.07812 -0.04688 -0.01562
    -0.07812 -0.11328]
   [ 0.06641  0.02734  0.03906  0.09766  0.16797  0.0625   0.04297
     0.00391  0.00781]
   [ 0.08203  0.08203  0.05469  0.05859  0.10547  0.06641  0.03906
    -0.00391  0.08203]
   [ 0.03516  0.05078  0.0625   0.08984  0.11719  0.04688  0.01172
    -0.02734  0.05469]]]


 [[[-0.23047 -0.13281 -0.14453 -0.03516  0.03516  0.10156  0.10547
     0.08594  0.20703]
   [-0.12109  0.06641 -0.06641 -0.03906  0.13281  0.16016  0.09766
     0.05078  0.10938]
   [-0.125    0.02734 -0.      -0.03516  0.11719  0.19141  0.125
     0.05078  0.02734]
   [-0.26562 -0.07812 -0.08594 -0.10156  0.08203  0.05469  0.00391
     0.01562 -0.10156]
   [-0.27734 -0.08594 -0.03125 -0.01953  0.03125 -0.12891 -0.15625
    -0.04688 -0.125  ]
   [-0.27734 -0.01172  0.01172  0.06641  0.07422 -0.07422 -0.11719
    -0.17578 -0.125  ]
   [-0.125    0.09766  0.09375  0.03906  0.10938  0.10156 -0.08594
    -0.17188  0.01562]
   [ 0.04297  0.07812  0.01172  0.01172  0.08984  0.01172 -0.13672
    -0.10547  0.05859]
   [ 0.16797  0.07812 -0.08203  0.       0.      -0.05078 -0.14453
    -0.05469 -0.04688]]]]...
--------------------------------------------------------------------------------
[Bias] Layer: encoder5.block.0.1.fn.0 (QuantConv2d)
  Shape: (16,)
  Bit Width: 16.0
  Signed: True
  Scale: 0.0001220703125
  Sample Bias: [ 0.89014 -0.05859 -0.43726 -0.26672  0.60291  0.1394   1.28638  0.70422
  0.05273  0.995  ]...
################################################################################

