################################################################################
[Weight] Layer: encoder5.block.0.5 (QuantConv2d)
  Shape: (16, 64, 1, 1)
  Bit Width: 8.0
  Signed: True
  Scale: 0.00390625
  Sample Weights: [[[[ 0.07031]]

  [[-0.14844]]

  [[-0.07031]]

  [[ 0.05078]]

  [[-0.19141]]

  [[-0.39844]]

  [[-0.18359]]

  [[-0.12109]]

  [[-0.35156]]

  [[ 0.     ]]

  [[ 0.17578]]

  [[-0.32031]]

  [[ 0.17578]]

  [[-0.22656]]

  [[-0.13281]]

  [[ 0.04688]]

  [[-0.15625]]

  [[-0.25781]]

  [[-0.12891]]

  [[ 0.09375]]

  [[ 0.03516]]

  [[-0.25391]]

  [[-0.14062]]

  [[ 0.10547]]

  [[ 0.10938]]

  [[-0.06641]]

  [[ 0.0625 ]]

  [[-0.07031]]

  [[-0.12891]]

  [[-0.46094]]

  [[ 0.02344]]

  [[-0.05469]]

  [[-0.15625]]

  [[ 0.05469]]

  [[-0.14453]]

  [[ 0.     ]]

  [[-0.15234]]

  [[-0.24609]]

  [[ 0.05469]]

  [[-0.40625]]

  [[ 0.04297]]

  [[-0.10547]]

  [[ 0.28125]]

  [[-0.23828]]

  [[ 0.00391]]

  [[ 0.1875 ]]

  [[-0.36328]]

  [[-0.09375]]

  [[ 0.05469]]

  [[-0.23438]]

  [[-0.07031]]

  [[ 0.13281]]

  [[-0.00781]]

  [[ 0.17578]]

  [[-0.03125]]

  [[ 0.01953]]

  [[-0.07812]]

  [[-0.17578]]

  [[ 0.25391]]

  [[ 0.03125]]

  [[-0.01953]]

  [[-0.08203]]

  [[ 0.32031]]

  [[-0.05078]]]


 [[[ 0.05469]]

  [[-0.15625]]

  [[ 0.02734]]

  [[ 0.04297]]

  [[-0.07422]]

  [[ 0.16016]]

  [[ 0.02734]]

  [[-0.00781]]

  [[ 0.10156]]

  [[ 0.     ]]

  [[ 0.19141]]

  [[-0.14062]]

  [[ 0.01953]]

  [[-0.11719]]

  [[ 0.03906]]

  [[-0.04688]]

  [[ 0.22266]]

  [[ 0.10156]]

  [[-0.03125]]

  [[ 0.01953]]

  [[-0.17188]]

  [[ 0.03906]]

  [[-0.07031]]

  [[-0.00781]]

  [[-0.03906]]

  [[ 0.16016]]

  [[-0.05859]]

  [[-0.00781]]

  [[ 0.125  ]]

  [[ 0.04297]]

  [[-0.06641]]

  [[ 0.07812]]

  [[-0.02344]]

  [[-0.03906]]

  [[ 0.04297]]

  [[ 0.03516]]

  [[-0.01172]]

  [[-0.14844]]

  [[ 0.03906]]

  [[ 0.01953]]

  [[-0.05859]]

  [[-0.00391]]

  [[ 0.06641]]

  [[-0.00391]]

  [[-0.01562]]

  [[-0.01172]]

  [[ 0.03516]]

  [[ 0.10547]]

  [[-0.02344]]

  [[-0.12891]]

  [[-0.02344]]

  [[ 0.12891]]

  [[-0.01953]]

  [[-0.0625 ]]

  [[-0.07422]]

  [[-0.07422]]

  [[-0.01172]]

  [[-0.00781]]

  [[-0.01562]]

  [[ 0.0625 ]]

  [[-0.00391]]

  [[-0.08594]]

  [[-0.01562]]

  [[ 0.02734]]]


 [[[ 0.24609]]

  [[ 0.00781]]

  [[-0.15625]]

  [[ 0.00781]]

  [[ 0.     ]]

  [[-0.13281]]

  [[-0.14844]]

  [[-0.00391]]

  [[-0.23828]]

  [[-0.     ]]

  [[-0.01562]]

  [[-0.23047]]

  [[-0.20703]]

  [[ 0.17188]]

  [[-0.05078]]

  [[-0.19141]]

  [[-0.14844]]

  [[-0.16016]]

  [[-0.23438]]

  [[ 0.12109]]

  [[ 0.15625]]

  [[-0.10938]]

  [[ 0.22266]]

  [[ 0.18359]]

  [[-0.26562]]

  [[-0.14062]]

  [[ 0.02344]]

  [[ 0.0625 ]]

  [[ 0.30078]]

  [[-0.33203]]

  [[-0.13281]]

  [[-0.07422]]

  [[-0.13672]]

  [[-0.44531]]

  [[-0.28125]]

  [[ 0.21875]]

  [[ 0.07031]]

  [[ 0.14062]]

  [[-0.22266]]

  [[-0.32422]]

  [[ 0.03906]]

  [[ 0.17969]]

  [[-0.03906]]

  [[-0.04297]]

  [[-0.04297]]

  [[ 0.32422]]

  [[-0.35938]]

  [[-0.16016]]

  [[-0.07812]]

  [[ 0.02734]]

  [[-0.08594]]

  [[-0.05469]]

  [[ 0.02734]]

  [[ 0.13281]]

  [[ 0.02344]]

  [[-0.06641]]

  [[-0.19922]]

  [[ 0.10938]]

  [[-0.04688]]

  [[-0.16406]]

  [[ 0.19531]]

  [[-0.08203]]

  [[ 0.30859]]

  [[ 0.24609]]]


 [[[-0.18359]]

  [[-0.0625 ]]

  [[-0.03906]]

  [[-0.29297]]

  [[ 0.03125]]

  [[ 0.28906]]

  [[-0.04688]]

  [[-0.     ]]

  [[ 0.05859]]

  [[ 0.     ]]

  [[ 0.14844]]

  [[ 0.11719]]

  [[-0.1875 ]]

  [[ 0.07812]]

  [[ 0.16406]]

  [[ 0.14453]]

  [[ 0.15234]]

  [[ 0.04688]]

  [[-0.16016]]

  [[-0.09766]]

  [[ 0.10938]]

  [[ 0.04297]]

  [[ 0.00781]]

  [[-0.19141]]

  [[-0.0625 ]]

  [[-0.14844]]

  [[ 0.08203]]

  [[-0.22656]]

  [[-0.17969]]

  [[ 0.07031]]

  [[-0.14844]]

  [[ 0.     ]]

  [[ 0.11328]]

  [[-0.16406]]

  [[-0.02344]]

  [[ 0.11719]]

  [[ 0.01172]]

  [[ 0.21875]]

  [[-0.01953]]

  [[-0.05078]]

  [[-0.02734]]

  [[ 0.05078]]

  [[-0.03516]]

  [[ 0.17969]]

  [[ 0.08594]]

  [[ 0.125  ]]

  [[ 0.02344]]

  [[-0.14453]]

  [[-0.08594]]

  [[ 0.22266]]

  [[ 0.03906]]

  [[ 0.05859]]

  [[ 0.03125]]

  [[-0.21484]]

  [[-0.00781]]

  [[ 0.04688]]

  [[-0.01953]]

  [[ 0.09375]]

  [[-0.00391]]

  [[-0.0625 ]]

  [[ 0.03906]]

  [[-0.05859]]

  [[-0.     ]]

  [[ 0.01953]]]


 [[[ 0.12109]]

  [[ 0.19922]]

  [[-0.13672]]

  [[ 0.21484]]

  [[-0.01562]]

  [[ 0.12109]]

  [[ 0.04297]]

  [[ 0.01172]]

  [[ 0.00781]]

  [[-0.     ]]

  [[ 0.02344]]

  [[-0.03516]]

  [[ 0.00781]]

  [[-0.05078]]

  [[ 0.02344]]

  [[-0.10938]]

  [[ 0.07031]]

  [[ 0.07422]]

  [[-0.19141]]

  [[ 0.27344]]

  [[ 0.04297]]

  [[ 0.00391]]

  [[ 0.32812]]

  [[ 0.19531]]

  [[ 0.02734]]

  [[-0.17188]]

  [[ 0.125  ]]

  [[-0.15234]]

  [[ 0.01953]]

  [[-0.03125]]

  [[ 0.13281]]

  [[ 0.05859]]

  [[ 0.1875 ]]

  [[-0.14453]]

  [[ 0.03906]]

  [[-0.08594]]

  [[ 0.22266]]

  [[-0.02344]]

  [[-0.02734]]

  [[-0.17578]]

  [[ 0.0625 ]]

  [[-0.09766]]

  [[-0.14453]]

  [[ 0.16016]]

  [[-0.02344]]

  [[-0.05078]]

  [[-0.10938]]

  [[-0.10156]]

  [[ 0.20312]]

  [[ 0.14062]]

  [[ 0.16406]]

  [[-0.23047]]

  [[-0.07422]]

  [[ 0.22266]]

  [[ 0.03125]]

  [[-0.00781]]

  [[-0.11328]]

  [[-0.10938]]

  [[-0.09766]]

  [[-0.01562]]

  [[ 0.07812]]

  [[ 0.14062]]

  [[-0.08594]]

  [[-0.09766]]]


 [[[ 0.17578]]

  [[ 0.04688]]

  [[-0.24219]]

  [[-0.10156]]

  [[-0.15234]]

  [[ 0.08203]]

  [[-0.15234]]

  [[-0.     ]]

  [[ 0.12109]]

  [[-0.     ]]

  [[ 0.07031]]

  [[ 0.17188]]

  [[-0.0625 ]]

  [[ 0.38281]]

  [[-0.29297]]

  [[-0.02734]]

  [[-0.01172]]

  [[ 0.05859]]

  [[ 0.24219]]

  [[-0.25   ]]

  [[ 0.0625 ]]

  [[ 0.24609]]

  [[ 0.01562]]

  [[ 0.05859]]

  [[ 0.03906]]

  [[-0.04688]]

  [[ 0.04297]]

  [[ 0.29688]]

  [[ 0.41406]]

  [[ 0.19141]]

  [[ 0.05469]]

  [[-0.10938]]

  [[ 0.29688]]

  [[-0.01953]]

  [[-0.03516]]

  [[-0.15234]]

  [[-0.14062]]

  [[-0.28516]]

  [[-0.12891]]

  [[-0.11328]]

  [[ 0.19141]]

  [[ 0.18359]]

  [[ 0.08984]]

  [[ 0.07812]]

  [[-0.16016]]

  [[-0.19141]]

  [[-0.17969]]

  [[-0.00391]]

  [[ 0.02344]]

  [[-0.02734]]

  [[-0.17578]]

  [[ 0.17188]]

  [[-0.07422]]

  [[ 0.23047]]

  [[ 0.13672]]

  [[-0.25391]]

  [[ 0.12109]]

  [[-0.24609]]

  [[-0.03906]]

  [[-0.48047]]

  [[-0.     ]]

  [[ 0.08594]]

  [[-0.20703]]

  [[-0.14062]]]


 [[[-0.44531]]

  [[-0.19141]]

  [[-0.09766]]

  [[-0.13672]]

  [[ 0.26953]]

  [[-0.34766]]

  [[-0.03125]]

  [[ 0.03125]]

  [[-0.13672]]

  [[-0.     ]]

  [[ 0.03516]]

  [[ 0.17578]]

  [[ 0.20312]]

  [[ 0.20312]]

  [[-0.04688]]

  [[-0.08203]]

  [[-0.08594]]

  [[-0.21094]]

  [[ 0.05078]]

  [[ 0.23438]]

  [[-0.30469]]

  [[-0.125  ]]

  [[-0.19141]]

  [[-0.16797]]

  [[-0.11719]]

  [[-0.20312]]

  [[ 0.07031]]

  [[ 0.02344]]

  [[-0.31641]]

  [[ 0.00781]]

  [[-0.37891]]

  [[-0.09766]]

  [[-0.14062]]

  [[ 0.14453]]

  [[-0.38672]]

  [[-0.48047]]

  [[ 0.34766]]

  [[-0.02734]]

  [[-0.07031]]

  [[-0.49609]]

  [[ 0.02344]]

  [[ 0.01562]]

  [[-0.08594]]

  [[ 0.05469]]

  [[ 0.06641]]

  [[-0.08594]]

  [[-0.04688]]

  [[-0.49609]]

  [[ 0.02734]]

  [[ 0.16797]]

  [[ 0.10156]]

  [[ 0.08203]]

  [[-0.03125]]

  [[-0.32031]]

  [[ 0.17969]]

  [[-0.16797]]

  [[-0.0625 ]]

  [[-0.10938]]

  [[ 0.12109]]

  [[ 0.05078]]

  [[-0.21094]]

  [[-0.10547]]

  [[-0.03516]]

  [[ 0.17969]]]


 [[[ 0.02734]]

  [[-0.15625]]

  [[ 0.07031]]

  [[ 0.14844]]

  [[-0.01562]]

  [[ 0.14453]]

  [[-0.00781]]

  [[ 0.10156]]

  [[ 0.09375]]

  [[ 0.     ]]

  [[-0.05859]]

  [[-0.125  ]]

  [[ 0.03125]]

  [[ 0.00391]]

  [[ 0.18359]]

  [[-0.125  ]]

  [[ 0.19922]]

  [[ 0.00391]]

  [[-0.05859]]

  [[ 0.19922]]

  [[-0.49609]]

  [[-0.03906]]

  [[ 0.22266]]

  [[-0.19922]]

  [[ 0.13672]]

  [[-0.05469]]

  [[-0.16016]]

  [[-0.29688]]

  [[-0.24219]]

  [[-0.23828]]

  [[-0.14062]]

  [[-0.07031]]

  [[ 0.16406]]

  [[ 0.29688]]

  [[ 0.0625 ]]

  [[-0.30469]]

  [[ 0.14453]]

  [[-0.25391]]

  [[ 0.25781]]

  [[ 0.04297]]

  [[-0.     ]]

  [[-0.23828]]

  [[-0.11719]]

  [[-0.05078]]

  [[ 0.07422]]

  [[-0.08594]]

  [[-0.01172]]

  [[-0.32422]]

  [[ 0.11719]]

  [[-0.11719]]

  [[ 0.10938]]

  [[ 0.17969]]

  [[ 0.03125]]

  [[ 0.17578]]

  [[-0.05859]]

  [[-0.15234]]

  [[ 0.03516]]

  [[ 0.17188]]

  [[ 0.125  ]]

  [[-0.25391]]

  [[-0.28906]]

  [[-0.32422]]

  [[ 0.10938]]

  [[ 0.34766]]]


 [[[-0.13672]]

  [[-0.13281]]

  [[ 0.20703]]

  [[ 0.02344]]

  [[-0.07422]]

  [[-0.12109]]

  [[-0.10156]]

  [[-0.22656]]

  [[ 0.00781]]

  [[ 0.     ]]

  [[-0.     ]]

  [[ 0.05078]]

  [[ 0.1875 ]]

  [[-0.01953]]

  [[ 0.01562]]

  [[-0.19922]]

  [[-0.06641]]

  [[-0.00391]]

  [[-0.00391]]

  [[ 0.125  ]]

  [[-0.16406]]

  [[-0.08594]]

  [[ 0.03516]]

  [[-0.01562]]

  [[-0.05469]]

  [[-0.15625]]

  [[-0.01953]]

  [[ 0.08594]]

  [[-0.05078]]

  [[-0.01172]]

  [[-0.17188]]

  [[-0.02734]]

  [[-0.03906]]

  [[-0.24609]]

  [[ 0.01172]]

  [[ 0.25391]]

  [[ 0.11328]]

  [[-0.0625 ]]

  [[-0.08984]]

  [[ 0.10156]]

  [[-0.07422]]

  [[-0.04297]]

  [[ 0.04297]]

  [[-0.22266]]

  [[ 0.03516]]

  [[-0.18359]]

  [[ 0.28906]]

  [[ 0.15625]]

  [[-0.09766]]

  [[-0.04297]]

  [[-0.05078]]

  [[-0.12891]]

  [[ 0.08594]]

  [[ 0.10156]]

  [[-0.08594]]

  [[ 0.17578]]

  [[ 0.04297]]

  [[-0.04297]]

  [[ 0.10938]]

  [[-0.07031]]

  [[ 0.     ]]

  [[ 0.04688]]

  [[-0.02344]]

  [[ 0.01562]]]


 [[[-0.09375]]

  [[-0.22656]]

  [[-0.08984]]

  [[ 0.20703]]

  [[-0.16797]]

  [[-0.12891]]

  [[-0.08984]]

  [[-0.04297]]

  [[-0.15234]]

  [[ 0.     ]]

  [[-0.05469]]

  [[ 0.02344]]

  [[ 0.44141]]

  [[-0.15625]]

  [[-0.05078]]

  [[-0.19531]]

  [[-0.19531]]

  [[-0.29297]]

  [[-0.10938]]

  [[ 0.17188]]

  [[-0.10547]]

  [[-0.10547]]

  [[ 0.04688]]

  [[ 0.01953]]

  [[ 0.08984]]

  [[-0.01172]]

  [[-0.01172]]

  [[ 0.01562]]

  [[ 0.08203]]

  [[ 0.02734]]

  [[ 0.04297]]

  [[-0.17188]]

  [[ 0.01172]]

  [[ 0.20312]]

  [[ 0.11328]]

  [[-0.13672]]

  [[ 0.25391]]

  [[-0.22656]]

  [[ 0.32031]]

  [[ 0.06641]]

  [[-0.04297]]

  [[-0.01953]]

  [[ 0.03906]]

  [[-0.26953]]

  [[-0.02344]]

  [[ 0.05859]]

  [[-0.15234]]

  [[-0.07031]]

  [[ 0.42578]]

  [[-0.14062]]

  [[-0.03516]]

  [[ 0.13672]]

  [[ 0.01953]]

  [[-0.21875]]

  [[-0.05859]]

  [[-0.09375]]

  [[-0.10938]]

  [[-0.14453]]

  [[ 0.12891]]

  [[ 0.05469]]

  [[-0.0625 ]]

  [[ 0.16797]]

  [[-0.12891]]

  [[ 0.04688]]]]...
--------------------------------------------------------------------------------
[Bias] Layer: encoder5.block.0.5 (QuantConv2d)
  Shape: (16,)
  Bit Width: 16.0
  Signed: True
  Scale: 0.0001220703125
  Sample Bias: [ 0.70764 -0.05444  0.44519  0.15649 -0.09998  0.13953  0.74744  0.18835
  0.21899  0.1886 ]...
################################################################################

