################################################################################
[Weight] Layer: encoder5.block.1.0.fn.0 (QuantConv2d)
  Shape: (16, 1, 9, 9)
  Bit Width: 8.0
  Signed: True
  Scale: 0.0078125
  Sample Weights: [[[[ 0.07031  0.03906 -0.00781 -0.02344  0.00781  0.      -0.01562
    -0.05469 -0.05469]
   [ 0.04688 -0.03125 -0.04688 -0.07031 -0.01562 -0.00781 -0.01562
    -0.00781 -0.00781]
   [ 0.07812 -0.00781 -0.07031 -0.08594 -0.07812 -0.03906 -0.01562
     0.       0.01562]
   [ 0.10156  0.04688 -0.00781 -0.05469 -0.07031 -0.05469 -0.02344
    -0.02344 -0.01562]
   [ 0.10156  0.08594  0.05469 -0.00781 -0.01562 -0.02344 -0.00781
    -0.03125 -0.03906]
   [ 0.09375  0.07812  0.07031  0.07812  0.04688  0.03906  0.00781
    -0.03125 -0.05469]
   [ 0.0625   0.09375  0.125    0.11719  0.08594  0.04688 -0.
    -0.04688 -0.04688]
   [ 0.05469  0.07812  0.07812  0.05469  0.01562  0.      -0.00781
    -0.03906 -0.01562]
   [ 0.07031  0.03906  0.05469  0.02344 -0.00781  0.01562 -0.00781
     0.01562  0.04688]]]


 [[[ 0.0625   0.07812  0.15625  0.17969  0.15625  0.      -0.0625
     0.03125  0.10938]
   [ 0.04688  0.09375  0.10156  0.05469  0.05469 -0.10938 -0.10938
     0.03125  0.15625]
   [-0.09375 -0.07031 -0.07031 -0.07812 -0.10938 -0.17969 -0.10938
     0.0625   0.10156]
   [-0.1875  -0.15625 -0.13281 -0.11719 -0.125   -0.10938 -0.03125
     0.02344  0.07812]
   [-0.20312 -0.11719 -0.19531 -0.17969 -0.17188 -0.03125  0.08594
     0.10938  0.08594]
   [-0.14062 -0.10156 -0.19531 -0.13281 -0.125    0.03906  0.17188
     0.11719  0.03125]
   [-0.07812  0.01562 -0.03906  0.02344  0.05469  0.15625  0.22656
     0.125   -0.00781]
   [-0.04688  0.04688  0.03906  0.17969  0.21875  0.23438  0.26562
     0.11719  0.04688]
   [-0.07031  0.04688  0.04688  0.16406  0.21875  0.20312  0.14062
     0.07031  0.05469]]]


 [[[ 0.14062  0.09375 -0.01562 -0.03906 -0.01562 -0.03125 -0.08594
    -0.10938 -0.11719]
   [ 0.03906 -0.01562 -0.07031 -0.07031 -0.00781  0.01562 -0.03125
    -0.05469 -0.0625 ]
   [ 0.10156  0.03125 -0.09375 -0.04688 -0.02344 -0.00781 -0.01562
    -0.05469  0.00781]
   [ 0.1875   0.10156 -0.09375 -0.13281 -0.05469 -0.03125 -0.07031
     0.01562  0.03125]
   [ 0.21875  0.1875  -0.02344 -0.125   -0.125   -0.05469 -0.03906
     0.03906  0.03906]
   [ 0.19531  0.15625 -0.02344 -0.09375 -0.07031 -0.04688 -0.0625
     0.00781  0.01562]
   [ 0.10156  0.07812 -0.00781 -0.10156 -0.05469 -0.03906 -0.0625
    -0.00781  0.01562]
   [ 0.07031  0.00781 -0.02344 -0.09375 -0.04688 -0.02344 -0.07031
    -0.02344 -0.03125]
   [ 0.08594  0.03906 -0.02344 -0.0625  -0.00781  0.0625  -0.01562
    -0.0625  -0.0625 ]]]


 [[[ 0.21094  0.19531  0.13281  0.22656  0.23438  0.26562  0.1875
     0.14844  0.09375]
   [ 0.14844  0.07031  0.07812  0.05469  0.07812 -0.04688 -0.04688
    -0.03906  0.03125]
   [ 0.14062  0.09375  0.07031 -0.      -0.07812 -0.03906  0.01562
     0.       0.01562]
   [ 0.07812  0.08594  0.07031 -0.07031 -0.05469  0.0625   0.05469
     0.01562  0.04688]
   [-0.09375  0.01562  0.07031 -0.00781 -0.01562 -0.08594 -0.04688
     0.00781  0.03906]
   [-0.17969 -0.09375 -0.04688 -0.0625  -0.17969 -0.21875 -0.125
     0.      -0.00781]
   [-0.10156 -0.09375 -0.13281 -0.19531 -0.25    -0.23438 -0.15625
    -0.03125 -0.0625 ]
   [-0.07031 -0.14062 -0.20312 -0.21875 -0.11719 -0.21875 -0.19531
    -0.14062 -0.07812]
   [-0.14062 -0.17188 -0.16406 -0.09375 -0.07812 -0.32031 -0.39844
    -0.35156 -0.21094]]]


 [[[-0.15625 -0.07031 -0.09375 -0.10938 -0.01562 -0.0625  -0.08594
     0.01562  0.11719]
   [-0.125   -0.08594 -0.10938 -0.05469  0.08594  0.01562  0.01562
     0.03125  0.11719]
   [-0.14062 -0.125   -0.125   -0.04688  0.10156  0.09375  0.05469
     0.05469  0.15625]
   [-0.09375 -0.11719 -0.15625  0.00781  0.04688  0.0625   0.08594
     0.07812  0.23438]
   [-0.10156 -0.11719 -0.14844  0.01562  0.05469  0.03906  0.05469
     0.02344  0.13281]
   [-0.11719 -0.17188 -0.16406  0.       0.07031  0.0625   0.08594
    -0.02344  0.07812]
   [-0.07812 -0.07812 -0.125    0.03906  0.07812  0.11719  0.15625
    -0.02344 -0.03906]
   [-0.08594 -0.03906 -0.05469  0.09375  0.10938  0.13281  0.11719
    -0.03125 -0.03125]
   [-0.       0.00781  0.02344  0.11719  0.14844  0.14062  0.08594
     0.       0.03125]]]


 [[[ 0.05469  0.03906  0.05469 -0.      -0.11719 -0.14062 -0.15625
    -0.11719 -0.125  ]
   [ 0.       0.02344  0.03125  0.02344 -0.10938 -0.11719 -0.0625
    -0.03906 -0.13281]
   [ 0.08594  0.05469  0.01562 -0.02344 -0.0625  -0.09375 -0.0625
    -0.08594 -0.125  ]
   [ 0.10156  0.08594  0.0625  -0.03906 -0.15625 -0.16406 -0.10938
    -0.11719 -0.17188]
   [ 0.10938  0.07812  0.07812  0.07031 -0.08594 -0.17969 -0.125
    -0.10938 -0.15625]
   [ 0.0625   0.03906  0.02344  0.00781  0.02344  0.04688 -0.00781
    -0.      -0.04688]
   [ 0.05469  0.04688  0.03906 -0.07031 -0.05469 -0.01562  0.03125
     0.02344  0.0625 ]
   [ 0.03125  0.07812  0.10938 -0.01562 -0.00781 -0.02344 -0.
    -0.04688 -0.     ]
   [-0.04688  0.04688  0.09375  0.04688  0.07812  0.05469  0.02344
    -0.01562 -0.05469]]]


 [[[-0.39844 -0.33594 -0.35156 -0.27344 -0.23438 -0.21875 -0.21875
    -0.16406 -0.41406]
   [-0.19531 -0.08594 -0.0625  -0.05469 -0.03906 -0.04688  0.08594
     0.10156 -0.11719]
   [ 0.07031  0.03125  0.07812  0.03906 -0.10938 -0.03906  0.00781
     0.03906 -0.10156]
   [ 0.07031  0.125    0.11719  0.10156 -0.      -0.03125  0.03906
     0.04688  0.05469]
   [ 0.15625  0.13281  0.11719  0.10156  0.05469  0.02344  0.01562
     0.10156  0.07031]
   [ 0.11719  0.00781  0.0625   0.03906 -0.03906 -0.10156  0.08594
     0.125    0.08594]
   [-0.02344  0.03125 -0.00781 -0.0625  -0.10938 -0.15625 -0.05469
     0.05469 -0.01562]
   [-0.14062 -0.07031 -0.05469 -0.01562 -0.0625  -0.17188 -0.20312
    -0.05469 -0.08594]
   [-0.28125 -0.21875 -0.15625 -0.10938 -0.14844 -0.25    -0.3125
    -0.23438 -0.22656]]]


 [[[-0.01562  0.0625   0.15625  0.17969  0.04688 -0.125   -0.28125
    -0.20312 -0.09375]
   [-0.05469 -0.01562  0.02344  0.11719  0.05469 -0.04688 -0.20312
    -0.15625 -0.07812]
   [-0.07812 -0.04688  0.01562  0.0625   0.05469  0.01562 -0.09375
    -0.14844 -0.17188]
   [-0.07031 -0.05469 -0.       0.10156  0.05469  0.01562 -0.01562
    -0.14844 -0.24219]
   [ 0.01562 -0.01562 -0.01562  0.07812  0.02344 -0.00781 -0.04688
    -0.13281 -0.21094]
   [-0.03906 -0.0625  -0.04688  0.03125 -0.      -0.0625  -0.09375
    -0.17188 -0.125  ]
   [ 0.      -0.03906 -0.02344 -0.03125 -0.01562 -0.07812 -0.10156
    -0.17188 -0.07031]
   [-0.       0.02344  0.03125  0.00781  0.05469 -0.03125 -0.07812
    -0.14062 -0.0625 ]
   [ 0.02344  0.14844  0.13281  0.10938  0.10938  0.02344 -0.14844
    -0.15625 -0.08594]]]


 [[[-0.03906  0.09375  0.15625  0.13281  0.10156 -0.05469 -0.15625
    -0.23438 -0.3125 ]
   [-0.07812  0.03125  0.09375  0.13281  0.10938 -0.      -0.13281
    -0.16406 -0.3125 ]
   [-0.13281 -0.07031  0.00781  0.10938  0.09375  0.      -0.04688
    -0.03906 -0.23438]
   [-0.13281 -0.09375 -0.05469  0.08594  0.01562 -0.00781 -0.03125
    -0.07031 -0.16406]
   [ 0.00781 -0.05469 -0.13281  0.00781  0.05469  0.09375  0.08594
     0.04688  0.00781]
   [ 0.0625   0.03906  0.00781  0.03906  0.10156  0.16406  0.25
     0.16406  0.21875]
   [ 0.04688  0.01562  0.       0.03125  0.16406  0.17188  0.15625
     0.125    0.17188]
   [ 0.02344 -0.07031  0.00781  0.03906  0.10938 -0.01562 -0.00781
    -0.02344 -0.04688]
   [-0.14062 -0.07812 -0.02344  0.09375  0.1875   0.14062  0.07812
    -0.01562 -0.14844]]]


 [[[ 0.04688  0.10156  0.03125 -0.07031 -0.17969 -0.28125 -0.17969
    -0.05469  0.03125]
   [ 0.05469  0.08594  0.07031 -0.04688 -0.08594 -0.17188 -0.14844
    -0.10156 -0.00781]
   [ 0.03125  0.14844  0.07812  0.04688  0.02344 -0.04688 -0.04688
    -0.01562 -0.     ]
   [ 0.03125  0.11719  0.05469 -0.01562 -0.00781 -0.02344  0.00781
     0.04688  0.07031]
   [ 0.02344  0.03906 -0.      -0.00781 -0.04688 -0.00781  0.02344
     0.05469  0.10156]
   [ 0.08594  0.00781 -0.00781 -0.03125 -0.02344 -0.05469 -0.10156
    -0.03125  0.03125]
   [ 0.08594  0.02344 -0.00781 -0.00781 -0.03906 -0.10938 -0.17969
    -0.13281 -0.09375]
   [ 0.13281  0.05469  0.02344 -0.03906 -0.10156 -0.14844 -0.15625
    -0.07812 -0.01562]
   [ 0.27344  0.27344  0.19531  0.04688 -0.0625  -0.11719 -0.09375
    -0.04688  0.00781]]]]...
--------------------------------------------------------------------------------
[Bias] Layer: encoder5.block.1.0.fn.0 (QuantConv2d)
  Shape: (16,)
  Bit Width: 16.0
  Signed: True
  Scale: 0.000244140625
  Sample Bias: [-0.10083  0.0249   0.08936  0.56152 -0.0166   0.36304  0.89478  0.896
 -0.1731   0.29199]...
################################################################################

