################################################################################
[Weight] Layer: encoder5.block.1.1.fn.0 (QuantConv2d)
  Shape: (16, 1, 9, 9)
  Bit Width: 8.0
  Signed: True
  Scale: 0.00390625
  Sample Weights: [[[[ 0.03125  0.00781 -0.02344 -0.02734 -0.04297 -0.03516 -0.03516
     0.       0.01953]
   [ 0.04297  0.01562 -0.02734 -0.04688 -0.04688 -0.02734 -0.00391
     0.01953  0.03906]
   [ 0.0625   0.01562 -0.03906 -0.06641 -0.07031 -0.03516 -0.
     0.03125  0.04297]
   [ 0.07422  0.01953 -0.02734 -0.07031 -0.07422 -0.02734  0.00391
     0.02344  0.04297]
   [ 0.04688  0.01172 -0.00391 -0.04688 -0.05859 -0.02734  0.00391
     0.02344  0.02344]
   [ 0.03516  0.00781  0.01953 -0.      -0.03516 -0.00781  0.02344
     0.01953  0.01953]
   [ 0.       0.01172  0.04688  0.05469  0.01953  0.03516  0.03516
     0.02734  0.01562]
   [ 0.01562  0.03125  0.06641  0.08203  0.06641  0.06641  0.04297
     0.01953  0.02734]
   [ 0.02344  0.03125  0.06641  0.09766  0.09766  0.08594  0.04688
     0.03516  0.04688]]]


 [[[-0.      -0.00391 -0.      -0.00391 -0.       0.00391  0.00781
     0.00391  0.     ]
   [-0.00391 -0.00391 -0.00391 -0.00391 -0.00391  0.       0.00391
     0.00391 -0.     ]
   [-0.00391 -0.00391 -0.00391 -0.00391 -0.00391  0.       0.00391
     0.      -0.00391]
   [-0.      -0.00391 -0.00391 -0.       0.       0.00391  0.00391
    -0.00391 -0.00781]
   [-0.      -0.      -0.      -0.      -0.      -0.      -0.00391
    -0.00781 -0.00781]
   [ 0.       0.       0.       0.      -0.      -0.00391 -0.00391
    -0.00391 -0.00391]
   [ 0.       0.       0.       0.      -0.      -0.      -0.
    -0.00391 -0.00391]
   [ 0.      -0.       0.       0.      -0.      -0.       0.
    -0.      -0.     ]
   [-0.      -0.00391 -0.00391 -0.00391 -0.00391 -0.       0.
    -0.      -0.     ]]]


 [[[ 0.10938  0.10938  0.09766 -0.      -0.07031 -0.03906 -0.05078
    -0.05469 -0.05859]
   [ 0.05859  0.07812  0.08203 -0.01172 -0.03906 -0.01562 -0.04297
    -0.05078 -0.08203]
   [ 0.07422  0.05469  0.07422  0.01562 -0.04297 -0.03516 -0.01953
    -0.04688 -0.06641]
   [ 0.09375  0.14453  0.13281 -0.02734 -0.10156 -0.01953 -0.03125
    -0.02344 -0.05078]
   [ 0.10547  0.14453  0.09766 -0.05469 -0.16016 -0.01953 -0.01953
    -0.01562 -0.03906]
   [ 0.08984  0.04688  0.03516 -0.06641 -0.14453  0.00781 -0.
     0.01562  0.00391]
   [ 0.04688  0.00391  0.01953 -0.06641 -0.06641 -0.01172 -0.02344
     0.01953  0.02734]
   [ 0.05469  0.01562  0.01172 -0.03125 -0.06641 -0.04297 -0.07422
    -0.03516 -0.00391]
   [ 0.11719  0.07031  0.02734 -0.00391 -0.05078 -0.07422 -0.11328
    -0.08594 -0.07812]]]


 [[[-0.16016 -0.12109 -0.07812 -0.03516 -0.      -0.01953 -0.01953
    -0.03906 -0.06641]
   [-0.10547 -0.06641 -0.03906 -0.01953  0.01562  0.01172  0.00391
    -0.03906 -0.03906]
   [-0.10547 -0.02344 -0.01953 -0.02344  0.00391  0.01562 -0.01172
    -0.06641 -0.05078]
   [-0.10547 -0.05859 -0.02734 -0.04688 -0.03906 -0.07031 -0.04297
    -0.04688 -0.04688]
   [-0.12109 -0.08203 -0.03516 -0.06641 -0.10156 -0.11328 -0.04688
    -0.01172 -0.00391]
   [-0.12891 -0.07031 -0.00781 -0.05078 -0.09766 -0.09375 -0.00781
     0.00781  0.00781]
   [-0.10938 -0.05078 -0.01953 -0.03125 -0.0625  -0.07031 -0.00391
     0.01172  0.02734]
   [-0.01953 -0.03906  0.00781 -0.01562 -0.01172 -0.01172 -0.
     0.04297  0.03906]
   [-0.02734 -0.03516 -0.00391 -0.00781 -0.02344 -0.0625  -0.09766
    -0.05469 -0.07812]]]


 [[[-0.10156 -0.05469 -0.05469 -0.04688 -0.00391  0.01562  0.00781
     0.07422  0.11719]
   [-0.125   -0.07812 -0.0625  -0.03516  0.01172  0.01953  0.01172
     0.04297  0.08594]
   [-0.11328 -0.10938 -0.09766 -0.03125  0.01172  0.03516  0.00391
     0.03125  0.06641]
   [-0.08203 -0.08984 -0.08594 -0.02344 -0.01562 -0.00391  0.01953
     0.05859  0.04688]
   [-0.05859 -0.05859 -0.07422 -0.01953 -0.07031 -0.06641 -0.01562
     0.01172  0.03125]
   [-0.03516 -0.04297 -0.04297  0.01172 -0.04297 -0.04688  0.01562
     0.04297  0.03516]
   [ 0.02344  0.01562 -0.       0.0625   0.01172  0.00391  0.08594
     0.10938  0.07031]
   [ 0.08594  0.06641  0.04297  0.08203  0.03516  0.04297  0.11328
     0.12891  0.09766]
   [ 0.10547  0.07422  0.0625   0.08984  0.05859  0.09766  0.13281
     0.13281  0.14844]]]


 [[[ 0.05469  0.15234  0.14062  0.07812  0.07422  0.04688 -0.01172
    -0.03125 -0.01172]
   [-0.05469  0.04688  0.0625   0.0625   0.04297 -0.       0.00391
    -0.03125 -0.07422]
   [ 0.02344  0.01953  0.03125  0.05859  0.03125 -0.02344 -0.04297
    -0.03516 -0.07422]
   [ 0.09375  0.11719  0.09375  0.03125  0.00391 -0.08984 -0.10156
    -0.03906 -0.07422]
   [ 0.08203  0.09766  0.05859  0.      -0.01172 -0.07422 -0.07812
    -0.03906 -0.01953]
   [-0.07422 -0.02734 -0.00781  0.01172  0.05078  0.11328  0.06641
     0.02734  0.01562]
   [-0.1875  -0.12891 -0.05859 -0.02734  0.05078  0.12891  0.07031
     0.10938  0.09375]
   [-0.17188 -0.10156 -0.04297 -0.01562  0.07031  0.13281  0.03516
     0.06641  0.10156]
   [-0.16016 -0.10938 -0.01953 -0.01172  0.07422  0.14453  0.06641
     0.05078  0.09766]]]


 [[[ 0.01953  0.05469  0.06641  0.04688  0.03906 -0.00781 -0.01172
    -0.03516 -0.08203]
   [-0.01172  0.04297  0.05469  0.0625   0.01172 -0.0625  -0.0625
    -0.06641 -0.09766]
   [-0.05859 -0.01953  0.       0.05859  0.03516 -0.04688 -0.05078
    -0.08203 -0.10938]
   [-0.09375 -0.06641 -0.05469 -0.00391  0.00391 -0.04297 -0.01953
    -0.05078 -0.09766]
   [-0.01953 -0.01172 -0.01953 -0.01562 -0.02734 -0.05859 -0.01562
    -0.05078 -0.07422]
   [ 0.07422  0.07422  0.05078  0.03125  0.02734  0.       0.03125
    -0.       0.02734]
   [ 0.09766  0.06641  0.09375  0.11328  0.10938  0.06641  0.08203
     0.05078  0.05469]
   [ 0.03125  0.       0.01172  0.06641  0.07422  0.03125  0.03516
    -0.00781 -0.02344]
   [ 0.03125  0.01172  0.02734  0.0625   0.0625   0.03125  0.03906
    -0.03125 -0.0625 ]]]


 [[[-0.11328 -0.07422  0.00391  0.06641  0.08203  0.05078  0.03516
    -0.03906 -0.04688]
   [-0.10156 -0.09766 -0.02344  0.04297  0.05078  0.01953  0.03125
    -0.01562 -0.04297]
   [-0.09766 -0.10938 -0.05078  0.02344  0.04297  0.01953  0.05469
    -0.01562 -0.03516]
   [-0.07422 -0.09766 -0.07812  0.00391  0.00391  0.01172  0.03516
     0.03125  0.00781]
   [-0.04297 -0.05859 -0.07422 -0.04688 -0.03516 -0.02734  0.03516
     0.05469  0.04297]
   [-0.04688 -0.06641 -0.10938 -0.07812 -0.05078 -0.03125  0.0625
     0.04297  0.05078]
   [-0.02734 -0.05078 -0.08984 -0.04688 -0.00391  0.01172  0.07812
     0.05859  0.02344]
   [-0.04688 -0.05078 -0.07422 -0.02734  0.03125  0.03516  0.05859
     0.03516  0.03516]
   [-0.08594 -0.08203 -0.06641  0.01172  0.07422  0.06641  0.07422
     0.07031  0.03125]]]


 [[[-0.05859 -0.01562  0.       0.03125  0.04688  0.01172  0.00781
     0.02344  0.00391]
   [-0.04297  0.00781 -0.02734 -0.01953  0.00391  0.02344  0.02344
     0.03516  0.02734]
   [ 0.00391  0.02734  0.      -0.03906  0.       0.05469  0.08984
     0.07031  0.0625 ]
   [ 0.00781  0.00781 -0.01562 -0.07031 -0.04688  0.05859  0.11719
     0.07422  0.08984]
   [-0.07422 -0.05859 -0.07422 -0.10938 -0.10547  0.01953  0.10156
     0.03516  0.05078]
   [-0.10938 -0.0625  -0.06641 -0.10156 -0.11328 -0.00781  0.05859
     0.00391 -0.00781]
   [-0.10547 -0.02734 -0.05859 -0.08594 -0.0625  -0.03516  0.01953
    -0.04688 -0.09375]
   [-0.10547 -0.      -0.01953 -0.05078 -0.02734 -0.02734 -0.
    -0.08984 -0.18359]
   [-0.15234 -0.05469 -0.05078 -0.04297  0.00781 -0.02734 -0.03516
    -0.12109 -0.21094]]]


 [[[ 0.1875   0.13672  0.04688  0.03125  0.03906  0.03516  0.04297
     0.03516  0.04297]
   [ 0.08984  0.05078 -0.02734 -0.02344 -0.01953  0.00781  0.01562
    -0.03125 -0.04297]
   [ 0.05469  0.05078 -0.03125 -0.06641 -0.08203 -0.06641 -0.04297
    -0.05859 -0.09766]
   [ 0.11719  0.14453  0.0625  -0.05078 -0.09375 -0.07812 -0.07422
    -0.05469 -0.10156]
   [ 0.13672  0.14062  0.09375 -0.00391 -0.10156 -0.0625  -0.06641
    -0.05078 -0.06641]
   [ 0.17969  0.14844  0.12109  0.03906 -0.05469 -0.01172 -0.05078
     0.      -0.01172]
   [ 0.02344  0.05859  0.0625   0.05859 -0.01562 -0.01562 -0.04688
     0.00391  0.     ]
   [-0.09766 -0.03906  0.02734  0.09766  0.03125  0.00391 -0.02344
     0.01172  0.     ]
   [-0.11328 -0.05469  0.03125  0.10938  0.08984  0.07031  0.03906
    -0.02344 -0.04688]]]]...
--------------------------------------------------------------------------------
[Bias] Layer: encoder5.block.1.1.fn.0 (QuantConv2d)
  Shape: (16,)
  Bit Width: 16.0
  Signed: True
  Scale: 0.0001220703125
  Sample Bias: [-0.14124 -0.05908  0.60413  1.36023  0.00195 -0.28967 -0.44019  0.24707
  0.50317 -0.14612]...
################################################################################

