################################################################################
[Weight] Layer: encoder5.block.1.2 (QuantConv2d)
  Shape: (64, 16, 1, 1)
  Bit Width: 8.0
  Signed: True
  Scale: 0.00390625
  Sample Weights: [[[[-0.28906]]

  [[ 0.12891]]

  [[-0.3125 ]]

  [[ 0.07812]]

  [[ 0.17969]]

  [[ 0.01172]]

  [[-0.04297]]

  [[-0.20312]]

  [[ 0.09375]]

  [[ 0.10547]]

  [[-0.14844]]

  [[-0.18359]]

  [[ 0.     ]]

  [[-0.15234]]

  [[ 0.13281]]

  [[-0.15234]]]


 [[[ 0.00781]]

  [[-0.0625 ]]

  [[ 0.05469]]

  [[-0.0625 ]]

  [[-0.0625 ]]

  [[-0.01953]]

  [[-0.07812]]

  [[-0.08594]]

  [[-0.07422]]

  [[-0.11328]]

  [[ 0.02734]]

  [[ 0.08984]]

  [[ 0.04297]]

  [[-0.0625 ]]

  [[-0.10547]]

  [[-0.00391]]]


 [[[ 0.     ]]

  [[ 0.     ]]

  [[-0.     ]]

  [[-0.     ]]

  [[ 0.     ]]

  [[ 0.     ]]

  [[-0.     ]]

  [[ 0.     ]]

  [[ 0.     ]]

  [[ 0.     ]]

  [[-0.     ]]

  [[ 0.     ]]

  [[ 0.     ]]

  [[ 0.     ]]

  [[ 0.     ]]

  [[ 0.     ]]]


 [[[ 0.     ]]

  [[-0.     ]]

  [[ 0.     ]]

  [[-0.     ]]

  [[-0.     ]]

  [[-0.     ]]

  [[-0.     ]]

  [[ 0.     ]]

  [[ 0.     ]]

  [[-0.     ]]

  [[-0.     ]]

  [[-0.     ]]

  [[ 0.     ]]

  [[ 0.     ]]

  [[ 0.     ]]

  [[ 0.     ]]]


 [[[ 0.05469]]

  [[-0.03125]]

  [[-0.16797]]

  [[ 0.07031]]

  [[ 0.14062]]

  [[ 0.12109]]

  [[ 0.12891]]

  [[-0.13281]]

  [[ 0.07031]]

  [[ 0.03906]]

  [[-0.13672]]

  [[-0.17188]]

  [[-0.02344]]

  [[ 0.05078]]

  [[-0.18359]]

  [[-0.18359]]]


 [[[-0.     ]]

  [[-0.     ]]

  [[ 0.     ]]

  [[ 0.     ]]

  [[ 0.     ]]

  [[-0.     ]]

  [[ 0.     ]]

  [[-0.     ]]

  [[-0.     ]]

  [[-0.     ]]

  [[ 0.     ]]

  [[ 0.     ]]

  [[-0.     ]]

  [[-0.     ]]

  [[-0.     ]]

  [[ 0.     ]]]


 [[[ 0.     ]]

  [[ 0.     ]]

  [[ 0.     ]]

  [[ 0.     ]]

  [[ 0.     ]]

  [[ 0.     ]]

  [[ 0.     ]]

  [[ 0.     ]]

  [[ 0.     ]]

  [[ 0.     ]]

  [[ 0.     ]]

  [[ 0.     ]]

  [[ 0.     ]]

  [[ 0.     ]]

  [[ 0.     ]]

  [[ 0.     ]]]


 [[[ 0.10156]]

  [[ 0.02344]]

  [[-0.01953]]

  [[-0.00781]]

  [[-0.0625 ]]

  [[ 0.0625 ]]

  [[-0.02734]]

  [[-0.05078]]

  [[ 0.04688]]

  [[ 0.03516]]

  [[-0.03125]]

  [[-0.08984]]

  [[ 0.     ]]

  [[ 0.01953]]

  [[-0.04297]]

  [[-0.01172]]]


 [[[ 0.20703]]

  [[-0.07422]]

  [[ 0.01172]]

  [[ 0.04297]]

  [[-0.18359]]

  [[-0.13672]]

  [[-0.12109]]

  [[-0.04297]]

  [[ 0.09375]]

  [[ 0.04688]]

  [[ 0.08203]]

  [[-0.10156]]

  [[-0.04297]]

  [[-0.07812]]

  [[ 0.21094]]

  [[-0.02734]]]


 [[[-0.     ]]

  [[-0.     ]]

  [[-0.     ]]

  [[-0.     ]]

  [[-0.     ]]

  [[-0.     ]]

  [[-0.     ]]

  [[-0.     ]]

  [[-0.     ]]

  [[-0.     ]]

  [[-0.     ]]

  [[-0.     ]]

  [[-0.     ]]

  [[-0.     ]]

  [[-0.     ]]

  [[-0.     ]]]]...
--------------------------------------------------------------------------------
[Bias] Layer: encoder5.block.1.2 (QuantConv2d)
  Shape: (64,)
  Bit Width: 16.0
  Signed: True
  Scale: 0.0001220703125
  Sample Bias: [ 6.68579e-01  2.02271e-01 -0.00000e+00  0.00000e+00  2.30225e-01
  0.00000e+00 -0.00000e+00 -7.40967e-02  7.88574e-02 -1.22070e-04]...
################################################################################

