################################################################################
[Weight] Layer: Up5.up.1 (QuantConv2d)
  Shape: (16, 24, 3, 3)
  Bit Width: 8.0
  Signed: True
  Scale: 0.00390625
  Sample Weights: [[[[ 0.      -0.      -0.     ]
   [ 0.      -0.      -0.     ]
   [-0.      -0.      -0.     ]]

  [[-0.03906 -0.02734 -0.04297]
   [-0.02734 -0.00391 -0.02734]
   [-0.04297 -0.02344 -0.04688]]

  [[ 0.       0.       0.     ]
   [ 0.       0.00391  0.00391]
   [ 0.00391  0.00391  0.00391]]

  ...

  [[-0.00781 -0.01953 -0.09766]
   [-0.07812 -0.07812 -0.14844]
   [-0.21094 -0.20312 -0.24609]]

  [[ 0.       0.      -0.     ]
   [ 0.       0.       0.     ]
   [ 0.       0.       0.     ]]

  [[-0.21484 -0.14453 -0.10938]
   [-0.13672 -0.0625  -0.05469]
   [-0.11719 -0.05469 -0.04297]]]


 [[[-0.      -0.       0.     ]
   [ 0.      -0.      -0.     ]
   [ 0.       0.       0.     ]]

  [[-0.01172 -0.02734 -0.02734]
   [-0.00391 -0.       0.00391]
   [ 0.03125  0.01953  0.03125]]

  [[ 0.00391  0.00391  0.00391]
   [ 0.       0.       0.00391]
   [-0.       0.       0.     ]]

  ...

  [[-0.00781  0.00391  0.01953]
   [ 0.11719  0.08594  0.05859]
   [ 0.16016  0.09375  0.03125]]

  [[ 0.       0.       0.     ]
   [ 0.       0.       0.     ]
   [ 0.       0.       0.     ]]

  [[ 0.      -0.03516 -0.04688]
   [-0.00391 -0.03125 -0.02344]
   [ 0.03906  0.01562  0.01953]]]


 [[[-0.      -0.      -0.     ]
   [ 0.       0.      -0.     ]
   [ 0.      -0.       0.     ]]

  [[-0.05859 -0.05078 -0.03516]
   [-0.03906 -0.03125 -0.02734]
   [-0.01562 -0.00391  0.     ]]

  [[-0.00391 -0.00391 -0.00391]
   [-0.00391 -0.00391 -0.00391]
   [-0.      -0.00391 -0.00391]]

  ...

  [[ 0.03516 -0.01172 -0.03516]
   [ 0.03516 -0.01172 -0.02344]
   [ 0.11328  0.08203  0.0625 ]]

  [[ 0.       0.       0.     ]
   [-0.      -0.       0.     ]
   [-0.      -0.       0.     ]]

  [[-0.00391 -0.08594 -0.12109]
   [-0.0625  -0.12109 -0.14844]
   [-0.08984 -0.14844 -0.16406]]]


 ...


 [[[ 0.       0.       0.     ]
   [ 0.      -0.      -0.     ]
   [ 0.      -0.      -0.     ]]

  [[-0.00781 -0.       0.00391]
   [-0.00781  0.       0.00781]
   [-0.01172 -0.       0.00781]]

  [[-0.      -0.      -0.     ]
   [ 0.       0.       0.     ]
   [ 0.       0.       0.     ]]

  ...

  [[ 0.00391  0.01953  0.00781]
   [-0.00781 -0.00391 -0.01953]
   [-0.03125 -0.03906 -0.04688]]

  [[ 0.       0.       0.     ]
   [-0.      -0.       0.     ]
   [-0.      -0.      -0.     ]]

  [[-0.02344  0.00391  0.01562]
   [-0.00391  0.02344  0.02734]
   [ 0.       0.03125  0.03906]]]


 [[[ 0.      -0.      -0.     ]
   [ 0.      -0.      -0.     ]
   [ 0.       0.       0.     ]]

  [[-0.00391 -0.00391 -0.00391]
   [-0.      -0.00391 -0.00391]
   [-0.      -0.00391 -0.00391]]

  [[-0.      -0.       0.     ]
   [ 0.       0.       0.     ]
   [ 0.      -0.      -0.     ]]

  ...

  [[-0.      -0.00391 -0.00391]
   [-0.00391 -0.00391 -0.00391]
   [-0.00391 -0.00391 -0.00391]]

  [[ 0.       0.      -0.     ]
   [-0.      -0.      -0.     ]
   [-0.      -0.       0.     ]]

  [[-0.00391 -0.00391 -0.00391]
   [-0.      -0.      -0.00391]
   [-0.      -0.      -0.00391]]]


 [[[ 0.       0.      -0.     ]
   [-0.      -0.       0.     ]
   [-0.      -0.      -0.     ]]

  [[-0.01172 -0.01562 -0.01562]
   [-0.01562 -0.02344 -0.02734]
   [-0.01953 -0.02734 -0.02734]]

  [[ 0.      -0.      -0.     ]
   [-0.      -0.      -0.     ]
   [-0.       0.       0.     ]]

  ...

  [[ 0.00391 -0.00391 -0.00781]
   [ 0.00781 -0.00391 -0.01172]
   [ 0.00781 -0.00391 -0.01562]]

  [[-0.      -0.      -0.     ]
   [-0.      -0.      -0.     ]
   [ 0.      -0.      -0.     ]]

  [[-0.00781 -0.01562 -0.01953]
   [-0.01172 -0.02344 -0.02734]
   [-0.01562 -0.02344 -0.03125]]]]...
--------------------------------------------------------------------------------
[Bias] Layer: Up5.up.1 (QuantConv2d)
  Shape: (16,)
  Bit Width: 16.0
  Signed: True
  Scale: 0.0001220703125
  Sample Bias: [ 0.47522 -0.14746  0.66895  0.01624  0.18567 -0.08228  0.0542   0.11462
 -0.01099 -0.03223]...
################################################################################

