################################################################################
[Weight] Layer: encoder1.block.0.2 (QuantConv2d)
  Shape: (32, 8, 1, 1)
  Bit Width: 8.0
  Signed: True
  Scale: 0.00390625
  Sample Weights: [[[[-0.05469]]

  [[-0.31641]]

  [[ 0.11328]]

  [[ 0.05078]]

  [[-0.12109]]

  [[ 0.12891]]

  [[-0.05078]]

  [[-0.35156]]]


 [[[-0.08984]]

  [[-0.23438]]

  [[ 0.02344]]

  [[ 0.14844]]

  [[-0.08984]]

  [[-0.00781]]

  [[ 0.01562]]

  [[ 0.48828]]]


 [[[ 0.01172]]

  [[ 0.26562]]

  [[ 0.29297]]

  [[-0.35156]]

  [[-0.08203]]

  [[-0.13281]]

  [[-0.05469]]

  [[ 0.49609]]]


 [[[ 0.     ]]

  [[-0.     ]]

  [[-0.     ]]

  [[-0.     ]]

  [[ 0.     ]]

  [[ 0.     ]]

  [[-0.     ]]

  [[-0.     ]]]


 [[[ 0.01953]]

  [[-0.27344]]

  [[ 0.00391]]

  [[-0.04688]]

  [[-0.08594]]

  [[ 0.04688]]

  [[-0.05469]]

  [[-0.12891]]]


 [[[ 0.08203]]

  [[-0.28125]]

  [[-0.00781]]

  [[-0.125  ]]

  [[-0.12109]]

  [[-0.05469]]

  [[ 0.08984]]

  [[-0.38281]]]


 [[[-0.45312]]

  [[ 0.07422]]

  [[-0.28125]]

  [[-0.32031]]

  [[ 0.16016]]

  [[-0.26562]]

  [[ 0.49609]]

  [[-0.01172]]]


 [[[ 0.02734]]

  [[-0.375  ]]

  [[ 0.05078]]

  [[ 0.26172]]

  [[-0.02734]]

  [[ 0.02344]]

  [[-0.14062]]

  [[-0.21094]]]


 [[[-0.01172]]

  [[-0.05859]]

  [[-0.01953]]

  [[ 0.13672]]

  [[ 0.03516]]

  [[ 0.     ]]

  [[-0.02734]]

  [[-0.16797]]]


 [[[ 0.09375]]

  [[ 0.42578]]

  [[ 0.05078]]

  [[ 0.19922]]

  [[-0.04297]]

  [[ 0.20312]]

  [[ 0.15625]]

  [[-0.34375]]]]...
--------------------------------------------------------------------------------
[Bias] Layer: encoder1.block.0.2 (QuantConv2d)
  Shape: (32,)
  Bit Width: 16.0
  Signed: True
  Scale: 0.00048828125
  Sample Bias: [ 1.04297 -0.11475 -1.19775  0.       0.7793   1.65576 -0.31787  1.17822
  0.5752  -0.49756]...
################################################################################

