################################################################################
[Weight] Layer: Up_conv5.conv.3 (QuantConv2d)
  Shape: (64, 16, 1, 1)
  Bit Width: 8.0
  Signed: True
  Scale: 0.0078125
  Sample Weights: [[[[ 0.     ]]

  [[ 0.     ]]

  [[ 0.     ]]

  [[ 0.     ]]

  [[ 0.     ]]

  [[ 0.     ]]

  [[ 0.     ]]

  [[ 0.     ]]

  [[ 0.     ]]

  [[ 0.     ]]

  [[ 0.     ]]

  [[ 0.     ]]

  [[ 0.     ]]

  [[ 0.     ]]

  [[ 0.     ]]

  [[ 0.     ]]]


 [[[-0.07031]]

  [[-0.00781]]

  [[ 0.14844]]

  [[-0.1875 ]]

  [[-0.45312]]

  [[ 0.10156]]

  [[-0.38281]]

  [[-0.07031]]

  [[ 0.01562]]

  [[ 0.23438]]

  [[ 0.14844]]

  [[ 0.26562]]

  [[-0.21094]]

  [[ 0.10938]]

  [[ 0.14844]]

  [[-0.10938]]]


 [[[-0.     ]]

  [[-0.     ]]

  [[-0.00781]]

  [[ 0.00781]]

  [[ 0.10156]]

  [[-0.     ]]

  [[-0.02344]]

  [[ 0.04688]]

  [[ 0.08594]]

  [[-0.00781]]

  [[-0.01562]]

  [[-0.02344]]

  [[ 0.0625 ]]

  [[ 0.     ]]

  [[ 0.     ]]

  [[-0.00781]]]


 [[[ 0.01562]]

  [[-0.     ]]

  [[-0.0625 ]]

  [[ 0.07031]]

  [[ 0.03125]]

  [[-0.04688]]

  [[ 0.01562]]

  [[ 0.02344]]

  [[-0.02344]]

  [[-0.03125]]

  [[-0.09375]]

  [[-0.13281]]

  [[ 0.05469]]

  [[-0.00781]]

  [[-0.00781]]

  [[-0.10938]]]


 [[[-0.77344]]

  [[-0.09375]]

  [[-0.89844]]

  [[ 0.59375]]

  [[ 0.14844]]

  [[-0.71094]]

  [[ 0.44531]]

  [[-0.32031]]

  [[ 0.125  ]]

  [[ 0.55469]]

  [[ 0.35156]]

  [[ 0.3125 ]]

  [[-0.625  ]]

  [[ 0.35156]]

  [[ 0.99219]]

  [[ 0.69531]]]


 [[[-0.     ]]

  [[ 0.     ]]

  [[ 0.     ]]

  [[ 0.     ]]

  [[ 0.     ]]

  [[ 0.     ]]

  [[-0.     ]]

  [[ 0.     ]]

  [[-0.     ]]

  [[ 0.     ]]

  [[ 0.     ]]

  [[-0.     ]]

  [[-0.     ]]

  [[-0.     ]]

  [[-0.     ]]

  [[ 0.     ]]]


 [[[-0.04688]]

  [[ 0.     ]]

  [[ 0.02344]]

  [[-0.07031]]

  [[-0.0625 ]]

  [[ 0.09375]]

  [[-0.08594]]

  [[ 0.00781]]

  [[-0.09375]]

  [[-0.05469]]

  [[ 0.15625]]

  [[ 0.08594]]

  [[-0.04688]]

  [[ 0.     ]]

  [[ 0.01562]]

  [[-0.08594]]]


 [[[ 0.28906]]

  [[ 0.14062]]

  [[ 0.07812]]

  [[ 0.25781]]

  [[ 0.03125]]

  [[ 0.     ]]

  [[ 0.08594]]

  [[ 0.21094]]

  [[ 0.39844]]

  [[ 0.22656]]

  [[ 0.27344]]

  [[ 0.34375]]

  [[ 0.0625 ]]

  [[ 0.1875 ]]

  [[ 0.26562]]

  [[ 0.07812]]]


 [[[ 0.     ]]

  [[ 0.     ]]

  [[ 0.     ]]

  [[ 0.     ]]

  [[ 0.     ]]

  [[ 0.     ]]

  [[ 0.     ]]

  [[ 0.     ]]

  [[ 0.     ]]

  [[ 0.     ]]

  [[ 0.     ]]

  [[ 0.     ]]

  [[ 0.     ]]

  [[ 0.     ]]

  [[ 0.     ]]

  [[ 0.     ]]]


 [[[ 0.     ]]

  [[ 0.     ]]

  [[ 0.     ]]

  [[-0.     ]]

  [[ 0.     ]]

  [[ 0.     ]]

  [[-0.     ]]

  [[ 0.     ]]

  [[ 0.00781]]

  [[ 0.     ]]

  [[-0.     ]]

  [[-0.     ]]

  [[ 0.00781]]

  [[-0.     ]]

  [[ 0.     ]]

  [[ 0.     ]]]]...
--------------------------------------------------------------------------------
[Bias] Layer: Up_conv5.conv.3 (QuantConv2d)
  Shape: (64,)
  Bit Width: 16.0
  Signed: True
  Scale: 0.000244140625
  Sample Bias: [ 0.      -0.03174 -0.10107  0.0874  -0.20972 -0.       0.05029 -0.56372
 -0.      -0.00439]...
################################################################################

