################################################################################
[Weight] Layer: Up4.up.1 (QuantConv2d)
  Shape: (16, 16, 3, 3)
  Bit Width: 8.0
  Signed: True
  Scale: 0.00390625
  Sample Weights: [[[[ 0.      -0.       0.     ]
   [-0.       0.      -0.     ]
   [-0.       0.      -0.     ]]

  [[ 0.       0.       0.     ]
   [-0.      -0.      -0.     ]
   [ 0.      -0.      -0.     ]]

  [[-0.14062 -0.14062 -0.16406]
   [-0.12109 -0.10156 -0.11719]
   [-0.15625 -0.125   -0.13281]]

  ...

  [[ 0.02734  0.01953  0.05078]
   [ 0.02344  0.00391  0.03516]
   [ 0.05859  0.03516  0.0625 ]]

  [[ 0.09375  0.09375  0.08203]
   [ 0.09375  0.10156  0.08594]
   [ 0.08984  0.09766  0.08984]]

  [[ 0.03516  0.03516  0.04297]
   [-0.00391  0.00391  0.01172]
   [ 0.00781  0.01172  0.02344]]]


 [[[-0.       0.       0.     ]
   [ 0.       0.      -0.     ]
   [-0.      -0.       0.     ]]

  [[-0.       0.       0.     ]
   [-0.       0.       0.     ]
   [-0.      -0.      -0.     ]]

  [[-0.09766 -0.11328 -0.17188]
   [-0.07031 -0.07031 -0.11719]
   [-0.08984 -0.08984 -0.13281]]

  ...

  [[ 0.04688  0.03125  0.04297]
   [ 0.05469  0.02344  0.02734]
   [ 0.08594  0.05859  0.05469]]

  [[-0.01562  0.03125  0.05078]
   [-0.03125  0.02344  0.04297]
   [-0.05469 -0.00781  0.01953]]

  [[ 0.00391  0.01953  0.06641]
   [-0.04297 -0.02734  0.01953]
   [-0.03516 -0.01172  0.03906]]]


 [[[-0.      -0.       0.     ]
   [-0.       0.       0.     ]
   [-0.      -0.      -0.     ]]

  [[ 0.      -0.      -0.     ]
   [-0.       0.       0.     ]
   [-0.      -0.      -0.     ]]

  [[ 0.07812  0.08203  0.16797]
   [ 0.04297  0.0625   0.13672]
   [ 0.03906  0.07812  0.14062]]

  ...

  [[-0.03125 -0.02734 -0.03516]
   [-0.02734 -0.02734 -0.03516]
   [-0.02734 -0.03125 -0.04297]]

  [[-0.05859 -0.05859 -0.0625 ]
   [-0.04297 -0.04297 -0.05078]
   [-0.03125 -0.04297 -0.05469]]

  [[-0.10156 -0.08984 -0.14844]
   [-0.05469 -0.05078 -0.10938]
   [-0.05469 -0.06641 -0.125  ]]]


 ...


 [[[-0.      -0.      -0.     ]
   [-0.      -0.      -0.     ]
   [-0.      -0.      -0.     ]]

  [[-0.       0.       0.     ]
   [ 0.       0.      -0.     ]
   [ 0.      -0.       0.     ]]

  [[-0.10547 -0.10547 -0.19141]
   [-0.08984 -0.10156 -0.09766]
   [-0.20312 -0.15234 -0.17578]]

  ...

  [[-0.19141 -0.16797 -0.17578]
   [-0.21875 -0.1875  -0.19141]
   [-0.25    -0.23438 -0.23828]]

  [[-0.07031 -0.05859 -0.05859]
   [-0.05469 -0.04297 -0.04297]
   [-0.03125 -0.03125 -0.03906]]

  [[ 0.01562 -0.02344 -0.09766]
   [ 0.05469  0.02734 -0.03906]
   [-0.01562 -0.05078 -0.09375]]]


 [[[ 0.      -0.      -0.     ]
   [-0.      -0.       0.     ]
   [-0.       0.      -0.     ]]

  [[-0.      -0.       0.     ]
   [ 0.      -0.       0.     ]
   [-0.       0.      -0.     ]]

  [[ 0.00781  0.00391  0.01562]
   [-0.      -0.00781  0.00781]
   [-0.00391 -0.00781  0.00781]]

  ...

  [[-0.       0.       0.     ]
   [ 0.       0.       0.     ]
   [ 0.       0.      -0.     ]]

  [[ 0.       0.      -0.     ]
   [ 0.       0.      -0.     ]
   [-0.      -0.      -0.     ]]

  [[-0.      -0.      -0.     ]
   [-0.      -0.      -0.     ]
   [-0.      -0.      -0.00391]]]


 [[[ 0.       0.      -0.     ]
   [ 0.      -0.      -0.     ]
   [ 0.       0.       0.     ]]

  [[ 0.      -0.       0.     ]
   [-0.      -0.      -0.     ]
   [-0.      -0.       0.     ]]

  [[-0.10547 -0.10156 -0.11328]
   [-0.09766 -0.07812 -0.08594]
   [-0.11328 -0.08594 -0.08594]]

  ...

  [[ 0.01562  0.01172  0.02344]
   [ 0.01953  0.00781  0.01562]
   [ 0.03906  0.02734  0.03516]]

  [[ 0.03125  0.03906  0.02734]
   [ 0.02734  0.04297  0.03125]
   [ 0.00781  0.02344  0.01562]]

  [[ 0.05859  0.05469  0.05078]
   [ 0.01562  0.01172  0.01562]
   [ 0.00391  0.00391  0.01172]]]]...
--------------------------------------------------------------------------------
[Bias] Layer: Up4.up.1 (QuantConv2d)
  Shape: (16,)
  Bit Width: 16.0
  Signed: True
  Scale: 0.0001220703125
  Sample Bias: [ 0.21606  0.32983  0.25989  0.44543  0.78418  0.24878  0.01538  1.05872
 -0.10559  0.13928]...
################################################################################

