################################################################################
[Weight] Layer: Up_conv4.conv.6 (QuantConv2d)
  Shape: (16, 64, 1, 1)
  Bit Width: 8.0
  Signed: True
  Scale: 0.00390625
  Sample Weights: [[[[-0.     ]]

  [[-0.     ]]

  [[ 0.     ]]

  [[ 0.     ]]

  [[ 0.     ]]

  [[ 0.     ]]

  [[-0.     ]]

  [[ 0.     ]]

  [[-0.     ]]

  [[ 0.     ]]

  [[ 0.     ]]

  [[ 0.     ]]

  [[-0.     ]]

  [[ 0.     ]]

  [[ 0.     ]]

  [[-0.     ]]

  [[-0.     ]]

  [[ 0.     ]]

  [[ 0.     ]]

  [[-0.     ]]

  [[ 0.     ]]

  [[ 0.     ]]

  [[ 0.     ]]

  [[-0.     ]]

  [[ 0.     ]]

  [[-0.     ]]

  [[ 0.     ]]

  [[-0.     ]]

  [[-0.     ]]

  [[-0.     ]]

  [[-0.     ]]

  [[ 0.     ]]

  [[ 0.     ]]

  [[ 0.     ]]

  [[-0.     ]]

  [[ 0.     ]]

  [[ 0.     ]]

  [[ 0.     ]]

  [[-0.     ]]

  [[ 0.     ]]

  [[ 0.     ]]

  [[ 0.     ]]

  [[-0.     ]]

  [[ 0.     ]]

  [[ 0.     ]]

  [[ 0.     ]]

  [[ 0.     ]]

  [[-0.     ]]

  [[-0.     ]]

  [[-0.     ]]

  [[-0.     ]]

  [[ 0.     ]]

  [[ 0.     ]]

  [[ 0.     ]]

  [[ 0.     ]]

  [[ 0.     ]]

  [[-0.     ]]

  [[-0.     ]]

  [[ 0.     ]]

  [[-0.     ]]

  [[ 0.     ]]

  [[-0.     ]]

  [[ 0.     ]]

  [[ 0.     ]]]


 [[[ 0.03906]]

  [[ 0.     ]]

  [[ 0.     ]]

  [[-0.     ]]

  [[ 0.19531]]

  [[ 0.16406]]

  [[-0.07031]]

  [[ 0.     ]]

  [[-0.16797]]

  [[-0.     ]]

  [[-0.     ]]

  [[ 0.     ]]

  [[-0.     ]]

  [[ 0.19531]]

  [[-0.     ]]

  [[ 0.     ]]

  [[-0.     ]]

  [[-0.     ]]

  [[ 0.     ]]

  [[-0.     ]]

  [[ 0.00391]]

  [[-0.     ]]

  [[ 0.05078]]

  [[-0.20703]]

  [[-0.     ]]

  [[-0.00781]]

  [[ 0.00781]]

  [[-0.     ]]

  [[ 0.01953]]

  [[ 0.04297]]

  [[ 0.04297]]

  [[-0.     ]]

  [[-0.     ]]

  [[ 0.     ]]

  [[-0.     ]]

  [[-0.     ]]

  [[-0.     ]]

  [[ 0.03125]]

  [[-0.     ]]

  [[ 0.     ]]

  [[-0.     ]]

  [[-0.     ]]

  [[-0.00391]]

  [[ 0.11719]]

  [[-0.01172]]

  [[ 0.12891]]

  [[ 0.     ]]

  [[ 0.12109]]

  [[-0.00391]]

  [[-0.     ]]

  [[ 0.02344]]

  [[-0.16406]]

  [[-0.     ]]

  [[-0.00781]]

  [[ 0.     ]]

  [[-0.     ]]

  [[ 0.0625 ]]

  [[ 0.07812]]

  [[-0.     ]]

  [[ 0.     ]]

  [[ 0.     ]]

  [[ 0.     ]]

  [[-0.     ]]

  [[-0.01953]]]


 [[[-0.01953]]

  [[-0.     ]]

  [[-0.     ]]

  [[ 0.     ]]

  [[ 0.06641]]

  [[ 0.0625 ]]

  [[-0.02734]]

  [[ 0.     ]]

  [[-0.05859]]

  [[-0.     ]]

  [[ 0.     ]]

  [[ 0.     ]]

  [[-0.     ]]

  [[ 0.08984]]

  [[ 0.     ]]

  [[ 0.     ]]

  [[ 0.     ]]

  [[-0.     ]]

  [[-0.     ]]

  [[-0.     ]]

  [[-0.01172]]

  [[-0.     ]]

  [[-0.03516]]

  [[-0.10547]]

  [[-0.     ]]

  [[ 0.03516]]

  [[-0.01172]]

  [[-0.     ]]

  [[-0.02734]]

  [[-0.03516]]

  [[ 0.     ]]

  [[-0.     ]]

  [[-0.     ]]

  [[-0.     ]]

  [[ 0.     ]]

  [[-0.     ]]

  [[ 0.     ]]

  [[-0.00391]]

  [[-0.     ]]

  [[ 0.     ]]

  [[-0.     ]]

  [[-0.     ]]

  [[-0.     ]]

  [[ 0.09375]]

  [[-0.00391]]

  [[ 0.14062]]

  [[ 0.     ]]

  [[-0.02344]]

  [[ 0.     ]]

  [[ 0.     ]]

  [[ 0.01172]]

  [[-0.04688]]

  [[-0.     ]]

  [[-0.01562]]

  [[ 0.     ]]

  [[-0.     ]]

  [[ 0.01953]]

  [[-0.02344]]

  [[ 0.     ]]

  [[ 0.     ]]

  [[-0.     ]]

  [[-0.     ]]

  [[-0.     ]]

  [[-0.00391]]]


 [[[-0.01172]]

  [[ 0.     ]]

  [[ 0.00781]]

  [[-0.     ]]

  [[-0.14453]]

  [[-0.     ]]

  [[ 0.35156]]

  [[ 0.     ]]

  [[ 0.21875]]

  [[-0.01562]]

  [[ 0.     ]]

  [[-0.     ]]

  [[-0.     ]]

  [[-0.04297]]

  [[ 0.05469]]

  [[ 0.     ]]

  [[-0.     ]]

  [[ 0.     ]]

  [[ 0.05859]]

  [[ 0.     ]]

  [[ 0.03125]]

  [[ 0.03906]]

  [[-0.00391]]

  [[-0.21484]]

  [[ 0.     ]]

  [[-0.17188]]

  [[ 0.03906]]

  [[ 0.     ]]

  [[-0.23828]]

  [[-0.01172]]

  [[ 0.12109]]

  [[-0.     ]]

  [[ 0.     ]]

  [[ 0.     ]]

  [[ 0.04297]]

  [[ 0.     ]]

  [[-0.     ]]

  [[-0.01562]]

  [[ 0.     ]]

  [[-0.     ]]

  [[ 0.     ]]

  [[ 0.     ]]

  [[ 0.09375]]

  [[ 0.10938]]

  [[ 0.01562]]

  [[ 0.25391]]

  [[ 0.02344]]

  [[-0.21484]]

  [[ 0.10547]]

  [[ 0.     ]]

  [[-0.06641]]

  [[ 0.26562]]

  [[ 0.     ]]

  [[ 0.03906]]

  [[ 0.05469]]

  [[ 0.     ]]

  [[ 0.02734]]

  [[ 0.26172]]

  [[-0.     ]]

  [[-0.     ]]

  [[ 0.     ]]

  [[-0.     ]]

  [[-0.     ]]

  [[ 0.04297]]]


 [[[ 0.     ]]

  [[-0.     ]]

  [[-0.     ]]

  [[ 0.     ]]

  [[-0.     ]]

  [[ 0.     ]]

  [[ 0.     ]]

  [[-0.     ]]

  [[-0.     ]]

  [[ 0.     ]]

  [[ 0.     ]]

  [[ 0.     ]]

  [[-0.     ]]

  [[ 0.     ]]

  [[ 0.     ]]

  [[ 0.     ]]

  [[ 0.     ]]

  [[-0.     ]]

  [[ 0.     ]]

  [[-0.     ]]

  [[ 0.     ]]

  [[-0.     ]]

  [[-0.     ]]

  [[ 0.     ]]

  [[ 0.     ]]

  [[ 0.     ]]

  [[ 0.     ]]

  [[ 0.     ]]

  [[ 0.     ]]

  [[ 0.     ]]

  [[-0.     ]]

  [[ 0.     ]]

  [[ 0.     ]]

  [[ 0.     ]]

  [[-0.     ]]

  [[ 0.     ]]

  [[-0.     ]]

  [[-0.     ]]

  [[ 0.     ]]

  [[-0.     ]]

  [[-0.     ]]

  [[ 0.     ]]

  [[-0.     ]]

  [[-0.     ]]

  [[ 0.     ]]

  [[ 0.     ]]

  [[ 0.     ]]

  [[ 0.     ]]

  [[-0.     ]]

  [[-0.     ]]

  [[ 0.     ]]

  [[-0.     ]]

  [[-0.     ]]

  [[-0.     ]]

  [[-0.     ]]

  [[-0.     ]]

  [[ 0.     ]]

  [[-0.     ]]

  [[-0.     ]]

  [[-0.     ]]

  [[-0.     ]]

  [[ 0.     ]]

  [[ 0.     ]]

  [[ 0.     ]]]


 [[[-0.     ]]

  [[ 0.     ]]

  [[-0.     ]]

  [[ 0.     ]]

  [[ 0.     ]]

  [[ 0.00391]]

  [[-0.     ]]

  [[ 0.     ]]

  [[ 0.00781]]

  [[ 0.     ]]

  [[ 0.     ]]

  [[-0.     ]]

  [[ 0.     ]]

  [[ 0.00391]]

  [[ 0.     ]]

  [[-0.     ]]

  [[ 0.     ]]

  [[ 0.     ]]

  [[-0.     ]]

  [[-0.     ]]

  [[-0.     ]]

  [[ 0.     ]]

  [[ 0.     ]]

  [[-0.     ]]

  [[-0.     ]]

  [[ 0.00391]]

  [[-0.     ]]

  [[ 0.     ]]

  [[-0.     ]]

  [[-0.     ]]

  [[ 0.     ]]

  [[-0.     ]]

  [[-0.     ]]

  [[ 0.     ]]

  [[ 0.     ]]

  [[-0.     ]]

  [[-0.     ]]

  [[-0.     ]]

  [[ 0.     ]]

  [[-0.     ]]

  [[-0.     ]]

  [[-0.     ]]

  [[ 0.     ]]

  [[ 0.     ]]

  [[-0.     ]]

  [[ 0.03125]]

  [[ 0.     ]]

  [[-0.     ]]

  [[ 0.     ]]

  [[ 0.     ]]

  [[-0.     ]]

  [[ 0.01953]]

  [[ 0.     ]]

  [[ 0.     ]]

  [[-0.     ]]

  [[ 0.     ]]

  [[ 0.     ]]

  [[-0.     ]]

  [[-0.     ]]

  [[ 0.     ]]

  [[ 0.     ]]

  [[ 0.     ]]

  [[ 0.     ]]

  [[-0.     ]]]


 [[[-0.04297]]

  [[-0.     ]]

  [[ 0.00781]]

  [[-0.     ]]

  [[-0.0625 ]]

  [[-0.21875]]

  [[-0.12891]]

  [[-0.     ]]

  [[-0.00781]]

  [[ 0.00391]]

  [[-0.     ]]

  [[-0.     ]]

  [[-0.     ]]

  [[-0.05469]]

  [[-0.0625 ]]

  [[ 0.     ]]

  [[ 0.     ]]

  [[-0.     ]]

  [[-0.     ]]

  [[-0.     ]]

  [[-0.05078]]

  [[-0.03906]]

  [[ 0.00781]]

  [[-0.14062]]

  [[ 0.     ]]

  [[-0.01172]]

  [[-0.10547]]

  [[-0.     ]]

  [[ 0.05469]]

  [[ 0.00781]]

  [[-0.18359]]

  [[-0.     ]]

  [[ 0.     ]]

  [[-0.     ]]

  [[-0.03906]]

  [[-0.     ]]

  [[ 0.     ]]

  [[-0.02344]]

  [[-0.     ]]

  [[-0.     ]]

  [[-0.     ]]

  [[-0.     ]]

  [[-0.17188]]

  [[ 0.30859]]

  [[-0.02734]]

  [[ 0.28906]]

  [[ 0.00781]]

  [[ 0.06641]]

  [[-0.14062]]

  [[ 0.     ]]

  [[-0.11719]]

  [[ 0.125  ]]

  [[-0.     ]]

  [[-0.03516]]

  [[-0.08203]]

  [[ 0.     ]]

  [[-0.15234]]

  [[-0.02734]]

  [[-0.     ]]

  [[-0.     ]]

  [[-0.     ]]

  [[-0.     ]]

  [[-0.     ]]

  [[-0.24219]]]


 [[[ 0.08594]]

  [[ 0.     ]]

  [[-0.     ]]

  [[ 0.     ]]

  [[ 0.29297]]

  [[ 0.17188]]

  [[-0.27344]]

  [[-0.     ]]

  [[-0.33984]]

  [[-0.00391]]

  [[ 0.     ]]

  [[ 0.     ]]

  [[-0.     ]]

  [[ 0.48828]]

  [[-0.     ]]

  [[-0.     ]]

  [[ 0.     ]]

  [[-0.     ]]

  [[ 0.     ]]

  [[ 0.     ]]

  [[ 0.00781]]

  [[-0.     ]]

  [[ 0.09375]]

  [[-0.17578]]

  [[ 0.     ]]

  [[ 0.10547]]

  [[ 0.00391]]

  [[-0.     ]]

  [[-0.13281]]

  [[ 0.13281]]

  [[-0.00781]]

  [[-0.     ]]

  [[-0.     ]]

  [[-0.     ]]

  [[-0.00391]]

  [[ 0.     ]]

  [[ 0.     ]]

  [[-0.     ]]

  [[-0.     ]]

  [[ 0.     ]]

  [[ 0.     ]]

  [[ 0.     ]]

  [[-0.01172]]

  [[ 0.23828]]

  [[ 0.01953]]

  [[ 0.33203]]

  [[-0.     ]]

  [[ 0.30078]]

  [[-0.00781]]

  [[ 0.     ]]

  [[ 0.17578]]

  [[-0.25   ]]

  [[-0.     ]]

  [[-0.     ]]

  [[-0.     ]]

  [[ 0.     ]]

  [[ 0.07422]]

  [[ 0.10938]]

  [[-0.     ]]

  [[-0.     ]]

  [[ 0.     ]]

  [[ 0.     ]]

  [[-0.     ]]

  [[-0.09375]]]


 [[[ 0.08594]]

  [[-0.     ]]

  [[-0.00391]]

  [[-0.     ]]

  [[ 0.19141]]

  [[ 0.25391]]

  [[-0.08984]]

  [[ 0.     ]]

  [[-0.28125]]

  [[-0.00391]]

  [[-0.     ]]

  [[ 0.     ]]

  [[-0.     ]]

  [[ 0.30859]]

  [[-0.     ]]

  [[ 0.     ]]

  [[ 0.     ]]

  [[-0.     ]]

  [[ 0.     ]]

  [[ 0.     ]]

  [[ 0.01172]]

  [[-0.     ]]

  [[ 0.07031]]

  [[-0.17188]]

  [[ 0.     ]]

  [[-0.00781]]

  [[ 0.03125]]

  [[-0.     ]]

  [[-0.07422]]

  [[ 0.18359]]

  [[ 0.10156]]

  [[ 0.     ]]

  [[-0.     ]]

  [[-0.     ]]

  [[-0.     ]]

  [[ 0.     ]]

  [[-0.     ]]

  [[ 0.01172]]

  [[-0.     ]]

  [[ 0.     ]]

  [[ 0.     ]]

  [[-0.     ]]

  [[-0.01953]]

  [[ 0.09375]]

  [[ 0.00391]]

  [[ 0.09375]]

  [[ 0.     ]]

  [[ 0.25391]]

  [[-0.01172]]

  [[-0.     ]]

  [[ 0.12109]]

  [[-0.43359]]

  [[-0.     ]]

  [[ 0.01172]]

  [[ 0.     ]]

  [[-0.     ]]

  [[ 0.10156]]

  [[ 0.21484]]

  [[-0.     ]]

  [[ 0.     ]]

  [[ 0.     ]]

  [[-0.     ]]

  [[-0.     ]]

  [[-0.03906]]]


 [[[-0.04688]]

  [[ 0.     ]]

  [[-0.     ]]

  [[ 0.     ]]

  [[ 0.16406]]

  [[ 0.13672]]

  [[-0.02344]]

  [[ 0.     ]]

  [[ 0.15625]]

  [[-0.     ]]

  [[ 0.     ]]

  [[ 0.     ]]

  [[ 0.     ]]

  [[ 0.03516]]

  [[ 0.00391]]

  [[ 0.     ]]

  [[ 0.     ]]

  [[-0.     ]]

  [[-0.     ]]

  [[ 0.     ]]

  [[ 0.08594]]

  [[-0.     ]]

  [[-0.02734]]

  [[-0.08203]]

  [[ 0.     ]]

  [[ 0.49609]]

  [[ 0.08203]]

  [[ 0.     ]]

  [[ 0.42969]]

  [[-0.07031]]

  [[ 0.21094]]

  [[-0.     ]]

  [[ 0.     ]]

  [[-0.     ]]

  [[-0.     ]]

  [[ 0.     ]]

  [[-0.     ]]

  [[ 0.19922]]

  [[-0.     ]]

  [[ 0.     ]]

  [[ 0.     ]]

  [[-0.     ]]

  [[-0.03516]]

  [[ 0.14062]]

  [[ 0.01953]]

  [[ 0.35938]]

  [[-0.     ]]

  [[-0.10938]]

  [[-0.     ]]

  [[-0.     ]]

  [[ 0.13281]]

  [[ 0.32422]]

  [[ 0.     ]]

  [[ 0.125  ]]

  [[ 0.02344]]

  [[-0.     ]]

  [[ 0.15625]]

  [[-0.26172]]

  [[-0.     ]]

  [[-0.     ]]

  [[-0.     ]]

  [[ 0.     ]]

  [[-0.     ]]

  [[-0.17188]]]]...
--------------------------------------------------------------------------------
[Bias] Layer: Up_conv4.conv.6 (QuantConv2d)
  Shape: (16,)
  Bit Width: 16.0
  Signed: True
  Scale: 0.0001220703125
  Sample Bias: [-0.      -0.12109 -0.13379 -0.22888 -0.      -0.09033  0.24927 -0.09033
 -0.10266 -0.45801]...
################################################################################

