################################################################################
[Weight] Layer: Up_conv3.conv.3 (QuantConv2d)
  Shape: (32, 8, 1, 1)
  Bit Width: 8.0
  Signed: True
  Scale: 0.015625
  Sample Weights: [[[[-0.07812]]

  [[ 0.15625]]

  [[-0.03125]]

  [[ 0.35938]]

  [[ 0.03125]]

  [[ 0.     ]]

  [[-0.     ]]

  [[-0.0625 ]]]


 [[[-0.21875]]

  [[ 0.01562]]

  [[-0.03125]]

  [[ 0.375  ]]

  [[ 0.01562]]

  [[-0.03125]]

  [[-0.03125]]

  [[-0.03125]]]


 [[[-0.0625 ]]

  [[ 0.21875]]

  [[ 0.125  ]]

  [[-0.28125]]

  [[ 0.26562]]

  [[-0.01562]]

  [[ 0.03125]]

  [[-0.     ]]]


 [[[ 0.3125 ]]

  [[ 0.29688]]

  [[ 0.1875 ]]

  [[ 0.     ]]

  [[ 0.40625]]

  [[-0.03125]]

  [[ 0.01562]]

  [[ 0.25   ]]]


 [[[ 0.     ]]

  [[ 0.     ]]

  [[ 0.     ]]

  [[ 0.     ]]

  [[ 0.     ]]

  [[ 0.     ]]

  [[ 0.     ]]

  [[ 0.     ]]]


 [[[-0.26562]]

  [[-0.20312]]

  [[ 0.     ]]

  [[-0.1875 ]]

  [[-0.09375]]

  [[-0.125  ]]

  [[-0.03125]]

  [[ 0.07812]]]


 [[[-0.23438]]

  [[-0.4375 ]]

  [[-0.10938]]

  [[-0.15625]]

  [[ 0.1875 ]]

  [[ 0.10938]]

  [[ 0.03125]]

  [[ 0.15625]]]


 [[[-0.26562]]

  [[ 1.42188]]

  [[-1.5625 ]]

  [[-1.1875 ]]

  [[ 0.9375 ]]

  [[ 0.01562]]

  [[ 1.09375]]

  [[ 0.     ]]]


 [[[-0.51562]]

  [[-0.20312]]

  [[-0.23438]]

  [[-0.34375]]

  [[-0.15625]]

  [[-0.21875]]

  [[-0.03125]]

  [[ 0.14062]]]


 [[[-0.21875]]

  [[ 0.09375]]

  [[ 0.03125]]

  [[ 0.125  ]]

  [[ 0.29688]]

  [[-0.09375]]

  [[ 0.10938]]

  [[-0.07812]]]]...
--------------------------------------------------------------------------------
[Bias] Layer: Up_conv3.conv.3 (QuantConv2d)
  Shape: (32,)
  Bit Width: 16.0
  Signed: True
  Scale: 0.0009765625
  Sample Bias: [-0.01562  0.07617 -0.00488 -0.46191  0.       0.33691  0.26465 -0.52148
  0.69336  0.0166 ]...
################################################################################

