################################################################################
[Weight] Layer: Up_conv2.conv.3 (QuantConv2d)
  Shape: (32, 8, 1, 1)
  Bit Width: 8.0
  Signed: True
  Scale: 0.0078125
  Sample Weights: [[[[ 0.08594]]

  [[-0.34375]]

  [[-0.15625]]

  [[-0.41406]]

  [[ 0.09375]]

  [[-0.28906]]

  [[-0.17188]]

  [[-0.15625]]]


 [[[-0.99219]]

  [[-0.40625]]

  [[ 0.00781]]

  [[ 0.38281]]

  [[-0.24219]]

  [[-0.99219]]

  [[ 0.14844]]

  [[-0.45312]]]


 [[[-0.5625 ]]

  [[ 0.99219]]

  [[ 0.01562]]

  [[-0.13281]]

  [[-0.     ]]

  [[-0.91406]]

  [[-0.46875]]

  [[-0.14062]]]


 [[[-0.05469]]

  [[-0.09375]]

  [[-0.03125]]

  [[ 0.25   ]]

  [[-0.00781]]

  [[-0.10156]]

  [[-0.02344]]

  [[ 0.34375]]]


 [[[ 0.53125]]

  [[ 0.17969]]

  [[ 0.     ]]

  [[-0.     ]]

  [[ 0.41406]]

  [[ 0.45312]]

  [[-0.02344]]

  [[-0.     ]]]


 [[[ 0.45312]]

  [[ 0.0625 ]]

  [[-0.07031]]

  [[-0.60156]]

  [[-0.25781]]

  [[-0.14062]]

  [[ 0.17188]]

  [[ 0.375  ]]]


 [[[-0.     ]]

  [[-0.     ]]

  [[ 0.79688]]

  [[-0.33594]]

  [[-0.     ]]

  [[-0.     ]]

  [[-0.     ]]

  [[-0.14844]]]


 [[[ 0.     ]]

  [[-0.     ]]

  [[-0.     ]]

  [[-0.     ]]

  [[ 0.     ]]

  [[ 0.     ]]

  [[ 0.     ]]

  [[ 0.     ]]]


 [[[ 0.     ]]

  [[ 0.     ]]

  [[ 0.     ]]

  [[ 0.     ]]

  [[ 0.     ]]

  [[ 0.     ]]

  [[ 0.     ]]

  [[ 0.     ]]]


 [[[ 0.     ]]

  [[ 0.     ]]

  [[ 0.     ]]

  [[ 0.     ]]

  [[ 0.     ]]

  [[ 0.     ]]

  [[ 0.     ]]

  [[ 0.     ]]]]...
--------------------------------------------------------------------------------
[Bias] Layer: Up_conv2.conv.3 (QuantConv2d)
  Shape: (32,)
  Bit Width: 16.0
  Signed: True
  Scale: 0.000244140625
  Sample Bias: [ 0.62744  0.81152 -0.23267 -0.01709 -0.47046  0.07251 -0.20532 -0.
  0.      -0.     ]...
################################################################################

