################################################################################
[Weight] Layer: encoder1.block.1.1.fn.0 (QuantConv2d)
  Shape: (8, 1, 3, 3)
  Bit Width: 8.0
  Signed: True
  Scale: 0.015625
  Sample Weights: [[[[ 0.28125  0.53125 -0.625  ]
   [ 0.23438 -0.01562  0.03125]
   [ 0.375    0.34375 -0.75   ]]]


 [[[-0.23438 -0.46875 -0.42188]
   [-0.3125  -0.21875 -0.45312]
   [-0.21875  0.20312 -0.125  ]]]


 [[[ 0.14062  0.01562 -0.01562]
   [-0.0625   0.09375  0.07812]
   [ 0.0625   0.09375  0.125  ]]]


 [[[-0.03125  0.03125 -0.0625 ]
   [-0.125   -0.09375 -0.20312]
   [-0.0625  -0.14062 -0.39062]]]


 [[[-0.03125 -0.10938 -0.1875 ]
   [-0.14062  0.04688  0.01562]
   [-0.09375 -0.07812 -0.01562]]]


 [[[-1.4375   0.20312  0.84375]
   [ 0.78125  0.60938 -1.20312]
   [-0.29688  0.625   -0.76562]]]


 [[[-0.      -0.      -0.     ]
   [-0.       0.       0.     ]
   [-0.       0.      -0.     ]]]


 [[[-0.15625  0.28125  0.17188]
   [-0.14062  0.40625  0.03125]
   [-0.10938 -0.39062 -0.20312]]]]...
--------------------------------------------------------------------------------
[Bias] Layer: encoder1.block.1.1.fn.0 (QuantConv2d)
  Shape: (8,)
  Bit Width: 16.0
  Signed: True
  Scale: 0.0009765625
  Sample Bias: [ 0.1377   1.38379 -0.56934  0.27344  0.20312  0.18945 -0.      -0.04395]...
################################################################################

