################################################################################
[Weight] Layer: encoder1.block.2.0.fn.0 (QuantConv2d)
  Shape: (8, 1, 3, 3)
  Bit Width: 8.0
  Signed: True
  Scale: 0.0078125
  Sample Weights: [[[[-0.14844 -0.30469 -0.17969]
   [ 0.47656  0.78125 -0.25781]
   [ 0.46875 -0.10156  0.15625]]]


 [[[-0.0625  -0.13281  0.04688]
   [ 0.34375  0.17969 -0.15625]
   [ 0.09375  0.25781  0.28906]]]


 [[[ 0.      -0.       0.     ]
   [ 0.       0.      -0.     ]
   [-0.      -0.       0.     ]]]


 [[[ 0.00781 -0.21094 -0.07031]
   [ 0.17188  0.59375  0.26562]
   [ 0.30469  0.41406  0.39062]]]


 [[[-0.39844 -0.24219  0.23438]
   [-0.61719  0.53125 -0.3125 ]
   [ 0.16406 -0.36719 -0.17188]]]


 [[[-0.01562 -0.21875  0.19531]
   [ 0.03906  0.69531  0.10156]
   [-0.28125  0.39062  0.08594]]]


 [[[-0.05469 -0.08594 -0.00781]
   [-0.07812  0.05469 -0.04688]
   [-0.02344  0.01562 -0.07812]]]


 [[[-0.11719  0.11719 -0.03906]
   [-0.16406  0.10938  0.3125 ]
   [-0.10156  0.08594 -0.13281]]]]...
--------------------------------------------------------------------------------
[Bias] Layer: encoder1.block.2.0.fn.0 (QuantConv2d)
  Shape: (8,)
  Bit Width: 16.0
  Signed: True
  Scale: 0.00048828125
  Sample Bias: [-0.30518 -0.47168  0.      -0.63916  0.30322 -0.02246  0.02051 -0.01514]...
################################################################################

