################################################################################
[Weight] Layer: encoder1.up.conv.0 (QuantConv2d)
  Shape: (8, 8, 3, 3)
  Bit Width: 8.0
  Signed: True
  Scale: 0.001953125
  Sample Weights: [[[[-0.04102 -0.12305 -0.03125]
   [-0.07812 -0.16016 -0.06836]
   [ 0.03516 -0.06836 -0.04102]]

  [[-0.08008 -0.01367 -0.03516]
   [-0.0332  -0.03711 -0.09375]
   [ 0.00977 -0.04688 -0.0918 ]]

  [[ 0.06445  0.05859  0.12109]
   [ 0.00781  0.00781  0.0332 ]
   [-0.05664 -0.06445 -0.01562]]

  [[-0.11133 -0.05859 -0.05859]
   [-0.09961 -0.05078 -0.08203]
   [-0.05664 -0.06445 -0.05078]]

  [[-0.01172 -0.02344  0.00391]
   [-0.08008 -0.10547 -0.00781]
   [-0.04102 -0.11328 -0.09961]]

  [[-0.14453 -0.13281 -0.04688]
   [-0.10938 -0.16211 -0.1543 ]
   [-0.00977 -0.03516 -0.09961]]

  [[ 0.03516  0.05664  0.05078]
   [ 0.04102  0.07617  0.06055]
   [ 0.01758  0.12695  0.10938]]

  [[ 0.0293   0.03906  0.03125]
   [-0.01367  0.       0.01953]
   [ 0.00195  0.01562  0.00977]]]


 [[[ 0.00391 -0.0332  -0.0625 ]
   [-0.00195 -0.00977 -0.0293 ]
   [-0.01172  0.05469 -0.00391]]

  [[-0.12109 -0.04102 -0.00977]
   [-0.05664 -0.0293  -0.03906]
   [-0.03711 -0.05273 -0.01758]]

  [[-0.02344 -0.05859  0.02344]
   [-0.00977 -0.08984  0.01172]
   [-0.11328 -0.15625 -0.125  ]]

  [[-0.08984 -0.03516 -0.05469]
   [-0.06445 -0.0957  -0.02539]
   [-0.01953  0.       0.02148]]

  [[ 0.02344  0.04297 -0.00977]
   [-0.04688 -0.05273 -0.0293 ]
   [-0.10156 -0.06836 -0.10547]]

  [[-0.03906 -0.11719 -0.05078]
   [-0.10938 -0.0293  -0.05469]
   [-0.07422 -0.03711 -0.00781]]

  [[ 0.07812  0.10352  0.08203]
   [-0.00586 -0.02734 -0.05078]
   [-0.04883 -0.10938 -0.03711]]

  [[-0.05273 -0.07812 -0.07812]
   [ 0.06836  0.00977  0.08789]
   [-0.04883 -0.0293   0.03516]]]


 [[[ 0.04688 -0.10156 -0.02344]
   [-0.1543   0.04883  0.02539]
   [-0.04297 -0.00586 -0.09961]]

  [[ 0.0625  -0.00781 -0.01562]
   [ 0.08789  0.06836  0.04492]
   [ 0.02344  0.09961  0.11328]]

  [[ 0.11328 -0.02344  0.01953]
   [-0.04688  0.00586  0.05859]
   [-0.02539 -0.11914 -0.06445]]

  [[ 0.05469  0.01953  0.03516]
   [ 0.04492  0.04883  0.0332 ]
   [-0.00977  0.06641  0.0957 ]]

  [[ 0.10938 -0.00391  0.06836]
   [-0.14258  0.05859  0.06641]
   [ 0.03125 -0.00977 -0.06836]]

  [[ 0.04688 -0.05664 -0.00195]
   [ 0.00781  0.04688  0.03711]
   [-0.02734 -0.02344 -0.03906]]

  [[-0.11133  0.00977 -0.14258]
   [-0.05469 -0.04102 -0.00781]
   [-0.08984 -0.04883 -0.0332 ]]

  [[-0.04492 -0.03906 -0.17578]
   [ 0.01562 -0.10156 -0.07812]
   [-0.05469 -0.11523 -0.12305]]]


 [[[-0.       0.05664  0.02344]
   [-0.0293  -0.00391 -0.03711]
   [-0.0293  -0.01953 -0.0293 ]]

  [[-0.      -0.0293  -0.00977]
   [ 0.03516 -0.01758  0.05273]
   [ 0.03516  0.04102  0.03125]]

  [[-0.05469 -0.10938 -0.02734]
   [ 0.02344 -0.04883 -0.08203]
   [ 0.00977 -0.00586 -0.07227]]

  [[-0.00195  0.01172  0.05078]
   [ 0.04688  0.0332   0.04883]
   [ 0.02734  0.05273  0.06836]]

  [[ 0.01562  0.04102  0.00781]
   [-0.01758  0.0293  -0.04688]
   [-0.00781 -0.01562 -0.07227]]

  [[ 0.00781  0.01953  0.0332 ]
   [ 0.02344 -0.00781  0.05664]
   [ 0.03125  0.02148  0.04297]]

  [[-0.07422 -0.0918  -0.10352]
   [-0.10352 -0.04883 -0.08984]
   [-0.08203 -0.02734 -0.03125]]

  [[-0.00977 -0.07031 -0.06836]
   [ 0.01758 -0.07812 -0.05273]
   [ 0.03906 -0.01562 -0.0293 ]]]


 [[[-0.11914 -0.01758 -0.03516]
   [-0.0332   0.05273  0.03711]
   [-0.01758  0.07227  0.00977]]

  [[-0.00977 -0.0625   0.04297]
   [-0.07227 -0.07031  0.08984]
   [-0.12891 -0.03516  0.12109]]

  [[-0.03125 -0.0625  -0.20508]
   [ 0.02148 -0.13672 -0.125  ]
   [ 0.0918  -0.04492 -0.0918 ]]

  [[-0.06836 -0.09961  0.02734]
   [-0.08203 -0.05469  0.10938]
   [-0.09766 -0.01758  0.16211]]

  [[-0.10547  0.02344 -0.20898]
   [-0.0918   0.03125 -0.06445]
   [-0.06836  0.12109 -0.01953]]

  [[-0.10156 -0.08594 -0.09375]
   [-0.07031 -0.09766  0.03906]
   [-0.15234 -0.03711  0.04688]]

  [[ 0.03125 -0.03516 -0.11914]
   [-0.08789 -0.11133 -0.13477]
   [ 0.07422 -0.15039 -0.04688]]

  [[ 0.05469 -0.02539 -0.09375]
   [ 0.05273 -0.03906 -0.0918 ]
   [ 0.04688 -0.08984 -0.10742]]]


 [[[-0.04883 -0.04492  0.00977]
   [-0.08008 -0.03125  0.01562]
   [-0.05664 -0.04102  0.05664]]

  [[-0.0625  -0.03711 -0.06641]
   [-0.05469 -0.00391 -0.05078]
   [-0.07422 -0.04492 -0.00586]]

  [[-0.0293  -0.06641  0.04883]
   [-0.05859 -0.05859  0.01172]
   [-0.00781  0.01758  0.07227]]

  [[-0.10547 -0.05273 -0.10352]
   [-0.0332  -0.04297 -0.05664]
   [-0.05859 -0.0625  -0.01367]]

  [[-0.09766 -0.13086 -0.00586]
   [-0.08203 -0.08594  0.03125]
   [-0.08398 -0.00391  0.04688]]

  [[-0.13477 -0.05273  0.01758]
   [-0.10352 -0.10742 -0.0957 ]
   [-0.03516 -0.03711 -0.02344]]

  [[ 0.0625   0.1543   0.11328]
   [ 0.13281  0.05469  0.0293 ]
   [ 0.0957   0.04102  0.0293 ]]

  [[ 0.04102  0.03125  0.07227]
   [-0.01758  0.04102  0.05469]
   [ 0.03125 -0.04688  0.00781]]]


 [[[-0.00195  0.03516  0.00586]
   [-0.07422 -0.00781 -0.02344]
   [-0.02148  0.02344 -0.00391]]

  [[ 0.09375  0.01758  0.04688]
   [ 0.10352  0.00977 -0.02344]
   [ 0.0625   0.03711  0.02148]]

  [[-0.00586 -0.06445 -0.03516]
   [-0.03906 -0.05273 -0.03906]
   [-0.07617 -0.10547 -0.05859]]

  [[ 0.10547  0.04688  0.03516]
   [ 0.08594  0.01367 -0.01953]
   [ 0.04688  0.00977  0.01758]]

  [[-0.01172  0.00195  0.01758]
   [-0.09375 -0.04492  0.01367]
   [-0.04102  0.02344 -0.00586]]

  [[ 0.05664  0.03516  0.02344]
   [ 0.03125 -0.03125 -0.04297]
   [ 0.02539  0.00195 -0.01758]]

  [[-0.00586 -0.00195  0.01758]
   [ 0.02344  0.00977  0.02344]
   [ 0.01562 -0.00977  0.00195]]

  [[-0.04492 -0.00586  0.00195]
   [-0.12305 -0.06445 -0.04492]
   [-0.0332  -0.00391 -0.03516]]]


 [[[-0.03906 -0.03516 -0.01562]
   [ 0.07812  0.04883  0.05664]
   [ 0.04102  0.05273  0.04102]]

  [[ 0.01758 -0.01953 -0.03516]
   [-0.00391 -0.07031 -0.04297]
   [-0.04883  0.00977 -0.01953]]

  [[ 0.00391 -0.04297 -0.06641]
   [ 0.06445  0.06836  0.05859]
   [ 0.08398  0.0957   0.10742]]

  [[-0.04102  0.      -0.04102]
   [ 0.00195 -0.03516 -0.03125]
   [ 0.02539  0.06836 -0.00781]]

  [[-0.07031  0.02539  0.03516]
   [ 0.11719  0.11719  0.14648]
   [ 0.16797  0.10547  0.13281]]

  [[-0.07422  0.04688 -0.06055]
   [ 0.06641 -0.0332  -0.01172]
   [ 0.0918   0.07227  0.04492]]

  [[ 0.00781 -0.05273 -0.04492]
   [-0.01953 -0.00586  0.0293 ]
   [-0.04102 -0.01172  0.01367]]

  [[ 0.04297 -0.07227 -0.10547]
   [ 0.00391  0.00781  0.01367]
   [ 0.03516  0.08984  0.08594]]]]...
--------------------------------------------------------------------------------
[Bias] Layer: encoder1.up.conv.0 (QuantConv2d)
  Shape: (8,)
  Bit Width: 16.0
  Signed: True
  Scale: 0.000244140625
  Sample Bias: [0.6123  1.20557 0.50562 0.65674 1.03809 0.21045 0.14014 0.0271 ]...
################################################################################

