################################################################################
[Weight] Layer: encoder2.block.0.1.fn.0 (QuantConv2d)
  Shape: (8, 1, 3, 3)
  Bit Width: 8.0
  Signed: True
  Scale: 0.0078125
  Sample Weights: [[[[-0.35938  0.07031 -0.63281]
   [ 0.33594  0.80469 -0.25   ]
   [-0.625   -0.17188  0.1875 ]]]


 [[[-0.01562 -0.4375   0.32031]
   [ 0.38281  0.40625 -0.00781]
   [-0.35938 -0.15625 -0.16406]]]


 [[[-0.15625  0.125   -0.16406]
   [-0.49219  0.17188  0.0625 ]
   [-0.24219 -0.125    0.125  ]]]


 [[[-0.60156 -0.99219  0.4375 ]
   [-0.08594  0.05469 -0.17969]
   [-0.57812  0.8125   0.99219]]]


 [[[-0.66406  0.5      0.11719]
   [ 0.26562  0.65625  0.28125]
   [ 0.53125 -0.4375  -0.58594]]]


 [[[-0.30469 -0.1875   0.01562]
   [-0.10156 -0.05469 -0.07812]
   [-0.05469 -0.07031  0.10156]]]


 [[[ 0.30469  0.13281  0.22656]
   [-0.17188  0.42188  0.02344]
   [-0.29688  0.08594 -0.125  ]]]


 [[[-0.17188 -0.3125   0.10938]
   [-0.24219 -0.36719  0.08594]
   [ 0.38281  0.4375  -0.01562]]]]...
--------------------------------------------------------------------------------
[Bias] Layer: encoder2.block.0.1.fn.0 (QuantConv2d)
  Shape: (8,)
  Bit Width: 16.0
  Signed: True
  Scale: 0.0009765625
  Sample Bias: [ 1.21191 -0.21875  1.05859  0.30957 -0.7207   0.33398 -0.5957  -0.05566]...
################################################################################

