################################################################################
[Weight] Layer: encoder2.block.0.2 (QuantConv2d)
  Shape: (32, 8, 1, 1)
  Bit Width: 8.0
  Signed: True
  Scale: 0.0078125
  Sample Weights: [[[[ 0.32812]]

  [[ 0.03906]]

  [[-0.     ]]

  [[-0.30469]]

  [[ 0.52344]]

  [[ 0.10156]]

  [[ 0.42969]]

  [[-0.25781]]]


 [[[ 0.20312]]

  [[-0.51562]]

  [[ 0.1875 ]]

  [[-0.25   ]]

  [[-0.33594]]

  [[-0.04688]]

  [[ 0.09375]]

  [[ 0.33594]]]


 [[[ 0.17188]]

  [[ 0.10938]]

  [[ 0.17188]]

  [[-0.09375]]

  [[-0.07812]]

  [[-0.11719]]

  [[ 0.33594]]

  [[-0.22656]]]


 [[[-0.33594]]

  [[-0.05469]]

  [[ 0.21094]]

  [[ 0.30469]]

  [[-0.28125]]

  [[-0.15625]]

  [[-0.35156]]

  [[ 0.14844]]]


 [[[-0.03125]]

  [[ 0.03906]]

  [[-0.0625 ]]

  [[ 0.11719]]

  [[ 0.00781]]

  [[-0.03906]]

  [[-0.02344]]

  [[-0.19531]]]


 [[[-0.00781]]

  [[ 0.08594]]

  [[ 0.04688]]

  [[-0.17188]]

  [[ 0.375  ]]

  [[-0.14062]]

  [[-0.24219]]

  [[ 0.14062]]]


 [[[-0.17188]]

  [[ 0.07812]]

  [[-0.01562]]

  [[-0.07812]]

  [[-0.16406]]

  [[-0.07031]]

  [[ 0.32812]]

  [[ 0.16406]]]


 [[[-0.0625 ]]

  [[ 0.16406]]

  [[ 0.375  ]]

  [[ 0.98438]]

  [[-0.19531]]

  [[ 0.11719]]

  [[-0.47656]]

  [[-0.26562]]]


 [[[ 0.04688]]

  [[-0.28125]]

  [[-0.10938]]

  [[ 0.38281]]

  [[-0.21875]]

  [[ 0.03125]]

  [[ 0.20312]]

  [[ 0.13281]]]


 [[[-0.27344]]

  [[-0.38281]]

  [[ 0.1875 ]]

  [[ 0.17969]]

  [[-0.10156]]

  [[-0.38281]]

  [[-0.     ]]

  [[ 0.14062]]]]...
--------------------------------------------------------------------------------
[Bias] Layer: encoder2.block.0.2 (QuantConv2d)
  Shape: (32,)
  Bit Width: 16.0
  Signed: True
  Scale: 0.0009765625
  Sample Bias: [-1.29102  0.34082 -0.58887  0.59668 -0.14648 -0.16504 -0.0332  -1.20215
 -0.76074  1.14844]...
################################################################################

