################################################################################
[Weight] Layer: encoder3.block.0.1.fn.0 (QuantConv2d)
  Shape: (8, 1, 7, 7)
  Bit Width: 8.0
  Signed: True
  Scale: 0.00390625
  Sample Weights: [[[[ 0.01953 -0.03906 -0.07422 -0.0625  -0.05078 -0.00781  0.04297]
   [ 0.      -0.05469 -0.0625   0.00391  0.09766  0.125    0.0625 ]
   [ 0.03516 -0.04688 -0.02734 -0.02344  0.03906  0.09375  0.04688]
   [ 0.06641  0.01172 -0.01953 -0.08203 -0.06641  0.01172 -0.03125]
   [ 0.08594  0.04688 -0.00781 -0.03906 -0.07812 -0.01562 -0.05078]
   [ 0.08203  0.125    0.04688 -0.03125  0.01172  0.       0.00781]
   [ 0.07422  0.03906  0.02734 -0.03125  0.03516  0.02344  0.00781]]]


 [[[-0.04297  0.01172 -0.02344 -0.03516 -0.08984 -0.      -0.07031]
   [ 0.06641 -0.12109 -0.04297  0.13281  0.16016  0.10938 -0.14453]
   [ 0.03516  0.0625   0.15625  0.17578  0.125    0.16406 -0.21484]
   [-0.05469  0.16797  0.12109 -0.01172 -0.04688  0.02344 -0.16406]
   [-0.00391  0.19531 -0.05469 -0.11328 -0.23438  0.07812 -0.07031]
   [ 0.04297  0.10547 -0.01562 -0.10547  0.04297  0.125    0.14844]
   [ 0.05859  0.13672  0.08203 -0.12891  0.08203 -0.03516 -0.03516]]]


 [[[-0.03125 -0.05469 -0.03125  0.09375  0.07422  0.07031  0.08984]
   [-0.06641 -0.04688 -0.0625   0.03906  0.05078  0.10938  0.10156]
   [-0.16016 -0.01172 -0.03906  0.05859  0.01953  0.00391  0.01172]
   [-0.19922 -0.16797 -0.10156  0.08984  0.10156 -0.01172 -0.00781]
   [-0.05469 -0.04688 -0.02344  0.06641  0.03516  0.03906 -0.07031]
   [-0.10938 -0.09375  0.01172  0.00781  0.0625   0.09766  0.00781]
   [-0.10156 -0.15234  0.00391  0.03125  0.02344  0.01172 -0.02344]]]


 [[[ 0.10547  0.05469  0.03125 -0.01172 -0.02344  0.      -0.02734]
   [ 0.08203  0.07422  0.00391 -0.00391  0.03516  0.08203 -0.05078]
   [ 0.01953  0.00781 -0.05859  0.03516  0.04688  0.03125 -0.09375]
   [ 0.06641  0.08203 -0.04297  0.03906 -0.07031 -0.08594 -0.05469]
   [ 0.05078  0.08594  0.08203  0.19141  0.10156 -0.03906 -0.09375]
   [-0.05469  0.03516  0.09766  0.07031  0.05469  0.02344 -0.02734]
   [-0.00391 -0.00781  0.01562  0.03906  0.02734  0.03516  0.00391]]]


 [[[ 0.       0.05469  0.14844  0.00391 -0.06641 -0.03125  0.19531]
   [-0.21094  0.05859  0.13281 -0.02344 -0.12891 -0.05859  0.05469]
   [-0.05078 -0.19531  0.15234  0.1875   0.12891  0.08984  0.03906]
   [-0.00781  0.10938 -0.01562 -0.0625  -0.04297  0.23047  0.22266]
   [-0.46484  0.05078  0.05469  0.21094 -0.      -0.14453  0.05469]
   [-0.26953 -0.13672 -0.06641  0.16016  0.125    0.12109 -0.03125]
   [-0.14453 -0.28516 -0.23047 -0.13281 -0.03906 -0.08203 -0.17188]]]


 [[[-0.28125 -0.42969 -0.33984 -0.19922  0.00391  0.14062  0.15234]
   [-0.14844 -0.37109 -0.375   -0.19141  0.06641  0.05469  0.08203]
   [ 0.01172  0.09375  0.05078 -0.00781  0.07812  0.00391  0.04688]
   [-0.07031  0.05078  0.31641  0.14453 -0.       0.14062 -0.01562]
   [-0.03516  0.11328  0.17188 -0.10547 -0.00781  0.09766  0.09375]
   [ 0.08984  0.04688  0.05078 -0.06641 -0.02344 -0.08594 -0.03906]
   [ 0.22266 -0.04297 -0.07812  0.00781  0.01562  0.01953  0.14844]]]


 [[[-0.04688  0.00391 -0.02734 -0.04297  0.02734  0.      -0.00781]
   [-0.05469 -0.09375 -0.04297 -0.05469 -0.02734  0.01953  0.02734]
   [-0.00781  0.00391 -0.00391  0.02734  0.09766  0.02734  0.01953]
   [-0.04688  0.01172 -0.04688 -0.03906  0.03125  0.04297 -0.00391]
   [-0.01172  0.05078  0.03125 -0.05469 -0.14453 -0.05469 -0.07812]
   [-0.08984 -0.01562  0.00781 -0.03125 -0.02734 -0.00391 -0.03906]
   [-0.03125 -0.01172  0.02344 -0.04297 -0.0625  -0.14453 -0.12891]]]


 [[[-0.13281 -0.08203 -0.04688  0.01172 -0.08203  0.02734  0.03125]
   [-0.10547  0.04297 -0.01172 -0.01172 -0.03906 -0.0625  -0.01953]
   [-0.00781  0.03516  0.05078  0.16797 -0.01953 -0.09375 -0.07031]
   [-0.07031 -0.06641  0.21875  0.33984  0.06641 -0.15625 -0.13672]
   [ 0.00391 -0.05078  0.12109  0.16797 -0.00781 -0.04297 -0.02734]
   [-0.10156  0.01172 -0.00781 -0.01953 -0.04688 -0.02344 -0.05078]
   [-0.12109 -0.01953  0.00391 -0.05859 -0.0625  -0.03906 -0.17969]]]]...
--------------------------------------------------------------------------------
[Bias] Layer: encoder3.block.0.1.fn.0 (QuantConv2d)
  Shape: (8,)
  Bit Width: 16.0
  Signed: True
  Scale: 0.000244140625
  Sample Bias: [-1.24951 -0.79126  0.3938  -1.59302  0.29272  0.55542  1.45898 -0.7439 ]...
################################################################################

