################################################################################
[Weight] Layer: encoder3.block.0.2 (QuantConv2d)
  Shape: (32, 8, 1, 1)
  Bit Width: 8.0
  Signed: True
  Scale: 0.00390625
  Sample Weights: [[[[ 0.07422]]

  [[ 0.19922]]

  [[-0.37109]]

  [[ 0.10547]]

  [[-0.49609]]

  [[ 0.49609]]

  [[ 0.125  ]]

  [[-0.05859]]]


 [[[-0.0625 ]]

  [[ 0.10156]]

  [[-0.17969]]

  [[-0.20312]]

  [[ 0.09375]]

  [[ 0.10156]]

  [[-0.     ]]

  [[-0.19922]]]


 [[[-0.05078]]

  [[-0.01953]]

  [[ 0.08594]]

  [[-0.45312]]

  [[ 0.33594]]

  [[-0.16797]]

  [[ 0.20312]]

  [[-0.35547]]]


 [[[ 0.00391]]

  [[ 0.01562]]

  [[-0.02734]]

  [[ 0.07812]]

  [[ 0.01953]]

  [[-0.14062]]

  [[-0.31641]]

  [[ 0.19922]]]


 [[[-0.45703]]

  [[ 0.09375]]

  [[ 0.42188]]

  [[-0.17578]]

  [[ 0.29688]]

  [[-0.34766]]

  [[ 0.49219]]

  [[ 0.32422]]]


 [[[ 0.26562]]

  [[ 0.12109]]

  [[-0.29688]]

  [[-0.07422]]

  [[-0.12109]]

  [[-0.17969]]

  [[-0.35938]]

  [[ 0.49609]]]


 [[[ 0.26953]]

  [[-0.25   ]]

  [[-0.35547]]

  [[ 0.00781]]

  [[ 0.06641]]

  [[ 0.05078]]

  [[ 0.49609]]

  [[-0.0625 ]]]


 [[[-0.20703]]

  [[ 0.36719]]

  [[ 0.08984]]

  [[-0.09766]]

  [[ 0.25781]]

  [[ 0.36719]]

  [[ 0.07812]]

  [[ 0.06641]]]


 [[[-0.39453]]

  [[-0.37109]]

  [[-0.38281]]

  [[-0.01172]]

  [[-0.03516]]

  [[-0.21875]]

  [[-0.20703]]

  [[ 0.14062]]]


 [[[ 0.12891]]

  [[-0.0625 ]]

  [[-0.49219]]

  [[-0.08203]]

  [[-0.13281]]

  [[ 0.37891]]

  [[-0.07422]]

  [[-0.01953]]]]...
--------------------------------------------------------------------------------
[Bias] Layer: encoder3.block.0.2 (QuantConv2d)
  Shape: (32,)
  Bit Width: 16.0
  Signed: True
  Scale: 0.000244140625
  Sample Bias: [-0.43628  0.14355  0.42236  0.41064 -1.62476  1.36133 -0.66699 -1.99902
  2.25195  0.47168]...
################################################################################

