################################################################################
[Weight] Layer: encoder4.block.0.1.fn.0 (QuantConv2d)
  Shape: (16, 1, 7, 7)
  Bit Width: 8.0
  Signed: True
  Scale: 0.00390625
  Sample Weights: [[[[-0.03516 -0.02344  0.05469  0.00781  0.12891 -0.03906 -0.08984]
   [-0.07422 -0.13672 -0.01562  0.13672  0.10547 -0.08984 -0.15625]
   [-0.13672 -0.05078  0.13672  0.27344 -0.13672 -0.16016 -0.10547]
   [-0.03906  0.04297  0.05469 -0.00781 -0.26172 -0.20703  0.02344]
   [-0.01172  0.05078 -0.00391 -0.125   -0.07422 -0.08594 -0.     ]
   [-0.02734  0.02344 -0.03516 -0.04297  0.02344 -0.10156 -0.10938]
   [-0.07422 -0.10938  0.01562  0.10938 -0.19922 -0.36328 -0.125  ]]]


 [[[ 0.01172 -0.03516 -0.01953  0.01172  0.05078 -0.10547 -0.21094]
   [ 0.14062  0.05469 -0.01562  0.08594  0.01953 -0.07812 -0.125  ]
   [ 0.19141  0.04297  0.03516  0.07422  0.13281  0.08594 -0.00391]
   [-0.00781 -0.02734 -0.00391  0.05859  0.12891  0.05469  0.07812]
   [-0.16016 -0.14453 -0.06641 -0.01953  0.04297  0.08984  0.03906]
   [-0.08594 -0.08203 -0.01953 -0.12891 -0.00781  0.01562  0.03125]
   [-0.00391 -0.02344 -0.05078 -0.04297  0.01953 -0.03906  0.05859]]]


 [[[-0.20312 -0.1875   0.01172  0.20312  0.0625   0.08984  0.13672]
   [-0.30469 -0.0625   0.12109  0.10547 -0.14844 -0.13281 -0.24219]
   [ 0.05469  0.05469 -0.09766 -0.12109 -0.01953 -0.23047 -0.38672]
   [ 0.41797  0.42188 -0.07812 -0.23438 -0.26172 -0.23438 -0.29688]
   [ 0.18359  0.28125  0.49609  0.23047  0.01562 -0.21875 -0.11328]
   [ 0.14844  0.3125   0.31641  0.13672  0.03125  0.00391 -0.07812]
   [-0.13672  0.17969  0.02344 -0.08984 -0.08203 -0.09766 -0.17188]]]


 [[[-0.1875  -0.16016 -0.02734 -0.02344 -0.14844 -0.19531 -0.04688]
   [-0.04688 -0.07422  0.04688  0.03125 -0.00781 -0.03125 -0.13281]
   [-0.0625  -0.10156 -0.05078 -0.08203  0.00781 -0.01953  0.06641]
   [ 0.19141  0.12109  0.07812 -0.02734 -0.01953 -0.01172  0.01953]
   [ 0.26562  0.20703  0.21094  0.21094  0.19531  0.17969  0.01562]
   [ 0.20703  0.16016  0.01562  0.02344  0.      -0.03906 -0.17969]
   [ 0.05469  0.01562 -0.02344 -0.07422 -0.03906 -0.03906 -0.11328]]]


 [[[ 0.03125 -0.01953 -0.04297  0.00781  0.3125  -0.10156  0.03906]
   [-0.23047 -0.07031 -0.35938 -0.12109 -0.17578 -0.08594 -0.32422]
   [-0.32031 -0.16797 -0.04688  0.02734 -0.31641 -0.29297  0.03516]
   [-0.19531  0.07422  0.05469 -0.17578  0.10156  0.15625 -0.01172]
   [-0.24219 -0.14453  0.23047  0.13281  0.23438  0.10938 -0.05078]
   [-0.21875 -0.01953 -0.12109  0.36328  0.44922  0.10156  0.09375]
   [-0.13672  0.01172 -0.20312  0.01562  0.29297  0.00781 -0.07812]]]


 [[[ 0.05078  0.      -0.10156 -0.03125 -0.09766 -0.07031 -0.19141]
   [ 0.07422  0.09766  0.05469 -0.03125 -0.0625  -0.07031 -0.20312]
   [ 0.03516  0.08203  0.08594 -0.00391 -0.10156  0.00391 -0.17188]
   [-0.04688 -0.05469  0.06641  0.08594 -0.00391 -0.04297 -0.08203]
   [-0.0625  -0.07422  0.01953  0.14062  0.02344  0.03516  0.     ]
   [-0.12891 -0.04688  0.       0.08594  0.05078  0.07031  0.03516]
   [-0.07031  0.04688  0.11328  0.14062  0.03906  0.07031  0.09375]]]


 [[[-0.22266 -0.18359 -0.05859 -0.02734  0.02344 -0.02344 -0.10156]
   [-0.15234 -0.14062 -0.06641 -0.01562  0.03906 -0.05469  0.04297]
   [-0.19531 -0.0625  -0.03516  0.03125  0.08984  0.05859  0.08594]
   [-0.08984 -0.12891 -0.03125  0.03516  0.03125  0.05469  0.17188]
   [-0.00391  0.00781 -0.00781 -0.01953  0.0625   0.06641  0.12109]
   [-0.10156 -0.02344  0.03125 -0.01953  0.09375  0.10547  0.125  ]
   [-0.05859 -0.05078  0.01562 -0.05078 -0.01172 -0.02344 -0.08984]]]


 [[[-0.1875  -0.05859 -0.00391  0.22266 -0.10547 -0.44531 -0.31641]
   [-0.05859 -0.03906 -0.05469  0.28125  0.15625  0.28516  0.25   ]
   [-0.20312 -0.41797 -0.23047  0.03516 -0.00781 -0.12891  0.08984]
   [ 0.12109  0.00781 -0.02344  0.00391 -0.19922  0.11719  0.32422]
   [-0.38672 -0.08203  0.23828  0.05859 -0.17578 -0.03516  0.10156]
   [-0.14453  0.25781  0.42578  0.10938 -0.02734 -0.08984 -0.10156]
   [-0.41016 -0.13281 -0.00391  0.03906 -0.06641 -0.29297 -0.19922]]]


 [[[ 0.01953 -0.05469 -0.05469 -0.01172 -0.03906 -0.19922 -0.17188]
   [ 0.08203  0.02344  0.05859  0.01562  0.02344  0.02734 -0.05469]
   [-0.10938 -0.05078  0.10938  0.08203 -0.01562  0.04297  0.12891]
   [-0.11719 -0.24609  0.00781  0.125   -0.05469 -0.18359 -0.02734]
   [-0.0625  -0.07031 -0.10938  0.12891  0.13672 -0.09766 -0.07031]
   [-0.09375 -0.00781 -0.16797 -0.16406  0.15234  0.01562 -0.03516]
   [-0.15625  0.01172  0.      -0.06641  0.0625   0.125   -0.01953]]]


 [[[ 0.09766 -0.00781  0.10938 -0.00781  0.07031  0.04297  0.03516]
   [ 0.05469 -0.01562  0.04297 -0.01562 -0.00391 -0.01562 -0.05469]
   [ 0.24219  0.13281  0.07812 -0.02734 -0.01562 -0.00391  0.02734]
   [ 0.16406  0.05078  0.03125 -0.10156 -0.125   -0.07812 -0.22656]
   [ 0.03125  0.05469  0.15625 -0.04688 -0.08594 -0.04297 -0.07031]
   [ 0.05469  0.00781  0.06641 -0.08594 -0.02344 -0.      -0.09766]
   [-0.39453 -0.09375  0.22656  0.00781 -0.05859 -0.00781 -0.15234]]]]...
--------------------------------------------------------------------------------
[Bias] Layer: encoder4.block.0.1.fn.0 (QuantConv2d)
  Shape: (16,)
  Bit Width: 16.0
  Signed: True
  Scale: 0.000244140625
  Sample Bias: [1.74463 0.10767 0.46582 0.24194 0.11108 0.23706 0.80615 1.28784 1.22266
 0.14014]...
################################################################################

