################################################################################
[Weight] Layer: encoder4.block.0.5 (QuantConv2d)
  Shape: (16, 64, 1, 1)
  Bit Width: 8.0
  Signed: True
  Scale: 0.00390625
  Sample Weights: [[[[ 0.0625 ]]

  [[ 0.125  ]]

  [[-0.13672]]

  [[ 0.10547]]

  [[ 0.12891]]

  [[-0.12109]]

  [[-0.00391]]

  [[-0.02734]]

  [[-0.23438]]

  [[ 0.05469]]

  [[ 0.11328]]

  [[ 0.00391]]

  [[ 0.02734]]

  [[-0.05078]]

  [[-0.02344]]

  [[ 0.19531]]

  [[-0.02734]]

  [[-0.01953]]

  [[-0.11719]]

  [[-0.09375]]

  [[-0.     ]]

  [[-0.12109]]

  [[ 0.06641]]

  [[-0.08984]]

  [[ 0.04297]]

  [[ 0.23828]]

  [[-0.04688]]

  [[-0.25   ]]

  [[-0.03906]]

  [[ 0.23047]]

  [[-0.04688]]

  [[ 0.05469]]

  [[-0.10547]]

  [[-0.07812]]

  [[ 0.16016]]

  [[-0.03125]]

  [[ 0.01172]]

  [[-0.24219]]

  [[-0.14062]]

  [[ 0.07031]]

  [[-0.05859]]

  [[-0.05469]]

  [[ 0.12109]]

  [[ 0.07031]]

  [[-0.07812]]

  [[-0.17578]]

  [[-0.19141]]

  [[ 0.11328]]

  [[-0.1875 ]]

  [[ 0.01562]]

  [[ 0.07812]]

  [[-0.09766]]

  [[ 0.01172]]

  [[-0.21875]]

  [[ 0.04688]]

  [[ 0.07422]]

  [[-0.01953]]

  [[-0.00781]]

  [[ 0.03125]]

  [[-0.12109]]

  [[ 0.06641]]

  [[ 0.09375]]

  [[ 0.11719]]

  [[-0.00781]]]


 [[[-0.14844]]

  [[-0.12891]]

  [[ 0.13672]]

  [[-0.32422]]

  [[ 0.11719]]

  [[-0.07422]]

  [[-0.0625 ]]

  [[-0.14062]]

  [[-0.15234]]

  [[ 0.28516]]

  [[ 0.07812]]

  [[ 0.07422]]

  [[-0.25781]]

  [[-0.04297]]

  [[-0.01172]]

  [[-0.16016]]

  [[-0.10156]]

  [[ 0.36328]]

  [[-0.00391]]

  [[ 0.15234]]

  [[-0.08203]]

  [[-0.15234]]

  [[ 0.00391]]

  [[ 0.01562]]

  [[-0.21094]]

  [[-0.03516]]

  [[-0.125  ]]

  [[-0.03906]]

  [[-0.10156]]

  [[ 0.19141]]

  [[ 0.19922]]

  [[-0.22266]]

  [[-0.125  ]]

  [[-0.08203]]

  [[ 0.07031]]

  [[-0.07812]]

  [[-0.06641]]

  [[ 0.08203]]

  [[-0.00781]]

  [[-0.20312]]

  [[-0.08984]]

  [[ 0.15234]]

  [[ 0.04297]]

  [[-0.01562]]

  [[-0.29297]]

  [[-0.03516]]

  [[ 0.14062]]

  [[ 0.14844]]

  [[-0.03125]]

  [[-0.36719]]

  [[ 0.32031]]

  [[-0.19922]]

  [[-0.     ]]

  [[ 0.05078]]

  [[-0.21875]]

  [[ 0.10156]]

  [[-0.3125 ]]

  [[ 0.23828]]

  [[-0.15625]]

  [[ 0.01172]]

  [[-0.0625 ]]

  [[ 0.11328]]

  [[-0.15625]]

  [[-0.10938]]]


 [[[ 0.09375]]

  [[ 0.10938]]

  [[-0.21484]]

  [[ 0.05859]]

  [[-0.05859]]

  [[-0.05078]]

  [[ 0.05078]]

  [[ 0.04688]]

  [[ 0.14844]]

  [[ 0.04297]]

  [[ 0.02344]]

  [[-0.16016]]

  [[ 0.0625 ]]

  [[-0.19141]]

  [[ 0.00781]]

  [[ 0.25391]]

  [[-0.375  ]]

  [[ 0.03516]]

  [[-0.05078]]

  [[-0.19531]]

  [[-0.05469]]

  [[-0.15234]]

  [[ 0.     ]]

  [[-0.03906]]

  [[-0.02734]]

  [[ 0.125  ]]

  [[ 0.05078]]

  [[ 0.05469]]

  [[ 0.04688]]

  [[ 0.02734]]

  [[-0.08203]]

  [[ 0.14062]]

  [[ 0.14844]]

  [[-0.09375]]

  [[ 0.07422]]

  [[ 0.05859]]

  [[ 0.23047]]

  [[ 0.15234]]

  [[-0.17578]]

  [[ 0.02734]]

  [[-0.00781]]

  [[ 0.11328]]

  [[ 0.17188]]

  [[ 0.09766]]

  [[ 0.03516]]

  [[-0.12109]]

  [[ 0.03125]]

  [[ 0.07031]]

  [[-0.01172]]

  [[-0.23828]]

  [[ 0.04688]]

  [[-0.21484]]

  [[-0.02734]]

  [[ 0.08203]]

  [[ 0.13281]]

  [[-0.01172]]

  [[ 0.1875 ]]

  [[ 0.14844]]

  [[ 0.16016]]

  [[-0.01172]]

  [[ 0.09766]]

  [[ 0.01953]]

  [[ 0.15625]]

  [[ 0.00781]]]


 [[[-0.12109]]

  [[-0.06641]]

  [[ 0.10547]]

  [[-0.09766]]

  [[ 0.03516]]

  [[-0.17188]]

  [[-0.16406]]

  [[-0.14453]]

  [[-0.27734]]

  [[-0.01953]]

  [[-0.06641]]

  [[-0.01562]]

  [[-0.13672]]

  [[-0.0625 ]]

  [[-0.13672]]

  [[-0.14062]]

  [[ 0.19922]]

  [[-0.15625]]

  [[-0.23438]]

  [[ 0.05469]]

  [[-0.11328]]

  [[-0.13672]]

  [[-0.01172]]

  [[-0.12109]]

  [[ 0.17578]]

  [[-0.09766]]

  [[-0.00781]]

  [[-0.18359]]

  [[-0.05859]]

  [[ 0.15625]]

  [[ 0.08203]]

  [[-0.15234]]

  [[ 0.00391]]

  [[ 0.01172]]

  [[ 0.01953]]

  [[ 0.00781]]

  [[-0.05859]]

  [[-0.30078]]

  [[-0.35547]]

  [[-0.14062]]

  [[ 0.06641]]

  [[-0.06641]]

  [[-0.25   ]]

  [[-0.11328]]

  [[-0.46875]]

  [[-0.14453]]

  [[-0.19531]]

  [[-0.05859]]

  [[-0.17578]]

  [[ 0.125  ]]

  [[ 0.10938]]

  [[-0.12891]]

  [[ 0.00781]]

  [[-0.18359]]

  [[ 0.13281]]

  [[ 0.20312]]

  [[ 0.14453]]

  [[-0.13281]]

  [[ 0.26562]]

  [[-0.03906]]

  [[-0.08984]]

  [[-0.10547]]

  [[ 0.08594]]

  [[-0.13281]]]


 [[[ 0.05469]]

  [[-0.13672]]

  [[-0.13672]]

  [[-0.22656]]

  [[ 0.12109]]

  [[-0.25391]]

  [[ 0.07031]]

  [[ 0.17969]]

  [[-0.23828]]

  [[-0.26172]]

  [[ 0.22266]]

  [[ 0.07031]]

  [[ 0.11719]]

  [[-0.1875 ]]

  [[ 0.01172]]

  [[ 0.01562]]

  [[-0.16016]]

  [[ 0.09766]]

  [[-0.25   ]]

  [[-0.3125 ]]

  [[ 0.11719]]

  [[-0.01172]]

  [[ 0.09375]]

  [[-0.20312]]

  [[ 0.01172]]

  [[-0.04297]]

  [[ 0.04297]]

  [[-0.12891]]

  [[ 0.04297]]

  [[ 0.01953]]

  [[-0.34766]]

  [[ 0.16406]]

  [[-0.01562]]

  [[ 0.22266]]

  [[ 0.15625]]

  [[ 0.05469]]

  [[ 0.16797]]

  [[-0.10547]]

  [[-0.14062]]

  [[-0.33594]]

  [[-0.13672]]

  [[-0.09766]]

  [[ 0.23047]]

  [[-0.03906]]

  [[-0.23828]]

  [[-0.20703]]

  [[-0.25781]]

  [[ 0.10938]]

  [[-0.42578]]

  [[-0.14453]]

  [[-0.03516]]

  [[-0.00781]]

  [[-0.04688]]

  [[-0.21484]]

  [[-0.11328]]

  [[ 0.13672]]

  [[ 0.19141]]

  [[ 0.13672]]

  [[ 0.07422]]

  [[-0.22266]]

  [[ 0.00781]]

  [[-0.12891]]

  [[ 0.15234]]

  [[-0.08594]]]


 [[[-0.05469]]

  [[-0.0625 ]]

  [[-0.07812]]

  [[-0.14844]]

  [[-0.03125]]

  [[ 0.09375]]

  [[-0.03125]]

  [[-0.03516]]

  [[ 0.00781]]

  [[-0.20312]]

  [[-0.03906]]

  [[-0.01562]]

  [[-0.17969]]

  [[ 0.16406]]

  [[-0.12891]]

  [[-0.28125]]

  [[ 0.10547]]

  [[-0.07812]]

  [[-0.07031]]

  [[-0.09375]]

  [[ 0.17188]]

  [[-0.13281]]

  [[ 0.01953]]

  [[-0.19141]]

  [[-0.08984]]

  [[ 0.04297]]

  [[-0.20312]]

  [[-0.09375]]

  [[-0.26562]]

  [[-0.02734]]

  [[-0.03516]]

  [[-0.07812]]

  [[-0.08203]]

  [[-0.13281]]

  [[-0.08203]]

  [[ 0.08594]]

  [[-0.16016]]

  [[-0.15625]]

  [[-0.19141]]

  [[-0.01172]]

  [[-0.19141]]

  [[-0.27344]]

  [[-0.07422]]

  [[-0.16797]]

  [[ 0.07031]]

  [[-0.05859]]

  [[-0.15625]]

  [[ 0.11328]]

  [[ 0.11328]]

  [[-0.00391]]

  [[ 0.20312]]

  [[-0.20312]]

  [[ 0.     ]]

  [[-0.12891]]

  [[ 0.06641]]

  [[-0.125  ]]

  [[-0.29297]]

  [[-0.15234]]

  [[-0.05078]]

  [[-0.26172]]

  [[ 0.08984]]

  [[-0.16016]]

  [[-0.16406]]

  [[ 0.09375]]]


 [[[-0.01953]]

  [[ 0.02344]]

  [[ 0.07031]]

  [[ 0.24219]]

  [[ 0.02734]]

  [[-0.00781]]

  [[-0.0625 ]]

  [[-0.04688]]

  [[ 0.14453]]

  [[-0.03906]]

  [[ 0.21875]]

  [[-0.20312]]

  [[-0.11328]]

  [[-0.17969]]

  [[ 0.03906]]

  [[ 0.08984]]

  [[-0.15625]]

  [[-0.09766]]

  [[-0.00391]]

  [[-0.33594]]

  [[-0.37109]]

  [[ 0.41797]]

  [[ 0.11328]]

  [[-0.11328]]

  [[-0.0625 ]]

  [[-0.01172]]

  [[ 0.26562]]

  [[-0.23438]]

  [[ 0.17969]]

  [[ 0.03516]]

  [[-0.14062]]

  [[ 0.11719]]

  [[-0.13281]]

  [[ 0.10938]]

  [[ 0.05859]]

  [[ 0.02344]]

  [[-0.03516]]

  [[-0.49219]]

  [[ 0.07812]]

  [[ 0.14453]]

  [[ 0.17188]]

  [[-0.13672]]

  [[-0.07812]]

  [[ 0.22656]]

  [[-0.26953]]

  [[ 0.15625]]

  [[-0.08594]]

  [[ 0.04297]]

  [[ 0.23828]]

  [[-0.01172]]

  [[-0.08203]]

  [[ 0.12891]]

  [[-0.     ]]

  [[-0.05078]]

  [[ 0.03125]]

  [[ 0.12109]]

  [[-0.06641]]

  [[-0.26953]]

  [[-0.07812]]

  [[-0.07812]]

  [[ 0.01172]]

  [[-0.00391]]

  [[ 0.00391]]

  [[-0.12891]]]


 [[[ 0.03125]]

  [[-0.24219]]

  [[-0.10156]]

  [[ 0.08594]]

  [[-0.20312]]

  [[-0.05078]]

  [[-0.     ]]

  [[ 0.04688]]

  [[-0.37891]]

  [[-0.30859]]

  [[-0.1875 ]]

  [[ 0.26562]]

  [[ 0.20703]]

  [[-0.09766]]

  [[-0.06641]]

  [[ 0.09375]]

  [[-0.08203]]

  [[-0.16797]]

  [[-0.00391]]

  [[-0.32422]]

  [[ 0.06641]]

  [[-0.05859]]

  [[-0.05859]]

  [[-0.08203]]

  [[ 0.07422]]

  [[-0.26953]]

  [[-0.12109]]

  [[-0.26172]]

  [[ 0.00781]]

  [[-0.23828]]

  [[-0.17969]]

  [[ 0.04297]]

  [[-0.19141]]

  [[ 0.15234]]

  [[ 0.05078]]

  [[-0.09766]]

  [[ 0.12891]]

  [[-0.32812]]

  [[-0.09766]]

  [[ 0.07812]]

  [[-0.02734]]

  [[-0.20312]]

  [[ 0.19922]]

  [[-0.04688]]

  [[-0.23828]]

  [[-0.21484]]

  [[-0.14844]]

  [[-0.08594]]

  [[-0.21875]]

  [[-0.17578]]

  [[ 0.14453]]

  [[ 0.19922]]

  [[ 0.04297]]

  [[-0.20703]]

  [[-0.07812]]

  [[-0.14062]]

  [[ 0.23047]]

  [[ 0.0625 ]]

  [[ 0.10547]]

  [[-0.21094]]

  [[-0.04688]]

  [[-0.125  ]]

  [[ 0.28906]]

  [[-0.04297]]]


 [[[-0.19531]]

  [[-0.10156]]

  [[ 0.09375]]

  [[ 0.02734]]

  [[ 0.07031]]

  [[ 0.11328]]

  [[ 0.12891]]

  [[ 0.07031]]

  [[ 0.02344]]

  [[-0.11719]]

  [[-0.08984]]

  [[ 0.05469]]

  [[ 0.00391]]

  [[-0.11328]]

  [[ 0.00391]]

  [[-0.19922]]

  [[ 0.03516]]

  [[ 0.09375]]

  [[ 0.14844]]

  [[ 0.01953]]

  [[ 0.02344]]

  [[ 0.07031]]

  [[-0.01953]]

  [[ 0.16797]]

  [[-0.15234]]

  [[-0.17188]]

  [[-0.00781]]

  [[ 0.09766]]

  [[ 0.06641]]

  [[-0.15234]]

  [[ 0.04297]]

  [[-0.02734]]

  [[-0.0625 ]]

  [[ 0.01562]]

  [[-0.21875]]

  [[-0.00391]]

  [[-0.17188]]

  [[-0.00391]]

  [[ 0.21094]]

  [[-0.01953]]

  [[ 0.18359]]

  [[-0.08594]]

  [[-0.05859]]

  [[-0.03516]]

  [[-0.01953]]

  [[ 0.13672]]

  [[ 0.13672]]

  [[-0.05859]]

  [[ 0.08594]]

  [[-0.17578]]

  [[ 0.08203]]

  [[ 0.16406]]

  [[ 0.     ]]

  [[ 0.08594]]

  [[-0.10547]]

  [[-0.0625 ]]

  [[-0.03516]]

  [[-0.01953]]

  [[-0.19531]]

  [[ 0.10547]]

  [[-0.01562]]

  [[ 0.01953]]

  [[-0.26953]]

  [[ 0.12891]]]


 [[[-0.19922]]

  [[-0.1875 ]]

  [[ 0.1875 ]]

  [[-0.125  ]]

  [[ 0.07422]]

  [[ 0.05078]]

  [[-0.00781]]

  [[-0.01953]]

  [[-0.08203]]

  [[ 0.07812]]

  [[-0.42578]]

  [[-0.10547]]

  [[-0.02344]]

  [[-0.19922]]

  [[ 0.02734]]

  [[-0.20703]]

  [[-0.12891]]

  [[ 0.01562]]

  [[-0.01172]]

  [[-0.00391]]

  [[-0.01562]]

  [[-0.19141]]

  [[-0.13281]]

  [[ 0.16016]]

  [[-0.20703]]

  [[-0.05469]]

  [[-0.03125]]

  [[-0.13672]]

  [[ 0.10156]]

  [[-0.30078]]

  [[-0.01953]]

  [[-0.125  ]]

  [[-0.39062]]

  [[-0.13672]]

  [[ 0.21875]]

  [[-0.30078]]

  [[-0.17578]]

  [[-0.47266]]

  [[ 0.40234]]

  [[-0.01172]]

  [[-0.10938]]

  [[-0.12891]]

  [[ 0.01562]]

  [[ 0.07812]]

  [[-0.02734]]

  [[-0.22656]]

  [[ 0.08984]]

  [[-0.03125]]

  [[ 0.09375]]

  [[-0.05859]]

  [[ 0.05859]]

  [[ 0.06641]]

  [[ 0.     ]]

  [[ 0.00781]]

  [[-0.32812]]

  [[-0.49609]]

  [[-0.13672]]

  [[ 0.15625]]

  [[-0.0625 ]]

  [[-0.00391]]

  [[-0.17969]]

  [[ 0.18359]]

  [[-0.22656]]

  [[-0.24219]]]]...
--------------------------------------------------------------------------------
[Bias] Layer: encoder4.block.0.5 (QuantConv2d)
  Shape: (16,)
  Bit Width: 16.0
  Signed: True
  Scale: 0.000244140625
  Sample Bias: [-0.04858  0.16797 -0.19556  0.59375  0.66699  0.83081 -0.23926  0.57837
  0.0918   1.29932]...
################################################################################

