################################################################################
[Weight] Layer: encoder4.up.conv.0 (QuantConv2d)
  Shape: (16, 16, 3, 3)
  Bit Width: 8.0
  Signed: True
  Scale: 0.001953125
  Sample Weights: [[[[-0.05664 -0.03906 -0.08203]
   [-0.05469 -0.01758 -0.10547]
   [-0.01953 -0.04492 -0.02539]]

  [[-0.00586  0.07031  0.00781]
   [-0.09961 -0.09961 -0.0625 ]
   [ 0.00391  0.03711  0.0332 ]]

  [[-0.12305 -0.0332  -0.06836]
   [-0.12891 -0.06641 -0.08789]
   [-0.13477 -0.08984 -0.10547]]

  ...

  [[-0.05273 -0.02734 -0.12891]
   [-0.12891 -0.02148 -0.10742]
   [-0.06445 -0.03516 -0.05664]]

  [[-0.04492 -0.10156 -0.02148]
   [ 0.04102 -0.08203 -0.05078]
   [ 0.05078 -0.04883 -0.0293 ]]

  [[ 0.04883 -0.07031 -0.10352]
   [ 0.05078 -0.06445  0.03711]
   [-0.02344 -0.11523 -0.00195]]]


 [[[-0.08789 -0.04688 -0.02539]
   [-0.01172  0.07812  0.04102]
   [-0.05859  0.07617  0.02148]]

  [[-0.1582  -0.12891  0.07812]
   [-0.07227 -0.07227  0.0332 ]
   [-0.04883 -0.07227  0.01953]]

  [[ 0.01172  0.0293  -0.16406]
   [ 0.02734  0.08398 -0.06836]
   [ 0.08398  0.0918  -0.01758]]

  ...

  [[-0.02148  0.00586 -0.11523]
   [ 0.08594  0.08984 -0.01953]
   [-0.01562  0.01367 -0.00977]]

  [[ 0.05664 -0.02148 -0.16992]
   [ 0.0293  -0.04297 -0.18164]
   [ 0.13281  0.02539 -0.14258]]

  [[-0.06641 -0.00586 -0.15625]
   [-0.08984 -0.04102 -0.08984]
   [-0.05859 -0.05273 -0.01953]]]


 [[[ 0.12305  0.05078 -0.07422]
   [ 0.08594 -0.07422 -0.07031]
   [-0.04492 -0.04688  0.03711]]

  [[ 0.11523 -0.01953 -0.20703]
   [ 0.01953 -0.07812 -0.16211]
   [-0.07227 -0.05469 -0.08984]]

  [[ 0.11133 -0.02734 -0.01367]
   [-0.03906 -0.10742 -0.08789]
   [-0.04297 -0.15234 -0.09961]]

  ...

  [[ 0.125   -0.00977 -0.05273]
   [ 0.02539 -0.08203 -0.00781]
   [-0.05273 -0.12109 -0.08008]]

  [[-0.06641 -0.06641  0.     ]
   [ 0.01562  0.09961  0.08203]
   [ 0.04883 -0.01172 -0.00781]]

  [[-0.0625  -0.03125  0.0293 ]
   [-0.       0.07812  0.05859]
   [ 0.02148  0.08594 -0.00391]]]


 ...


 [[[ 0.07617  0.02148  0.08203]
   [-0.15039 -0.08203 -0.10547]
   [ 0.04102  0.01367  0.04102]]

  [[ 0.0293   0.06055  0.05859]
   [ 0.07227 -0.03516 -0.08008]
   [ 0.01562 -0.09766 -0.05078]]

  [[-0.23047 -0.19531 -0.04688]
   [-0.06055 -0.10156 -0.08203]
   [ 0.12695  0.05859  0.15234]]

  ...

  [[-0.14258 -0.09375 -0.02734]
   [-0.17773 -0.08594 -0.19922]
   [ 0.05273 -0.06836  0.     ]]

  [[-0.02148  0.0332   0.07031]
   [ 0.02344 -0.02148 -0.01758]
   [-0.10352 -0.01953  0.00781]]

  [[-0.00977 -0.05078  0.00391]
   [ 0.03125  0.125    0.1543 ]
   [-0.04883  0.03711  0.01562]]]


 [[[-0.16992 -0.21484 -0.14062]
   [-0.04297 -0.00195  0.01367]
   [-0.00195  0.04883  0.06055]]

  [[ 0.16602  0.06836 -0.01758]
   [ 0.14453  0.05859  0.06641]
   [-0.08984 -0.03906  0.15625]]

  [[ 0.0625  -0.09375 -0.07617]
   [ 0.0332  -0.09961 -0.11133]
   [ 0.11914  0.11523 -0.00781]]

  ...

  [[-0.00195 -0.12891 -0.09961]
   [ 0.07031 -0.14648 -0.12891]
   [ 0.05078  0.11133  0.12891]]

  [[-0.01953  0.00391  0.18359]
   [-0.11914 -0.18359 -0.07812]
   [-0.12305 -0.12891 -0.11914]]

  [[ 0.05664 -0.01953  0.09375]
   [-0.07227 -0.10742 -0.03125]
   [-0.06836 -0.14844 -0.04297]]]


 [[[ 0.01758 -0.14258 -0.04883]
   [-0.15039 -0.0918  -0.00586]
   [-0.04883  0.01172  0.04102]]

  [[-0.09766 -0.1875   0.0332 ]
   [-0.01758 -0.05664 -0.00781]
   [ 0.0625   0.06641 -0.08594]]

  [[-0.08789 -0.09375  0.00195]
   [-0.03906  0.01758  0.01953]
   [ 0.10547  0.08203  0.05273]]

  ...

  [[-0.08203 -0.11914 -0.03711]
   [-0.00781  0.0918   0.06055]
   [ 0.10352  0.14648  0.125  ]]

  [[-0.02539 -0.04883 -0.05078]
   [ 0.04883  0.06445 -0.06055]
   [ 0.07812  0.00586  0.09961]]

  [[ 0.09766  0.13086  0.0957 ]
   [ 0.24805  0.23047 -0.10938]
   [ 0.24805 -0.08984 -0.13086]]]]...
--------------------------------------------------------------------------------
[Bias] Layer: encoder4.up.conv.0 (QuantConv2d)
  Shape: (16,)
  Bit Width: 16.0
  Signed: True
  Scale: 0.0001220703125
  Sample Bias: [ 1.11377  0.19666  0.28149 -0.40308 -0.42578  0.61426  0.33948 -0.45508
 -0.2063  -0.66125]...
################################################################################

