################################################################################
[Weight] Layer: encoder5.block.0.0.fn.0 (QuantConv2d)
  Shape: (16, 1, 9, 9)
  Bit Width: 8.0
  Signed: True
  Scale: 0.0078125
  Sample Weights: [[[[-0.23438 -0.08594 -0.10938 -0.1875  -0.125   -0.03125 -0.02344
    -0.03125  0.05469]
   [-0.17188 -0.07812 -0.10938 -0.10156 -0.07031 -0.03906  0.
     0.03906  0.0625 ]
   [-0.16406 -0.09375 -0.11719 -0.11719 -0.09375 -0.0625   0.01562
     0.07031  0.13281]
   [-0.17969 -0.09375 -0.07031 -0.03906  0.00781  0.07812  0.03906
     0.09375  0.09375]
   [-0.21094 -0.10156 -0.02344  0.07812  0.00781 -0.      -0.01562
    -0.       0.08594]
   [-0.14844  0.05469  0.03906  0.07812  0.0625   0.10156  0.07031
     0.07812  0.17969]
   [-0.17188 -0.07812  0.      -0.01562 -0.02344  0.08594  0.02344
     0.00781  0.04688]
   [-0.17188 -0.15625 -0.03125 -0.10938 -0.10156 -0.01562 -0.08594
    -0.02344  0.02344]
   [-0.16406 -0.09375 -0.00781 -0.05469 -0.05469 -0.02344  0.03125
     0.03125  0.04688]]]


 [[[-0.07031  0.11719  0.07031  0.02344 -0.03906 -0.03906  0.05469
    -0.14062 -0.22656]
   [-0.125    0.02344  0.03125  0.03906 -0.0625  -0.       0.03906
     0.02344 -0.02344]
   [-0.05469  0.00781  0.05469 -0.23438 -0.17969 -0.10938  0.05469
     0.07812  0.125  ]
   [ 0.28125  0.03906  0.03125 -0.125   -0.04688 -0.17188 -0.20312
    -0.14062 -0.09375]
   [ 0.21875  0.34375  0.17969  0.1875   0.23438  0.03906 -0.07031
    -0.07031 -0.09375]
   [ 0.00781  0.14844  0.14062  0.23438  0.11719  0.0625  -0.20312
    -0.19531 -0.23438]
   [-0.17969 -0.02344  0.16406  0.14844 -0.00781 -0.08594 -0.15625
    -0.17969 -0.14062]
   [-0.19531 -0.04688  0.07812 -0.0625  -0.16406 -0.10938 -0.10156
    -0.0625  -0.03906]
   [-0.10938 -0.07031 -0.05469 -0.05469 -0.0625  -0.03906 -0.02344
    -0.02344  0.05469]]]


 [[[-0.0625   0.07031 -0.      -0.07812 -0.05469 -0.05469 -0.1875
    -0.21875 -0.03906]
   [ 0.02344  0.16406  0.00781 -0.07031 -0.04688 -0.10156 -0.08594
    -0.03906 -0.16406]
   [-0.05469  0.04688 -0.07812 -0.19531 -0.10156 -0.16406 -0.07812
    -0.10938 -0.22656]
   [ 0.125    0.15625  0.0625  -0.03906  0.07812 -0.23438 -0.16406
    -0.07812 -0.01562]
   [ 0.10938 -0.02344 -0.14062 -0.15625 -0.15625 -0.09375  0.14062
     0.375    0.34375]
   [ 0.00781 -0.0625  -0.20312 -0.125    0.07031  0.25781  0.42969
     0.34375  0.25781]
   [-0.09375  0.03125  0.04688  0.14844  0.34375  0.51562  0.35156
     0.13281 -0.16406]
   [ 0.10156  0.01562  0.08594  0.07812  0.19531  0.1875   0.03125
    -0.17188 -0.40625]
   [ 0.0625  -0.14062 -0.07031  0.19531  0.33594  0.22656 -0.03906
    -0.24219 -0.08594]]]


 [[[ 0.23438  0.64844  0.1875   0.27344  0.01562  0.42969  0.33594
     0.30469  0.17188]
   [ 0.07031  0.03125 -0.      -0.      -0.27344  0.10938  0.14844
    -0.1875   0.01562]
   [-0.07031 -0.03906 -0.16406 -0.19531 -0.50781 -0.04688  0.36719
    -0.23438 -0.34375]
   [-0.5625  -0.50781 -0.32812 -0.25    -0.38281  0.22656  0.28125
     0.03125 -0.02344]
   [-0.32812 -0.20312 -0.4375  -0.02344 -0.32031  0.20312  0.49219
     0.60938  0.85156]
   [-0.10156  0.24219 -0.35938 -0.      -0.4375  -0.11719  0.19531
     0.20312 -0.00781]
   [-0.       0.45312  0.32031  0.24219 -0.00781 -0.52344 -0.05469
     0.11719 -0.29688]
   [ 0.09375 -0.21094 -0.28906  0.21094  0.03125 -0.3125   0.03125
     0.03125 -0.15625]
   [ 0.17188 -0.21094 -0.4375  -0.02344  0.07031 -0.14062  0.41406
     0.39844  0.04688]]]


 [[[-0.05469  0.16406  0.28125  0.14062 -0.0625  -0.10156 -0.05469
    -0.03125  0.02344]
   [-0.16406  0.125    0.24219  0.21094 -0.02344 -0.25    -0.16406
    -0.02344 -0.08594]
   [-0.11719 -0.02344  0.10938  0.30469  0.29688  0.14844  0.13281
     0.02344  0.03906]
   [-0.08594 -0.125   -0.09375  0.0625   0.16406  0.32031  0.25
     0.10938  0.07031]
   [ 0.00781 -0.03906 -0.07812 -0.1875  -0.3125   0.04688  0.21875
     0.11719  0.16406]
   [-0.11719  0.05469 -0.00781 -0.10156 -0.36719 -0.39844 -0.04688
    -0.02344  0.07031]
   [-0.25781 -0.10938 -0.05469 -0.14062 -0.17188 -0.23438 -0.13281
    -0.03906 -0.00781]
   [ 0.03125  0.00781 -0.16406 -0.07812 -0.13281 -0.14062  0.09375
     0.04688 -0.10938]
   [-0.05469 -0.02344 -0.125   -0.25781 -0.21875 -0.21875  0.03906
    -0.01562 -0.04688]]]


 [[[-0.17969 -0.07812 -0.03906  0.03125  0.00781 -0.17969 -0.21875
     0.       0.17188]
   [-0.25781 -0.30469 -0.13281  0.07031  0.07031 -0.10156 -0.28125
    -0.24219 -0.     ]
   [-0.1875  -0.23438 -0.10938 -0.10156  0.07812 -0.01562 -0.20312
    -0.25781 -0.09375]
   [-0.0625  -0.10938 -0.19531 -0.13281 -0.04688 -0.03125 -0.11719
    -0.09375 -0.23438]
   [ 0.1875  -0.02344 -0.07031 -0.04688 -0.01562 -0.10938 -0.125
    -0.14844 -0.24219]
   [ 0.15625  0.04688  0.14844  0.01562  0.00781 -0.09375 -0.21094
    -0.22656 -0.1875 ]
   [ 0.20312  0.13281  0.14062  0.05469  0.13281  0.03125 -0.03125
    -0.03906 -0.13281]
   [ 0.15625  0.14844  0.02344  0.0625   0.13281  0.10156  0.09375
    -0.09375 -0.21094]
   [ 0.00781 -0.00781  0.03906  0.07812  0.03906  0.01562 -0.07031
    -0.07031 -0.22656]]]


 [[[-0.35156 -0.07812 -0.01562 -0.16406 -0.17969 -0.07812  0.00781
     0.03125  0.03125]
   [ 0.03906  0.09375  0.10938 -0.17969 -0.17969 -0.14062  0.0625
     0.14844  0.10156]
   [-0.01562  0.03906 -0.14844 -0.17188 -0.10156 -0.04688  0.04688
    -0.       0.07031]
   [-0.03125 -0.10156 -0.07812 -0.04688  0.07031  0.00781 -0.
    -0.00781  0.05469]
   [-0.10156 -0.      -0.03125  0.23438  0.29688  0.13281  0.01562
     0.14844  0.00781]
   [ 0.11719  0.125    0.11719  0.11719  0.07812  0.16406  0.
    -0.10156 -0.05469]
   [ 0.05469  0.01562 -0.04688 -0.02344  0.10156  0.05469 -0.13281
    -0.17969 -0.03125]
   [ 0.01562  0.0625   0.03125  0.03906  0.11719 -0.00781 -0.25
    -0.27344 -0.10156]
   [-0.14844 -0.03125  0.03906 -0.08594 -0.0625  -0.10156 -0.03906
    -0.10156 -0.07812]]]


 [[[ 0.01562  0.11719  0.11719 -0.01562 -0.07812 -0.25781 -0.10938
     0.02344  0.00781]
   [-0.16406 -0.09375 -0.03125 -0.0625  -0.04688 -0.03906 -0.10156
    -0.03906 -0.03906]
   [ 0.14844  0.09375  0.08594  0.04688  0.03906 -0.0625   0.03906
     0.03125 -0.01562]
   [-0.16406 -0.14062 -0.09375 -0.17969 -0.14062 -0.07031 -0.03125
    -0.14844 -0.30469]
   [ 0.03906  0.14062  0.14062  0.03906 -0.14844 -0.       0.125
     0.17969 -0.03906]
   [ 0.11719  0.05469  0.05469  0.02344  0.05469  0.01562  0.00781
     0.10938  0.     ]
   [-0.00781  0.03125  0.02344  0.       0.07812 -0.11719 -0.21094
    -0.11719 -0.13281]
   [ 0.01562  0.02344  0.09375  0.13281  0.125    0.11719 -0.02344
    -0.02344  0.     ]
   [-0.03906 -0.05469  0.05469 -0.04688 -0.03125  0.03125 -0.0625
    -0.0625  -0.27344]]]


 [[[-0.21875 -0.13281 -0.11719  0.01562 -0.08594  0.11719  0.27344
     0.       0.05469]
   [-0.14844 -0.16406 -0.21875 -0.01562 -0.07812  0.07812  0.20312
    -0.02344 -0.03125]
   [-0.03125 -0.07812 -0.20312  0.09375  0.10156  0.13281  0.27344
     0.20312  0.28906]
   [ 0.10156 -0.02344 -0.15625 -0.0625  -0.05469  0.0625   0.19531
     0.10938  0.14844]
   [ 0.09375  0.08594 -0.11719 -0.14844 -0.17188 -0.26562 -0.14062
    -0.17188 -0.14062]
   [ 0.07031  0.10156 -0.10938  0.16406  0.22656  0.03906  0.00781
    -0.03125 -0.01562]
   [-0.08594 -0.10156 -0.23438 -0.04688  0.14062 -0.05469 -0.13281
     0.04688 -0.03906]
   [-0.13281 -0.03906 -0.10156 -0.03906  0.07812  0.00781 -0.125
    -0.03906 -0.17188]
   [-0.21875  0.02344  0.02344  0.05469  0.125   -0.00781 -0.14062
    -0.08594 -0.0625 ]]]


 [[[ 0.07812  0.01562 -0.       0.11719  0.14844  0.09375  0.07031
     0.03125 -0.07812]
   [ 0.17188  0.07031  0.02344 -0.01562 -0.07812  0.02344  0.
     0.03125  0.05469]
   [ 0.15625 -0.03125 -0.09375 -0.21094 -0.25    -0.00781  0.07031
     0.10156  0.07812]
   [ 0.14844  0.02344  0.02344 -0.14844 -0.1875  -0.03906 -0.01562
    -0.0625  -0.11719]
   [ 0.13281 -0.00781  0.14844  0.03125 -0.08594 -0.14844 -0.05469
     0.02344 -0.13281]
   [ 0.14062 -0.01562  0.14844  0.15625  0.15625 -0.09375 -0.28125
    -0.125   -0.23438]
   [ 0.125   -0.14062 -0.0625  -0.04688  0.17188  0.11719 -0.125
    -0.10156  0.     ]
   [-0.03906 -0.11719 -0.15625 -0.04688  0.14844  0.07812  0.04688
    -0.03906  0.125  ]
   [-0.02344  0.05469  0.00781  0.10938  0.125   -0.01562  0.05469
     0.07812  0.14062]]]]...
--------------------------------------------------------------------------------
[Bias] Layer: encoder5.block.0.0.fn.0 (QuantConv2d)
  Shape: (16,)
  Bit Width: 16.0
  Signed: True
  Scale: 0.00048828125
  Sample Bias: [ 0.37695 -0.01807 -0.26807 -0.13525  0.41406  1.01953 -0.04883  0.45898
  0.07715 -0.23242]...
################################################################################

