################################################################################
[Weight] Layer: encoder5.block.0.1.fn.0 (QuantConv2d)
  Shape: (16, 1, 9, 9)
  Bit Width: 8.0
  Signed: True
  Scale: 0.00390625
  Sample Weights: [[[[ 0.05469  0.0625  -0.08203 -0.20703 -0.15234 -0.0625  -0.03516
     0.01562  0.17188]
   [ 0.16797 -0.01172 -0.15234 -0.1875  -0.02344  0.14062  0.13672
     0.10938  0.17578]
   [ 0.03516 -0.16797 -0.25781 -0.13672 -0.02734  0.07812  0.10938
     0.19531 -0.02344]
   [-0.17188 -0.30859 -0.23438 -0.09766 -0.09766  0.11719  0.07422
     0.09375 -0.06641]
   [-0.14062 -0.29297 -0.33984 -0.22266 -0.23047 -0.      -0.04297
    -0.00781  0.03906]
   [-0.13672 -0.25391 -0.21875 -0.21094 -0.23828 -0.10547 -0.01172
     0.08203  0.03516]
   [-0.03125 -0.06641 -0.07422 -0.11719 -0.20703 -0.10547  0.11328
     0.14844 -0.00391]
   [ 0.17969  0.125    0.08594 -0.00781 -0.11719  0.06641  0.14453
     0.08203  0.01953]
   [ 0.14844  0.18359  0.04297  0.03516 -0.09375  0.02344  0.07812
     0.06641  0.03516]]]


 [[[-0.07422 -0.08594 -0.06641 -0.04688 -0.06641 -0.06641 -0.03906
    -0.05078 -0.07031]
   [-0.0625  -0.125   -0.05859 -0.07422 -0.11328 -0.04297 -0.0625
    -0.10156 -0.08594]
   [-0.00781 -0.02344  0.00781  0.01172 -0.03125 -0.0625  -0.10156
    -0.04297 -0.05859]
   [-0.01172  0.01172  0.00781 -0.07812 -0.09375 -0.02344 -0.01562
     0.03906  0.0625 ]
   [-0.00781  0.08203 -0.00391 -0.09375 -0.09766 -0.01172 -0.05469
     0.04297  0.08984]
   [ 0.02734  0.08203  0.05859  0.06641  0.01562  0.04688 -0.02344
     0.06641  0.02734]
   [ 0.07031  0.12891  0.09766  0.18359  0.18359  0.125   -0.00781
     0.07031 -0.01953]
   [ 0.04688  0.04688  0.11328  0.11719  0.14062  0.08594  0.03125
     0.05859 -0.05469]
   [-0.01562  0.00781  0.02734  0.05078  0.03125 -0.04688 -0.09375
     0.00781 -0.05859]]]


 [[[ 0.07422  0.0625   0.06641  0.10156  0.07031  0.09375  0.08203
     0.10938  0.07031]
   [ 0.10156  0.05469 -0.       0.01953  0.01953  0.07031  0.07422
     0.09766  0.0625 ]
   [ 0.05859 -0.02344 -0.05859 -0.00781  0.04297  0.05078  0.05078
     0.03906  0.07422]
   [-0.0625  -0.0625  -0.07812 -0.03516  0.      -0.       0.04688
     0.03125  0.05078]
   [-0.10156 -0.07812 -0.07812 -0.01562 -0.02344  0.01953  0.03516
     0.05078  0.01953]
   [-0.01562  0.07422  0.03906  0.03125  0.01172  0.10547  0.08594
     0.03125 -0.00781]
   [ 0.04297  0.07031  0.05078  0.07422  0.12109  0.11719  0.02734
     0.02344 -0.01172]
   [ 0.05859  0.05078  0.00391  0.02734  0.02734  0.0625   0.00391
     0.01562 -0.03125]
   [ 0.01172 -0.00781  0.00781  0.03516 -0.01953 -0.02734 -0.05078
    -0.03906 -0.07422]]]


 [[[-0.09375  0.11328  0.15234  0.19141  0.17969  0.00391 -0.03906
     0.27344  0.13672]
   [-0.12891  0.02344  0.05859  0.16797  0.1875   0.00391  0.05078
     0.14453  0.22266]
   [-0.07812  0.01172  0.03906  0.       0.12109  0.26172  0.36328
     0.44922  0.35547]
   [-0.20703 -0.10547 -0.13672 -0.1875  -0.26172 -0.07422  0.10156
     0.21094  0.36328]
   [-0.17188  0.07422 -0.02734  0.05469 -0.21875 -0.33203 -0.04297
     0.10547  0.30469]
   [-0.09375 -0.05859 -0.05859 -0.12109 -0.13281 -0.28516 -0.32812
     0.125    0.32422]
   [-0.16016  0.05078 -0.15625 -0.10938  0.00781 -0.125   -0.05078
     0.0625   0.23438]
   [-0.13281 -0.00781  0.05859 -0.01172 -0.04297 -0.125    0.01953
    -0.17578 -0.01172]
   [-0.01562  0.23438  0.25781  0.13281  0.07031 -0.12891  0.03516
    -0.10938 -0.15625]]]


 [[[ 0.08594  0.07031  0.05859  0.      -0.05469  0.      -0.08203
    -0.05859  0.02734]
   [-0.00391 -0.01562 -0.01562 -0.02734 -0.02734 -0.0625  -0.00781
    -0.08594 -0.02734]
   [-0.03125  0.       0.00781 -0.       0.0625   0.05469  0.02734
     0.00391  0.01953]
   [-0.10156 -0.03125 -0.01562  0.04688  0.06641  0.10938  0.11328
     0.11719  0.07422]
   [-0.09375 -0.09766  0.02734  0.00391  0.05469  0.11719  0.09375
     0.07031  0.07812]
   [-0.12109 -0.12109 -0.11328 -0.03906  0.07812  0.15625  0.20312
     0.08594  0.03516]
   [-0.10938 -0.04688 -0.125   -0.08984 -0.04688  0.00391  0.10547
     0.04297  0.07031]
   [-0.12109 -0.03125 -0.00391 -0.01172 -0.02344  0.00391  0.
    -0.01172  0.07031]
   [-0.17188 -0.07422 -0.02344 -0.06641 -0.01953 -0.03516  0.05859
     0.06641  0.10938]]]


 [[[-0.03906 -0.05078  0.10156  0.      -0.09766  0.125    0.18359
     0.19531  0.14453]
   [-0.10938  0.04688  0.03516  0.03125  0.03516  0.17578  0.20312
     0.26562  0.23828]
   [-0.10938  0.01953  0.13672  0.08594  0.09375  0.1875   0.19922
     0.22656  0.13281]
   [-0.08203  0.00391  0.03125 -0.06641 -0.07031  0.18359  0.11328
     0.05078 -0.02344]
   [ 0.03516  0.03125  0.08594 -0.23438 -0.23047 -0.11328  0.12109
     0.07812 -0.07422]
   [-0.02734 -0.01562  0.10938 -0.14062 -0.16016 -0.10938 -0.05469
     0.01953  0.04688]
   [-0.04297 -0.06641  0.08984  0.10156 -0.05078 -0.00391  0.12109
     0.14453  0.16016]
   [ 0.06641  0.10938  0.13672  0.11328  0.02344  0.01172  0.125
     0.0625   0.07812]
   [ 0.05469  0.03125  0.00391  0.02734 -0.03125  0.01562  0.
    -0.00391 -0.07031]]]


 [[[ 0.00781  0.02344  0.02344 -0.05078 -0.07422  0.00391  0.05469
     0.04297  0.00781]
   [-0.05469 -0.09766 -0.10156 -0.09375 -0.07812 -0.07031 -0.03906
    -0.00391 -0.03906]
   [-0.10938 -0.15625 -0.13281 -0.12109 -0.10156 -0.09766 -0.10547
    -0.03125  0.01562]
   [-0.12891 -0.11328 -0.10938 -0.125   -0.10547 -0.10156 -0.03516
     0.03516  0.02734]
   [-0.125   -0.14844 -0.14062 -0.15234 -0.14062 -0.05859  0.00391
     0.       0.05078]
   [-0.02734 -0.01562  0.       0.02734  0.03906  0.01562  0.01172
     0.00781  0.03125]
   [ 0.03516  0.       0.02344  0.00781  0.0625   0.01172 -0.02734
    -0.02344  0.05469]
   [ 0.03125 -0.01562 -0.04688  0.03516  0.0625   0.01953  0.00781
     0.01562  0.06641]
   [ 0.05469 -0.00391  0.01172  0.02734  0.02734  0.02734  0.07422
     0.05859  0.04688]]]


 [[[-0.05469 -0.09375 -0.08594 -0.11719 -0.09766 -0.13672 -0.14453
    -0.14062 -0.16406]
   [-0.04297 -0.12109 -0.03906  0.03906  0.03906 -0.01172 -0.00781
    -0.01172 -0.04688]
   [ 0.01172 -0.       0.04688  0.02344 -0.00781 -0.05859 -0.07031
    -0.10938 -0.01562]
   [-0.01953  0.03125 -0.00391 -0.04297 -0.05078 -0.03125 -0.02734
    -0.03125 -0.03125]
   [-0.04688 -0.04688  0.01562 -0.00781 -0.02734  0.02734  0.07422
     0.02344  0.03125]
   [-0.10156 -0.12891 -0.08203 -0.09375 -0.01953 -0.03516 -0.08594
    -0.08203 -0.10938]
   [-0.04688 -0.07031  0.00391  0.03125  0.05078  0.05859  0.02734
    -0.06641  0.     ]
   [-0.06641 -0.08594 -0.08203  0.01562  0.01953 -0.03516 -0.07812
    -0.01953 -0.06641]
   [-0.14453 -0.08984 -0.08594 -0.01562 -0.01953 -0.00391 -0.11328
    -0.0625  -0.08594]]]


 [[[-0.08203 -0.01172 -0.10156 -0.14062 -0.10156 -0.01172 -0.07031
    -0.07812 -0.05469]
   [-0.03516  0.02734 -0.04297 -0.08203 -0.07422  0.02734 -0.02734
    -0.03516 -0.03516]
   [ 0.02344  0.04688  0.03125  0.02344 -0.01562  0.0625   0.08203
     0.01562  0.04688]
   [-0.00391  0.06641  0.11719  0.08594 -0.       0.10156  0.09375
     0.07031  0.06641]
   [ 0.01953  0.03516  0.05859  0.09375  0.02344  0.08984  0.09375
     0.04688  0.01953]
   [ 0.10938  0.07031 -0.01172  0.05078  0.07812  0.02734  0.07812
     0.01172 -0.0625 ]
   [ 0.15625  0.16016  0.04688 -0.00781  0.03906  0.02734  0.01562
     0.03516 -0.01953]
   [ 0.0625   0.14844  0.09766  0.06641 -0.02734  0.00391  0.00781
     0.03906  0.07422]
   [-0.01562  0.07422  0.04297 -0.00781 -0.05078 -0.10156 -0.02344
    -0.01953 -0.03125]]]


 [[[-0.01953 -0.10547 -0.15234 -0.10156 -0.07031 -0.05859 -0.03906
    -0.03906 -0.01172]
   [ 0.00391 -0.01562 -0.08594 -0.07812 -0.125   -0.07031 -0.04688
    -0.04297 -0.04297]
   [ 0.05469  0.01172 -0.02734 -0.03125 -0.08203 -0.06641 -0.07031
    -0.03516 -0.01953]
   [ 0.01953  0.05469  0.01953  0.01172 -0.03516 -0.05859 -0.04688
     0.02344  0.01172]
   [ 0.13672  0.12109  0.09375  0.10547  0.04688 -0.01562 -0.03516
     0.04297  0.00781]
   [ 0.08203  0.05078  0.04688  0.13281  0.08984  0.01172 -0.03125
    -0.02734 -0.05859]
   [-0.02734 -0.03516 -0.00781  0.07031  0.10547  0.0625   0.03516
     0.06641  0.05469]
   [-0.04297 -0.09375 -0.05469  0.08594  0.125    0.07031  0.03906
     0.01953  0.03516]
   [-0.02734 -0.00391 -0.04688  0.04688  0.08984  0.03125  0.07031
     0.05469  0.00391]]]]...
--------------------------------------------------------------------------------
[Bias] Layer: encoder5.block.0.1.fn.0 (QuantConv2d)
  Shape: (16,)
  Bit Width: 16.0
  Signed: True
  Scale: 0.000244140625
  Sample Bias: [ 1.4563  -0.13281 -0.8064  -0.09668  0.35718 -0.94409  0.56519  2.47339
 -0.44238  0.01465]...
################################################################################

