################################################################################
[Weight] Layer: encoder5.block.0.2 (QuantConv2d)
  Shape: (64, 16, 1, 1)
  Bit Width: 8.0
  Signed: True
  Scale: 0.00390625
  Sample Weights: [[[[ 0.01562]]

  [[ 0.07031]]

  [[-0.05469]]

  [[-0.16016]]

  [[-0.07031]]

  [[ 0.125  ]]

  [[-0.17188]]

  [[ 0.13672]]

  [[ 0.10156]]

  [[-0.08594]]

  [[ 0.07422]]

  [[-0.02734]]

  [[-0.04297]]

  [[ 0.11719]]

  [[ 0.27734]]

  [[-0.03516]]]


 [[[ 0.01562]]

  [[ 0.11719]]

  [[ 0.24609]]

  [[ 0.01562]]

  [[-0.03125]]

  [[-0.16406]]

  [[-0.07812]]

  [[ 0.23438]]

  [[ 0.07031]]

  [[ 0.0625 ]]

  [[-0.16797]]

  [[ 0.12891]]

  [[-0.24219]]

  [[-0.10547]]

  [[ 0.24609]]

  [[-0.03906]]]


 [[[-0.02344]]

  [[-0.0625 ]]

  [[-0.1875 ]]

  [[-0.16797]]

  [[ 0.0625 ]]

  [[-0.00391]]

  [[-0.07812]]

  [[ 0.02344]]

  [[-0.05469]]

  [[-0.11328]]

  [[-0.14062]]

  [[ 0.03906]]

  [[-0.05859]]

  [[-0.03906]]

  [[ 0.13281]]

  [[ 0.08984]]]


 [[[-0.03516]]

  [[-0.11719]]

  [[-0.14844]]

  [[-0.07031]]

  [[ 0.02344]]

  [[ 0.02734]]

  [[-0.09375]]

  [[ 0.15234]]

  [[-0.07031]]

  [[-0.14453]]

  [[-0.09375]]

  [[-0.0625 ]]

  [[-0.07031]]

  [[-0.19141]]

  [[ 0.01562]]

  [[-0.07031]]]


 [[[ 0.19531]]

  [[-0.04297]]

  [[ 0.03516]]

  [[ 0.03516]]

  [[-0.03516]]

  [[ 0.10547]]

  [[-0.17578]]

  [[-0.29297]]

  [[ 0.05469]]

  [[-0.09766]]

  [[ 0.28125]]

  [[-0.24219]]

  [[ 0.10938]]

  [[-0.01172]]

  [[-0.25781]]

  [[-0.04688]]]


 [[[ 0.16406]]

  [[ 0.03906]]

  [[ 0.0625 ]]

  [[-0.08594]]

  [[-0.14453]]

  [[-0.10547]]

  [[ 0.05469]]

  [[-0.08203]]

  [[-0.16797]]

  [[-0.10156]]

  [[ 0.09375]]

  [[-0.21875]]

  [[ 0.01562]]

  [[-0.07422]]

  [[-0.01172]]

  [[-0.14062]]]


 [[[-0.05078]]

  [[-0.17188]]

  [[-0.17969]]

  [[ 0.15234]]

  [[ 0.09766]]

  [[ 0.08203]]

  [[ 0.11328]]

  [[-0.01562]]

  [[ 0.08594]]

  [[-0.0625 ]]

  [[ 0.16797]]

  [[ 0.0625 ]]

  [[ 0.14844]]

  [[-0.08203]]

  [[-0.20312]]

  [[ 0.14062]]]


 [[[-0.00391]]

  [[-0.04297]]

  [[-0.00781]]

  [[-0.10938]]

  [[-0.01562]]

  [[ 0.21875]]

  [[ 0.04688]]

  [[-0.05859]]

  [[-0.04297]]

  [[-0.     ]]

  [[ 0.08984]]

  [[-0.10547]]

  [[-0.30078]]

  [[-0.16016]]

  [[-0.17969]]

  [[ 0.28906]]]


 [[[ 0.05078]]

  [[-0.08984]]

  [[ 0.07031]]

  [[ 0.05078]]

  [[ 0.04297]]

  [[-0.10938]]

  [[ 0.28906]]

  [[-0.13672]]

  [[-0.11328]]

  [[ 0.17578]]

  [[ 0.11719]]

  [[-0.05469]]

  [[ 0.08203]]

  [[-0.10156]]

  [[-0.15625]]

  [[-0.10156]]]


 [[[ 0.07031]]

  [[ 0.27734]]

  [[ 0.24219]]

  [[ 0.08594]]

  [[ 0.04297]]

  [[-0.24219]]

  [[-0.14453]]

  [[-0.38281]]

  [[ 0.25391]]

  [[ 0.08594]]

  [[-0.1875 ]]

  [[ 0.02344]]

  [[-0.08203]]

  [[-0.27344]]

  [[-0.25   ]]

  [[ 0.05469]]]]...
--------------------------------------------------------------------------------
[Bias] Layer: encoder5.block.0.2 (QuantConv2d)
  Shape: (64,)
  Bit Width: 16.0
  Signed: True
  Scale: 0.00048828125
  Sample Bias: [-0.45068 -1.24902  0.07568  1.08252  0.67041  0.25732 -0.54053  0.23047
 -0.03076  0.87158]...
################################################################################

