################################################################################
[Weight] Layer: encoder5.block.1.0.fn.0 (QuantConv2d)
  Shape: (16, 1, 9, 9)
  Bit Width: 8.0
  Signed: True
  Scale: 0.0078125
  Sample Weights: [[[[ 0.01562 -0.17969 -0.35938 -0.14062 -0.28125 -0.35938  0.3125
     0.54688  0.77344]
   [ 0.21875 -0.00781  0.10156 -0.14062 -0.05469 -0.07031  0.15625
     0.21094 -0.0625 ]
   [ 0.52344  0.23438  0.01562  0.20312 -0.0625  -0.14062 -0.35156
    -0.60156 -0.46875]
   [ 0.63281  0.23438 -0.08594 -0.08594 -0.10156 -0.27344 -0.25781
    -0.46094 -0.34375]
   [ 0.36719  0.44531  0.08594 -0.14062 -0.24219 -0.38281 -0.21094
    -0.21875 -0.15625]
   [ 0.30469  0.17969  0.01562 -0.00781 -0.22656 -0.16406 -0.08594
    -0.14844 -0.15625]
   [ 0.42188  0.09375  0.11719  0.03125  0.03125  0.03125  0.29688
     0.07812 -0.03906]
   [ 0.45312  0.13281 -0.14062 -0.01562  0.28125  0.08594  0.33594
    -0.0625  -0.33594]
   [ 0.80469  0.25781  0.17188 -0.09375  0.21094  0.46875  0.1875
     0.0625  -0.21875]]]


 [[[-0.28125 -0.23438 -0.25    -0.22656 -0.21875 -0.07031 -0.125
    -0.13281 -0.28125]
   [-0.01562 -0.03125 -0.04688 -0.125   -0.09375 -0.07812 -0.05469
    -0.15625 -0.16406]
   [ 0.10938  0.07812 -0.03125 -0.0625  -0.15625 -0.1875  -0.07812
    -0.10156 -0.17188]
   [ 0.14844 -0.0625  -0.25    -0.      -0.14062 -0.125   -0.17188
    -0.15625 -0.20312]
   [ 0.41406  0.09375 -0.03125 -0.15625 -0.13281 -0.08594 -0.15625
    -0.14062 -0.125  ]
   [ 0.375    0.33594  0.15625  0.07812 -0.07812 -0.15625  0.03125
    -0.04688 -0.14844]
   [ 0.28906  0.36719  0.53125  0.3125   0.08594 -0.09375  0.10156
     0.07031 -0.10156]
   [ 0.1875   0.25781  0.34375  0.375    0.08594  0.13281  0.14062
     0.02344  0.04688]
   [ 0.10938  0.29688  0.28125  0.1875   0.28906  0.39062  0.30469
     0.08594  0.09375]]]


 [[[ 0.16406  0.09375  0.00781  0.07812  0.0625  -0.00781 -0.02344
    -0.01562  0.11719]
   [ 0.17969  0.10156  0.05469 -0.0625  -0.02344  0.      -0.07031
     0.07812  0.11719]
   [ 0.07812 -0.04688 -0.07812 -0.00781 -0.00781 -0.03125 -0.00781
    -0.03125  0.00781]
   [ 0.05469 -0.07031 -0.08594 -0.08594  0.07031  0.      -0.01562
     0.03906  0.10156]
   [ 0.125   -0.      -0.01562 -0.00781  0.09375  0.0625  -0.
    -0.07812 -0.00781]
   [ 0.04688  0.00781 -0.0625  -0.00781  0.03125 -0.04688 -0.24219
    -0.24219 -0.125  ]
   [ 0.04688  0.       0.03906  0.05469 -0.03906 -0.21094 -0.24219
    -0.24219 -0.10156]
   [-0.01562 -0.14844 -0.03906  0.00781 -0.02344 -0.11719 -0.05469
    -0.0625  -0.11719]
   [-0.03906 -0.       0.04688  0.01562 -0.04688  0.03125 -0.07031
    -0.1875  -0.24219]]]


 [[[ 0.1875   0.3125   0.48438  0.57812  0.26562  0.21094  0.02344
    -0.14062 -0.47656]
   [ 0.22656  0.23438  0.28906  0.14062  0.23438 -0.05469 -0.26562
    -0.3125  -0.35938]
   [ 0.28125  0.25     0.14062  0.13281 -0.02344 -0.22656 -0.20312
    -0.125   -0.13281]
   [ 0.125    0.14062  0.08594 -0.03906 -0.03125 -0.09375  0.03125
    -0.05469 -0.04688]
   [-0.14062 -0.00781  0.14062 -0.0625  -0.02344 -0.07031 -0.03125
    -0.15625 -0.08594]
   [-0.02344  0.01562 -0.05469  0.00781 -0.11719 -0.11719 -0.08594
    -0.00781 -0.0625 ]
   [ 0.05469 -0.      -0.07031 -0.01562 -0.11719 -0.05469 -0.0625
     0.02344 -0.07031]
   [-0.14062 -0.16406 -0.07812 -0.02344 -0.05469 -0.09375 -0.09375
    -0.13281 -0.04688]
   [-0.39062 -0.32812 -0.14844 -0.11719 -0.21875 -0.14844 -0.10156
    -0.15625 -0.07812]]]


 [[[ 0.35156  0.27344  0.25781  0.14062  0.08594  0.28906  0.14062
     0.02344 -0.32812]
   [ 0.25781  0.15625  0.21094  0.10156  0.15625  0.20312  0.21094
     0.05469 -0.1875 ]
   [ 0.32031  0.14844  0.22656  0.10156  0.01562  0.      -0.02344
    -0.13281 -0.25781]
   [ 0.4375   0.11719  0.07031  0.03125 -0.19531 -0.20312 -0.04688
    -0.09375 -0.13281]
   [ 0.24219  0.10938 -0.07812 -0.14844 -0.25781 -0.25781 -0.08594
     0.01562 -0.14062]
   [-0.01562 -0.11719 -0.04688  0.      -0.07031 -0.125   -0.02344
    -0.      -0.03906]
   [-0.02344 -0.125   -0.13281 -0.03125  0.02344 -0.01562 -0.03906
    -0.02344 -0.11719]
   [-0.16406 -0.08594 -0.07031 -0.03906 -0.02344 -0.05469  0.01562
    -0.09375 -0.05469]
   [-0.17969 -0.11719 -0.10938 -0.13281 -0.07031 -0.21094 -0.10938
    -0.14844 -0.1875 ]]]


 [[[-0.07812 -0.125   -0.04688  0.00781 -0.05469 -0.04688 -0.0625
    -0.05469 -0.10938]
   [-0.19531 -0.19531 -0.09375  0.09375  0.00781 -0.01562 -0.01562
    -0.02344 -0.05469]
   [ 0.01562  0.01562  0.02344 -0.02344 -0.04688 -0.04688 -0.07812
    -0.14062 -0.03125]
   [-0.03125 -0.07812 -0.17188 -0.27344 -0.28125 -0.15625 -0.03906
     0.03125  0.0625 ]
   [ 0.10938  0.00781  0.14844  0.27344  0.1875   0.23438  0.21094
     0.10938  0.10938]
   [ 0.05469  0.01562  0.08594  0.19531  0.14062  0.22656  0.08594
     0.08594  0.13281]
   [-0.08594 -0.19531 -0.15625 -0.1875  -0.03906  0.03125 -0.00781
    -0.08594  0.00781]
   [-0.02344 -0.04688 -0.03906 -0.16406 -0.00781  0.10156  0.03125
     0.02344 -0.     ]
   [ 0.       0.11719  0.16406  0.09375 -0.00781  0.05469 -0.04688
    -0.07812 -0.02344]]]


 [[[-0.24219 -0.16406 -0.10938 -0.07812 -0.0625  -0.05469 -0.11719
    -0.1875  -0.3125 ]
   [-0.21875 -0.09375 -0.07812  0.03125 -0.00781 -0.01562 -0.02344
    -0.10938 -0.21094]
   [-0.15625 -0.13281 -0.01562  0.10156  0.03125  0.10938 -0.03906
    -0.03906 -0.125  ]
   [-0.10156  0.01562  0.08594  0.17969  0.19531  0.13281  0.00781
     0.00781 -0.03906]
   [-0.07031 -0.03125 -0.03125  0.11719  0.22656  0.19531 -0.00781
     0.00781 -0.07812]
   [-0.02344 -0.08594 -0.05469  0.01562  0.0625   0.10938  0.07812
     0.00781 -0.01562]
   [-0.10938 -0.03125 -0.08594 -0.07031 -0.08594  0.03125  0.00781
    -0.02344 -0.11719]
   [-0.11719 -0.04688 -0.11719 -0.03906 -0.      -0.04688 -0.07812
    -0.0625  -0.15625]
   [-0.32031 -0.21875 -0.16406 -0.15625 -0.08594 -0.125   -0.13281
    -0.19531 -0.23438]]]


 [[[-0.125   -0.15625 -0.14844 -0.07812 -0.14062 -0.03125 -0.125
    -0.47656 -0.3125 ]
   [-0.13281 -0.15625 -0.15625 -0.03906 -0.08594  0.02344 -0.03125
    -0.39844 -0.36719]
   [-0.07812 -0.08594 -0.13281 -0.125   -0.03906 -0.08594 -0.11719
    -0.1875  -0.21094]
   [-0.03906 -0.10156 -0.1875  -0.04688  0.00781 -0.14062 -0.10938
    -0.00781 -0.02344]
   [ 0.08594 -0.09375 -0.14062  0.00781  0.05469  0.01562 -0.03906
     0.0625  -0.05469]
   [ 0.14062  0.02344  0.      -0.      -0.00781  0.14844 -0.07812
    -0.09375 -0.23438]
   [ 0.30469  0.09375  0.      -0.125   -0.03906  0.14844  0.02344
    -0.08594 -0.1875 ]
   [ 0.32812  0.16406  0.0625  -0.11719 -0.02344  0.10156  0.14062
    -0.04688 -0.20312]
   [ 0.38281  0.27344  0.15625  0.      -0.0625   0.03125  0.02344
    -0.04688 -0.14062]]]


 [[[-0.30469 -0.22656 -0.11719 -0.54688 -0.64062 -0.35156  0.08594
     0.08594  0.25   ]
   [-0.13281 -0.14844  0.27344  0.66406  0.33594  0.67188  0.46875
     0.75     0.53125]
   [ 0.04688  0.1875   0.99219  0.99219 -0.13281 -0.0625   0.64062
     0.82812  0.57812]
   [-0.28906  0.42188  0.125    0.13281 -0.5     -0.46875  0.13281
     0.26562  0.96875]
   [-0.38281  0.42188  0.04688 -0.55469 -0.36719 -0.39844 -0.44531
     0.29688  0.77344]
   [-0.21094  0.10938 -0.40625 -0.13281 -0.41406 -0.48438  0.03906
     0.36719  0.375  ]
   [ 0.27344  0.49219  0.10156 -0.03906 -0.21094 -0.25    -0.03125
     0.28125  0.07812]
   [-0.05469  0.16406  0.42969  0.19531 -0.13281 -0.28125 -0.29688
    -0.22656 -0.52344]
   [-0.59375  0.0625   0.58594  0.67969  0.1875   0.13281 -0.08594
    -0.33594 -0.69531]]]


 [[[-0.14844 -0.11719  0.05469  0.23438  0.09375  0.03906  0.125
     0.08594  0.03125]
   [ 0.0625   0.       0.26562  0.23438  0.24219  0.13281  0.25
     0.14844  0.24219]
   [ 0.03906  0.11719  0.14844  0.28125  0.1875   0.11719  0.25
     0.1875   0.22656]
   [ 0.07812  0.125    0.09375  0.13281  0.07031  0.02344  0.21094
     0.27344  0.27344]
   [ 0.05469  0.10156  0.10156  0.20312  0.      -0.08594  0.07031
     0.17188  0.19531]
   [-0.0625  -0.13281 -0.02344 -0.03906 -0.08594 -0.13281 -0.0625
     0.03125 -0.04688]
   [ 0.02344  0.02344  0.07031  0.13281  0.07031  0.10156  0.20312
     0.14062 -0.04688]
   [-0.16406 -0.22656 -0.13281 -0.0625  -0.07031 -0.07812 -0.05469
    -0.04688 -0.11719]
   [-0.20312 -0.23438 -0.08594  0.00781  0.0625   0.04688  0.17188
     0.08594 -0.01562]]]]...
--------------------------------------------------------------------------------
[Bias] Layer: encoder5.block.1.0.fn.0 (QuantConv2d)
  Shape: (16,)
  Bit Width: 16.0
  Signed: True
  Scale: 0.00048828125
  Sample Bias: [-0.00195  0.05957  0.41504  0.17188  0.04102 -0.06201  0.94336  1.44873
  0.15674 -0.37109]...
################################################################################

