################################################################################
[Weight] Layer: encoder5.up.conv.0 (QuantConv2d)
  Shape: (24, 16, 3, 3)
  Bit Width: 8.0
  Signed: True
  Scale: 0.00390625
  Sample Weights: [[[[-0.02344 -0.04297 -0.01172]
   [-0.06641  0.01953  0.00781]
   [-0.14844 -0.05859 -0.10938]]

  [[-0.05469 -0.05078  0.07031]
   [-0.1875  -0.14062  0.08594]
   [-0.19531 -0.11328 -0.07422]]

  [[-0.02734 -0.04297 -0.07031]
   [ 0.03906  0.03516  0.00391]
   [ 0.08984  0.03125 -0.02344]]

  ...

  [[-0.08203 -0.20703 -0.20312]
   [ 0.02734 -0.03125 -0.03125]
   [ 0.12109  0.125    0.08594]]

  [[-0.0625  -0.10938 -0.24219]
   [ 0.03516  0.00391 -0.11328]
   [ 0.05469 -0.04297 -0.07812]]

  [[ 0.01562 -0.      -0.0625 ]
   [ 0.02734  0.03516 -0.00391]
   [-0.00391  0.02344  0.01172]]]


 [[[-0.13672  0.01172 -0.08984]
   [-0.09766 -0.03906 -0.09766]
   [ 0.02734  0.03125  0.02344]]

  [[-0.05078  0.05469 -0.03516]
   [-0.04688 -0.10938 -0.21094]
   [ 0.03516 -0.01172  0.01953]]

  [[ 0.10156  0.13281  0.10156]
   [ 0.01562  0.02734 -0.01172]
   [-0.14062 -0.125   -0.20703]]

  ...

  [[ 0.14062  0.07812  0.07812]
   [-0.03516 -0.07812 -0.09375]
   [-0.03125 -0.11328 -0.14844]]

  [[ 0.06641  0.07422  0.125  ]
   [-0.00781  0.04297  0.01562]
   [-0.04688  0.02734 -0.08594]]

  [[-0.05078 -0.03906 -0.06641]
   [-0.01953 -0.05078 -0.08984]
   [ 0.10547  0.03906 -0.     ]]]


 [[[-0.00781  0.02344  0.08594]
   [-0.15625 -0.10156  0.06641]
   [ 0.02734  0.10156  0.28125]]

  [[ 0.01953 -0.01562  0.13281]
   [-0.14062 -0.14844  0.11719]
   [ 0.12891  0.20312  0.35938]]

  [[-0.05469 -0.02734 -0.03906]
   [-0.04688 -0.03906 -0.00781]
   [ 0.02734  0.05078  0.17969]]

  ...

  [[-0.09766 -0.05078  0.02344]
   [-0.18359 -0.10156  0.01562]
   [-0.15234 -0.08594  0.05469]]

  [[-0.00781  0.11328  0.06641]
   [-0.07812 -0.02344  0.00391]
   [-0.05078 -0.03125  0.0625 ]]

  [[-0.       0.02344  0.00391]
   [-0.00391  0.01562 -0.01172]
   [-0.0625  -0.03906 -0.03516]]]


 ...


 [[[-0.05078  0.03125  0.07031]
   [-0.08594 -0.07031 -0.07031]
   [-0.03906 -0.07422 -0.0625 ]]

  [[-0.07812  0.07031  0.07031]
   [-0.11328 -0.04688  0.00781]
   [-0.03906 -0.0625  -0.07812]]

  [[ 0.00391 -0.01953  0.01172]
   [-0.01172 -0.02734 -0.04297]
   [-0.01562 -0.03516 -0.02734]]

  ...

  [[-0.04688 -0.03516  0.01172]
   [-0.02344 -0.02734 -0.00391]
   [ 0.05859  0.05469  0.03906]]

  [[ 0.03516 -0.01562  0.03516]
   [ 0.01172 -0.06641 -0.03125]
   [ 0.04688 -0.03516  0.00391]]

  [[ 0.      -0.01953 -0.01172]
   [-0.01953 -0.02344 -0.02734]
   [-0.03516 -0.03125 -0.01953]]]


 [[[-0.03906 -0.      -0.02344]
   [-0.07031 -0.04297 -0.04297]
   [-0.15625 -0.10938 -0.22266]]

  [[ 0.13281  0.10938  0.13281]
   [ 0.04297 -0.01562 -0.07422]
   [-0.07812 -0.13672 -0.21875]]

  [[ 0.03906  0.10156  0.07812]
   [ 0.07422  0.09766  0.01172]
   [ 0.05078  0.04297 -0.0625 ]]

  ...

  [[-0.03125  0.01953 -0.04297]
   [-0.01953 -0.07031 -0.10938]
   [ 0.01562 -0.      -0.03906]]

  [[ 0.01172  0.08984  0.16797]
   [ 0.12109  0.11328  0.14844]
   [ 0.07422  0.10156  0.21484]]

  [[-0.05078 -0.04297 -0.03906]
   [-0.06641 -0.02344 -0.09375]
   [-0.01562 -0.01172 -0.06641]]]


 [[[-0.12891  0.08594  0.10156]
   [-0.19141  0.08203  0.14453]
   [-0.17188  0.125    0.14844]]

  [[-0.01953  0.17578  0.05859]
   [-0.23828 -0.04688  0.04688]
   [-0.23828 -0.0625   0.08203]]

  [[ 0.12109 -0.      -0.05469]
   [ 0.09766  0.01172 -0.03516]
   [-0.      -0.08984 -0.04688]]

  ...

  [[ 0.11328 -0.00391 -0.05859]
   [-0.01953 -0.08594  0.01562]
   [ 0.05469 -0.00391  0.02734]]

  [[ 0.23438 -0.01562 -0.14844]
   [ 0.08984 -0.04297 -0.11719]
   [ 0.08984 -0.07422 -0.09766]]

  [[-0.02734 -0.05078 -0.12891]
   [-0.01172  0.      -0.08984]
   [ 0.01172  0.00391 -0.07812]]]]...
--------------------------------------------------------------------------------
[Bias] Layer: encoder5.up.conv.0 (QuantConv2d)
  Shape: (24,)
  Bit Width: 16.0
  Signed: True
  Scale: 0.000244140625
  Sample Bias: [ 0.45703 -0.00244 -0.09058 -0.31958 -0.      -0.30005  0.11841 -0.02075
 -0.26733 -0.08618]...
################################################################################

