################################################################################
[Weight] Layer: Up5.up.1 (QuantConv2d)
  Shape: (16, 24, 3, 3)
  Bit Width: 8.0
  Signed: True
  Scale: 0.001953125
  Sample Weights: [[[[ 0.01367  0.05273  0.06055]
   [-0.02734  0.01562  0.02344]
   [-0.10547 -0.0625  -0.05859]]

  [[-0.10352 -0.10547 -0.10742]
   [-0.05664 -0.05664 -0.05664]
   [-0.02148 -0.01367 -0.01562]]

  [[-0.00781  0.04102  0.06055]
   [-0.00586  0.0293   0.04297]
   [-0.01953  0.01172  0.01758]]

  ...

  [[-0.02344 -0.02734 -0.01562]
   [-0.02734 -0.02539 -0.00781]
   [-0.03906 -0.03516 -0.00977]]

  [[-0.       0.       0.     ]
   [ 0.       0.       0.     ]
   [ 0.       0.       0.     ]]

  [[-0.      -0.      -0.     ]
   [-0.      -0.      -0.     ]
   [-0.      -0.      -0.     ]]]


 [[[-0.05273 -0.03906 -0.04688]
   [-0.00195  0.01953  0.01758]
   [ 0.03711  0.0625   0.06055]]

  [[ 0.03711  0.02344 -0.00586]
   [ 0.06445  0.04883  0.02148]
   [ 0.10156  0.07812  0.07031]]

  [[-0.00586  0.00195 -0.00586]
   [-0.05859 -0.04102 -0.03906]
   [-0.0918  -0.08398 -0.07422]]

  ...

  [[ 0.0625   0.0293   0.00391]
   [ 0.05664  0.02344  0.00391]
   [ 0.07031  0.04688  0.04102]]

  [[-0.00195 -0.00195 -0.00195]
   [-0.00195 -0.00195 -0.     ]
   [-0.      -0.       0.     ]]

  [[-0.       0.       0.     ]
   [-0.      -0.       0.     ]
   [-0.      -0.       0.     ]]]


 [[[ 0.01367  0.04492  0.04102]
   [-0.03906 -0.00391 -0.00195]
   [-0.10352 -0.0625  -0.05469]]

  [[-0.12891 -0.09766 -0.07617]
   [-0.03516 -0.01367 -0.00586]
   [ 0.01172  0.02734  0.0332 ]]

  [[-0.00195  0.04688  0.07812]
   [ 0.02734  0.07422  0.10156]
   [ 0.02344  0.0625   0.08594]]

  ...

  [[-0.01953 -0.01367 -0.00586]
   [-0.02148 -0.01953 -0.01367]
   [-0.0332  -0.03125 -0.02148]]

  [[ 0.      -0.      -0.     ]
   [-0.      -0.      -0.     ]
   [ 0.       0.       0.     ]]

  [[ 0.       0.      -0.     ]
   [-0.      -0.       0.     ]
   [ 0.      -0.      -0.     ]]]


 ...


 [[[ 0.0918   0.15234  0.2168 ]
   [-0.03516  0.03516  0.08398]
   [-0.2168  -0.14844 -0.08594]]

  [[-0.19141 -0.14648 -0.12891]
   [-0.05664 -0.01172 -0.00391]
   [-0.02734  0.02539  0.0332 ]]

  [[ 0.0293   0.07031  0.08789]
   [ 0.04883  0.06055  0.06445]
   [ 0.08984  0.06445  0.05078]]

  ...

  [[-0.0957  -0.04297 -0.02344]
   [-0.11328 -0.0625  -0.04297]
   [-0.1543  -0.11133 -0.09766]]

  [[-0.      -0.      -0.     ]
   [-0.      -0.       0.     ]
   [ 0.       0.      -0.00195]]

  [[ 0.       0.       0.     ]
   [-0.      -0.       0.     ]
   [-0.      -0.       0.     ]]]


 [[[-0.03125 -0.02734 -0.0293 ]
   [-0.00586 -0.00977  0.00586]
   [ 0.03516  0.04688  0.06445]]

  [[ 0.07227  0.0918   0.11719]
   [ 0.02539  0.05273  0.08984]
   [ 0.02344  0.03516  0.08594]]

  [[-0.06055 -0.07812 -0.08594]
   [-0.05859 -0.08984 -0.10352]
   [-0.05078 -0.08008 -0.09766]]

  ...

  [[-0.01562 -0.01953  0.01758]
   [-0.01953 -0.02344 -0.01172]
   [ 0.00391 -0.00586  0.02344]]

  [[-0.00391 -0.00195 -0.     ]
   [-0.00586 -0.       0.00195]
   [-0.00195  0.00195  0.00391]]

  [[ 0.00195  0.00195  0.     ]
   [ 0.       0.       0.     ]
   [ 0.       0.       0.00195]]]


 [[[-0.09961 -0.125   -0.16211]
   [-0.13086 -0.13086 -0.11523]
   [-0.13086 -0.12109 -0.08984]]

  [[ 0.23633  0.21875  0.21484]
   [ 0.05273  0.02734  0.03711]
   [ 0.03125  0.01758  0.0332 ]]

  [[-0.04883 -0.07422 -0.11523]
   [-0.00391 -0.06445 -0.11328]
   [ 0.00391 -0.06445 -0.10742]]

  ...

  [[-0.01562  0.01562  0.05078]
   [-0.08203 -0.05664 -0.     ]
   [-0.03711 -0.01367  0.01562]]

  [[ 0.      -0.      -0.     ]
   [ 0.       0.00195  0.00195]
   [-0.       0.00195  0.00391]]

  [[-0.      -0.      -0.     ]
   [-0.      -0.      -0.     ]
   [-0.      -0.      -0.     ]]]]...
--------------------------------------------------------------------------------
[Bias] Layer: Up5.up.1 (QuantConv2d)
  Shape: (16,)
  Bit Width: 16.0
  Signed: True
  Scale: 0.0001220703125
  Sample Bias: [ 0.35547 -0.46191  0.10803 -0.4043  -0.44446 -0.42981 -0.5979   0.10974
 -0.11475 -0.13843]...
################################################################################

