################################################################################
[Weight] Layer: Up_conv5.conv.0 (QuantConv2d)
  Shape: (16, 16, 3, 3)
  Bit Width: 8.0
  Signed: True
  Scale: 0.001953125
  Sample Weights: [[[[-0.03711 -0.02148 -0.01367]
   [-0.04688 -0.02734 -0.02344]
   [-0.04883 -0.03711 -0.01953]]

  [[ 0.0332   0.01758  0.00391]
   [ 0.01367 -0.00586 -0.00195]
   [ 0.03516 -0.      -0.01367]]

  [[-0.06836 -0.03516 -0.00586]
   [-0.04883 -0.0293   0.01562]
   [-0.02539 -0.00391  0.01562]]

  ...

  [[ 0.01953  0.01758  0.02539]
   [ 0.01367  0.00195 -0.00391]
   [ 0.02539  0.00977 -0.00195]]

  [[-0.05664 -0.04492 -0.     ]
   [ 0.00195 -0.03711 -0.04883]
   [ 0.02539 -0.00391 -0.03516]]

  [[ 0.0293   0.0293   0.04688]
   [ 0.01758  0.00977  0.01367]
   [ 0.01562  0.      -0.01562]]]


 [[[ 0.01172  0.00391  0.00391]
   [ 0.01367  0.00391 -0.00195]
   [ 0.01172  0.00586 -0.00195]]

  [[ 0.00781  0.02344 -0.     ]
   [-0.00977  0.02148  0.00781]
   [-0.03125 -0.00391 -0.00195]]

  [[ 0.0293   0.01953  0.00586]
   [ 0.01562  0.00391 -0.00781]
   [ 0.00195 -0.00977 -0.01758]]

  ...

  [[-0.04883 -0.00781 -0.02734]
   [-0.04297  0.00195 -0.01562]
   [-0.08203 -0.03516 -0.05273]]

  [[ 0.01758  0.00586  0.01562]
   [-0.00391 -0.01367 -0.00586]
   [-0.00391 -0.01953 -0.01172]]

  [[-0.00977  0.01367  0.01172]
   [-0.02148 -0.00391  0.00391]
   [-0.05078 -0.03906 -0.02539]]]


 [[[-0.00195 -0.       0.00391]
   [ 0.00586  0.00586  0.00977]
   [ 0.01367  0.01367  0.00977]]

  [[ 0.01367  0.0293   0.01562]
   [ 0.00781  0.02539  0.01953]
   [-0.00586  0.01172  0.00781]]

  [[ 0.02344  0.02734  0.00977]
   [ 0.01172  0.01367  0.01172]
   [-0.00195  0.00781  0.00586]]

  ...

  [[-0.04883 -0.0332  -0.04102]
   [-0.02734 -0.02344 -0.04297]
   [-0.03711 -0.04297 -0.07031]]

  [[ 0.01172  0.01172  0.01758]
   [ 0.01758  0.01172  0.01367]
   [ 0.01953  0.01172  0.00781]]

  [[-0.00195  0.01562  0.00391]
   [-0.01953  0.00391 -0.00781]
   [-0.05859 -0.04883 -0.04297]]]


 ...


 [[[-0.02539 -0.00977 -0.00977]
   [-0.02734 -0.01172  0.     ]
   [-0.02344 -0.01367  0.00586]]

  [[ 0.00586 -0.02734 -0.06641]
   [-0.00391  0.00781 -0.05664]
   [-0.04492 -0.01758 -0.06445]]

  [[-0.00781 -0.      -0.01367]
   [-0.       0.0293   0.01758]
   [ 0.00586  0.04297  0.04297]]

  ...

  [[ 0.02734 -0.       0.00781]
   [ 0.00781 -0.0293  -0.00977]
   [-0.      -0.01562  0.00391]]

  [[-0.04297 -0.00977 -0.02539]
   [-0.00195  0.01758  0.01562]
   [-0.02539  0.01562  0.02148]]

  [[-0.0332   0.03906  0.01172]
   [-0.07031  0.02734  0.00586]
   [-0.04883 -0.02148 -0.04297]]]


 [[[ 0.03711  0.02539  0.01953]
   [ 0.08203  0.06641  0.04297]
   [ 0.07812  0.10352  0.0625 ]]

  [[ 0.02734  0.04688  0.00391]
   [-0.01367  0.00781  0.01953]
   [-0.01367  0.01953 -0.01758]]

  [[ 0.11719  0.08398  0.08008]
   [ 0.11914 -0.03516 -0.09375]
   [ 0.10156 -0.09961 -0.12109]]

  ...

  [[ 0.08008  0.03711 -0.02148]
   [ 0.05859  0.0332  -0.03906]
   [-0.01367 -0.0293  -0.10742]]

  [[ 0.12695  0.07422 -0.02344]
   [ 0.01953  0.04102 -0.02148]
   [ 0.05469  0.04492 -0.03125]]

  [[ 0.03125 -0.01953  0.04102]
   [ 0.08203  0.00195  0.05859]
   [ 0.0293  -0.05469 -0.07227]]]


 [[[-0.0293  -0.      -0.00391]
   [-0.03711 -0.00781 -0.01367]
   [-0.04102 -0.01953 -0.01367]]

  [[ 0.03125  0.01758  0.01562]
   [ 0.01953 -0.01562 -0.00391]
   [ 0.05078 -0.00586 -0.00781]]

  [[-0.05273 -0.02539 -0.00391]
   [-0.04102 -0.03516 -0.00195]
   [-0.04102 -0.0293  -0.00977]]

  ...

  [[ 0.03516  0.02148  0.0293 ]
   [ 0.03516  0.01562  0.00586]
   [ 0.04688  0.02344  0.00781]]

  [[-0.07031 -0.04492 -0.00977]
   [-0.01172 -0.03516 -0.05664]
   [ 0.00195 -0.01562 -0.04883]]

  [[ 0.04883  0.01758  0.03125]
   [ 0.05273  0.00977  0.     ]
   [ 0.04883  0.01758 -0.     ]]]]...
--------------------------------------------------------------------------------
[Bias] Layer: Up_conv5.conv.0 (QuantConv2d)
  Shape: (16,)
  Bit Width: 16.0
  Signed: True
  Scale: 0.0001220703125
  Sample Bias: [-0.54517  0.45142  0.22803  0.50342 -0.13257 -0.04834 -0.53101  0.51648
 -0.52234 -0.55469]...
################################################################################

