################################################################################
[Weight] Layer: Up_conv4.conv.6 (QuantConv2d)
  Shape: (16, 64, 1, 1)
  Bit Width: 8.0
  Signed: True
  Scale: 0.00390625
  Sample Weights: [[[[-0.     ]]

  [[ 0.03906]]

  [[-0.21875]]

  [[ 0.     ]]

  [[-0.04297]]

  [[-0.06641]]

  [[-0.13672]]

  [[-0.12891]]

  [[ 0.18359]]

  [[ 0.07422]]

  [[-0.     ]]

  [[-0.     ]]

  [[ 0.     ]]

  [[ 0.14844]]

  [[-0.00391]]

  [[-0.     ]]

  [[-0.04297]]

  [[ 0.     ]]

  [[ 0.37109]]

  [[ 0.     ]]

  [[-0.     ]]

  [[-0.05859]]

  [[-0.28516]]

  [[-0.23438]]

  [[ 0.     ]]

  [[ 0.     ]]

  [[ 0.     ]]

  [[-0.17578]]

  [[ 0.20703]]

  [[ 0.33984]]

  [[ 0.08984]]

  [[-0.     ]]

  [[ 0.00391]]

  [[-0.14062]]

  [[ 0.     ]]

  [[-0.     ]]

  [[-0.     ]]

  [[ 0.     ]]

  [[ 0.     ]]

  [[ 0.09375]]

  [[-0.26953]]

  [[-0.     ]]

  [[-0.12109]]

  [[-0.     ]]

  [[ 0.04297]]

  [[ 0.     ]]

  [[ 0.03906]]

  [[-0.07812]]

  [[ 0.35938]]

  [[ 0.     ]]

  [[-0.14844]]

  [[-0.1875 ]]

  [[-0.11328]]

  [[-0.14062]]

  [[-0.21875]]

  [[-0.10938]]

  [[-0.0625 ]]

  [[-0.19141]]

  [[-0.     ]]

  [[ 0.00391]]

  [[-0.     ]]

  [[-0.13672]]

  [[-0.21094]]

  [[ 0.10547]]]


 [[[ 0.     ]]

  [[-0.     ]]

  [[ 0.     ]]

  [[ 0.     ]]

  [[-0.     ]]

  [[ 0.     ]]

  [[ 0.     ]]

  [[ 0.     ]]

  [[-0.     ]]

  [[-0.     ]]

  [[ 0.     ]]

  [[ 0.     ]]

  [[-0.     ]]

  [[-0.     ]]

  [[ 0.     ]]

  [[ 0.     ]]

  [[-0.     ]]

  [[ 0.     ]]

  [[ 0.     ]]

  [[-0.     ]]

  [[ 0.     ]]

  [[ 0.     ]]

  [[ 0.     ]]

  [[-0.     ]]

  [[ 0.     ]]

  [[ 0.     ]]

  [[ 0.     ]]

  [[ 0.     ]]

  [[-0.     ]]

  [[-0.     ]]

  [[ 0.     ]]

  [[-0.     ]]

  [[-0.     ]]

  [[ 0.     ]]

  [[ 0.     ]]

  [[ 0.     ]]

  [[-0.     ]]

  [[ 0.     ]]

  [[-0.     ]]

  [[-0.     ]]

  [[-0.     ]]

  [[-0.     ]]

  [[ 0.     ]]

  [[-0.     ]]

  [[-0.     ]]

  [[ 0.     ]]

  [[-0.     ]]

  [[-0.     ]]

  [[-0.     ]]

  [[-0.     ]]

  [[ 0.     ]]

  [[ 0.     ]]

  [[ 0.     ]]

  [[ 0.     ]]

  [[ 0.     ]]

  [[ 0.     ]]

  [[ 0.     ]]

  [[ 0.     ]]

  [[ 0.     ]]

  [[-0.     ]]

  [[ 0.     ]]

  [[ 0.     ]]

  [[-0.     ]]

  [[ 0.     ]]]


 [[[ 0.     ]]

  [[ 0.14453]]

  [[-0.13281]]

  [[-0.     ]]

  [[ 0.09766]]

  [[ 0.00391]]

  [[-0.21484]]

  [[-0.01953]]

  [[-0.125  ]]

  [[-0.30469]]

  [[ 0.     ]]

  [[-0.     ]]

  [[ 0.     ]]

  [[ 0.07812]]

  [[-0.36719]]

  [[-0.     ]]

  [[-0.10156]]

  [[ 0.     ]]

  [[ 0.16797]]

  [[ 0.     ]]

  [[ 0.     ]]

  [[ 0.00781]]

  [[-0.20312]]

  [[-0.13672]]

  [[ 0.     ]]

  [[-0.     ]]

  [[ 0.     ]]

  [[ 0.06641]]

  [[-0.19922]]

  [[-0.24219]]

  [[-0.21484]]

  [[-0.     ]]

  [[-0.36719]]

  [[ 0.01562]]

  [[ 0.     ]]

  [[ 0.     ]]

  [[-0.     ]]

  [[-0.     ]]

  [[-0.     ]]

  [[ 0.01172]]

  [[-0.16797]]

  [[-0.     ]]

  [[-0.01562]]

  [[ 0.     ]]

  [[-0.01562]]

  [[-0.     ]]

  [[-0.28516]]

  [[-0.03906]]

  [[ 0.23047]]

  [[-0.     ]]

  [[ 0.08203]]

  [[-0.03125]]

  [[-0.01562]]

  [[-0.00781]]

  [[-0.10547]]

  [[-0.00781]]

  [[ 0.00391]]

  [[-0.01953]]

  [[-0.     ]]

  [[ 0.00391]]

  [[-0.     ]]

  [[-0.05078]]

  [[ 0.03516]]

  [[-0.04688]]]


 [[[-0.     ]]

  [[-0.04297]]

  [[-0.03125]]

  [[ 0.     ]]

  [[-0.03906]]

  [[ 0.00391]]

  [[-0.04297]]

  [[-0.01172]]

  [[-0.11719]]

  [[-0.15234]]

  [[ 0.     ]]

  [[ 0.     ]]

  [[ 0.     ]]

  [[-0.08984]]

  [[-0.03906]]

  [[ 0.     ]]

  [[-0.01562]]

  [[-0.     ]]

  [[-0.17188]]

  [[-0.     ]]

  [[ 0.     ]]

  [[ 0.00391]]

  [[-0.06641]]

  [[ 0.12891]]

  [[-0.     ]]

  [[ 0.     ]]

  [[-0.     ]]

  [[-0.01562]]

  [[-0.11328]]

  [[-0.23047]]

  [[ 0.05078]]

  [[ 0.     ]]

  [[ 0.07422]]

  [[ 0.     ]]

  [[-0.     ]]

  [[-0.     ]]

  [[ 0.     ]]

  [[-0.     ]]

  [[ 0.     ]]

  [[ 0.02734]]

  [[ 0.00781]]

  [[ 0.     ]]

  [[ 0.00781]]

  [[ 0.     ]]

  [[ 0.03516]]

  [[-0.     ]]

  [[-0.10156]]

  [[-0.02344]]

  [[-0.10156]]

  [[-0.     ]]

  [[-0.02344]]

  [[-0.     ]]

  [[-0.03125]]

  [[-0.00781]]

  [[-0.06641]]

  [[-0.02344]]

  [[-0.01172]]

  [[-0.00781]]

  [[ 0.     ]]

  [[-0.00391]]

  [[-0.     ]]

  [[-0.01172]]

  [[ 0.00781]]

  [[-0.08984]]]


 [[[ 0.     ]]

  [[ 0.     ]]

  [[ 0.     ]]

  [[-0.     ]]

  [[-0.     ]]

  [[-0.     ]]

  [[ 0.     ]]

  [[ 0.     ]]

  [[ 0.     ]]

  [[-0.     ]]

  [[-0.     ]]

  [[ 0.     ]]

  [[ 0.     ]]

  [[-0.     ]]

  [[-0.     ]]

  [[-0.     ]]

  [[-0.     ]]

  [[-0.     ]]

  [[-0.     ]]

  [[-0.     ]]

  [[-0.     ]]

  [[-0.     ]]

  [[ 0.     ]]

  [[ 0.     ]]

  [[ 0.     ]]

  [[-0.     ]]

  [[-0.     ]]

  [[-0.     ]]

  [[ 0.     ]]

  [[ 0.     ]]

  [[-0.     ]]

  [[ 0.     ]]

  [[ 0.     ]]

  [[-0.     ]]

  [[-0.     ]]

  [[-0.     ]]

  [[ 0.     ]]

  [[-0.     ]]

  [[ 0.     ]]

  [[ 0.     ]]

  [[ 0.     ]]

  [[-0.     ]]

  [[-0.     ]]

  [[-0.     ]]

  [[ 0.     ]]

  [[-0.     ]]

  [[-0.     ]]

  [[-0.     ]]

  [[ 0.     ]]

  [[-0.     ]]

  [[ 0.     ]]

  [[-0.     ]]

  [[-0.     ]]

  [[-0.     ]]

  [[ 0.     ]]

  [[ 0.     ]]

  [[-0.     ]]

  [[ 0.     ]]

  [[ 0.     ]]

  [[-0.     ]]

  [[ 0.     ]]

  [[-0.     ]]

  [[-0.     ]]

  [[-0.     ]]]


 [[[ 0.     ]]

  [[ 0.22656]]

  [[-0.0625 ]]

  [[-0.     ]]

  [[ 0.02734]]

  [[ 0.00391]]

  [[ 0.29688]]

  [[ 0.00391]]

  [[ 0.03516]]

  [[ 0.12891]]

  [[-0.     ]]

  [[ 0.     ]]

  [[ 0.     ]]

  [[ 0.04688]]

  [[-0.05859]]

  [[ 0.     ]]

  [[ 0.125  ]]

  [[-0.     ]]

  [[-0.01953]]

  [[-0.     ]]

  [[-0.     ]]

  [[ 0.00781]]

  [[-0.01562]]

  [[ 0.32031]]

  [[-0.     ]]

  [[ 0.     ]]

  [[-0.     ]]

  [[-0.08203]]

  [[-0.00781]]

  [[-0.     ]]

  [[-0.13672]]

  [[-0.     ]]

  [[ 0.15234]]

  [[ 0.01562]]

  [[-0.     ]]

  [[ 0.     ]]

  [[ 0.     ]]

  [[-0.     ]]

  [[ 0.     ]]

  [[ 0.12109]]

  [[ 0.15234]]

  [[ 0.     ]]

  [[ 0.04297]]

  [[ 0.     ]]

  [[ 0.12109]]

  [[-0.     ]]

  [[-0.0625 ]]

  [[ 0.09375]]

  [[-0.01562]]

  [[ 0.     ]]

  [[-0.07422]]

  [[ 0.01953]]

  [[-0.05469]]

  [[-0.02344]]

  [[-0.04297]]

  [[ 0.08203]]

  [[ 0.03516]]

  [[-0.07422]]

  [[ 0.     ]]

  [[ 0.01562]]

  [[-0.     ]]

  [[-0.02734]]

  [[ 0.27734]]

  [[ 0.21875]]]


 [[[-0.     ]]

  [[-0.00781]]

  [[-0.01172]]

  [[ 0.     ]]

  [[-0.12109]]

  [[-0.     ]]

  [[-0.09766]]

  [[ 0.08203]]

  [[-0.05859]]

  [[-0.00781]]

  [[ 0.     ]]

  [[-0.     ]]

  [[-0.     ]]

  [[ 0.02344]]

  [[-0.12891]]

  [[ 0.     ]]

  [[ 0.05469]]

  [[ 0.     ]]

  [[ 0.04688]]

  [[ 0.     ]]

  [[ 0.     ]]

  [[ 0.00391]]

  [[-0.01562]]

  [[-0.16016]]

  [[-0.     ]]

  [[ 0.     ]]

  [[-0.     ]]

  [[-0.07031]]

  [[ 0.1875 ]]

  [[ 0.13672]]

  [[-0.25391]]

  [[ 0.     ]]

  [[ 0.10156]]

  [[ 0.08594]]

  [[-0.     ]]

  [[ 0.     ]]

  [[ 0.     ]]

  [[ 0.     ]]

  [[-0.     ]]

  [[-0.     ]]

  [[ 0.04297]]

  [[ 0.     ]]

  [[-0.00781]]

  [[ 0.     ]]

  [[ 0.09766]]

  [[ 0.     ]]

  [[ 0.21484]]

  [[-0.08984]]

  [[-0.08594]]

  [[ 0.     ]]

  [[-0.06641]]

  [[ 0.09375]]

  [[-0.02344]]

  [[ 0.     ]]

  [[-0.01953]]

  [[-0.01953]]

  [[-0.     ]]

  [[-0.01562]]

  [[-0.     ]]

  [[ 0.     ]]

  [[-0.     ]]

  [[-0.00781]]

  [[-0.08203]]

  [[-0.05078]]]


 [[[-0.     ]]

  [[ 0.     ]]

  [[-0.     ]]

  [[-0.     ]]

  [[ 0.     ]]

  [[-0.     ]]

  [[ 0.     ]]

  [[ 0.     ]]

  [[-0.     ]]

  [[-0.     ]]

  [[ 0.     ]]

  [[ 0.     ]]

  [[ 0.     ]]

  [[-0.     ]]

  [[-0.     ]]

  [[ 0.     ]]

  [[-0.     ]]

  [[ 0.     ]]

  [[-0.     ]]

  [[-0.     ]]

  [[-0.     ]]

  [[-0.     ]]

  [[-0.     ]]

  [[-0.     ]]

  [[-0.     ]]

  [[-0.     ]]

  [[ 0.     ]]

  [[ 0.     ]]

  [[ 0.     ]]

  [[ 0.     ]]

  [[ 0.     ]]

  [[-0.     ]]

  [[ 0.     ]]

  [[ 0.     ]]

  [[-0.     ]]

  [[ 0.     ]]

  [[-0.     ]]

  [[ 0.     ]]

  [[-0.     ]]

  [[-0.     ]]

  [[ 0.     ]]

  [[-0.     ]]

  [[-0.     ]]

  [[-0.     ]]

  [[-0.     ]]

  [[-0.     ]]

  [[ 0.     ]]

  [[ 0.     ]]

  [[ 0.     ]]

  [[ 0.     ]]

  [[ 0.     ]]

  [[-0.     ]]

  [[ 0.     ]]

  [[-0.     ]]

  [[ 0.     ]]

  [[-0.     ]]

  [[-0.     ]]

  [[-0.     ]]

  [[ 0.     ]]

  [[-0.     ]]

  [[ 0.     ]]

  [[ 0.     ]]

  [[ 0.     ]]

  [[ 0.     ]]]


 [[[-0.     ]]

  [[-0.15625]]

  [[ 0.03516]]

  [[ 0.     ]]

  [[ 0.08203]]

  [[ 0.01953]]

  [[-0.0625 ]]

  [[-0.0625 ]]

  [[ 0.08203]]

  [[-0.01953]]

  [[ 0.     ]]

  [[ 0.     ]]

  [[-0.     ]]

  [[ 0.06641]]

  [[ 0.0625 ]]

  [[ 0.     ]]

  [[-0.15234]]

  [[ 0.     ]]

  [[ 0.05469]]

  [[-0.     ]]

  [[ 0.     ]]

  [[-0.00391]]

  [[ 0.02344]]

  [[-0.16016]]

  [[-0.     ]]

  [[-0.     ]]

  [[ 0.     ]]

  [[ 0.10156]]

  [[-0.07812]]

  [[ 0.01172]]

  [[ 0.07812]]

  [[ 0.     ]]

  [[-0.08984]]

  [[-0.05078]]

  [[ 0.     ]]

  [[-0.     ]]

  [[-0.     ]]

  [[-0.     ]]

  [[-0.     ]]

  [[-0.14453]]

  [[-0.05469]]

  [[ 0.     ]]

  [[-0.03516]]

  [[ 0.     ]]

  [[-0.03906]]

  [[-0.     ]]

  [[-0.04688]]

  [[ 0.06641]]

  [[ 0.13281]]

  [[-0.     ]]

  [[ 0.14844]]

  [[-0.09375]]

  [[ 0.11328]]

  [[ 0.01953]]

  [[ 0.03516]]

  [[-0.0625 ]]

  [[ 0.01562]]

  [[ 0.06641]]

  [[ 0.     ]]

  [[ 0.     ]]

  [[ 0.     ]]

  [[ 0.03125]]

  [[-0.05859]]

  [[-0.02344]]]


 [[[ 0.     ]]

  [[-0.1875 ]]

  [[ 0.16016]]

  [[-0.     ]]

  [[ 0.10938]]

  [[ 0.02344]]

  [[-0.07031]]

  [[-0.03516]]

  [[ 0.1875 ]]

  [[ 0.11719]]

  [[ 0.     ]]

  [[-0.     ]]

  [[ 0.     ]]

  [[-0.07031]]

  [[ 0.14453]]

  [[-0.     ]]

  [[-0.1875 ]]

  [[ 0.     ]]

  [[ 0.00391]]

  [[ 0.     ]]

  [[-0.     ]]

  [[-0.00391]]

  [[ 0.10156]]

  [[-0.17969]]

  [[-0.     ]]

  [[ 0.     ]]

  [[ 0.     ]]

  [[ 0.12891]]

  [[ 0.     ]]

  [[-0.22266]]

  [[ 0.15625]]

  [[-0.     ]]

  [[-0.20312]]

  [[-0.02344]]

  [[ 0.     ]]

  [[ 0.     ]]

  [[-0.     ]]

  [[ 0.     ]]

  [[ 0.     ]]

  [[-0.19141]]

  [[-0.04297]]

  [[-0.     ]]

  [[-0.00781]]

  [[ 0.     ]]

  [[-0.16016]]

  [[ 0.     ]]

  [[-0.00391]]

  [[ 0.02344]]

  [[ 0.25391]]

  [[ 0.     ]]

  [[ 0.14844]]

  [[-0.05859]]

  [[ 0.12109]]

  [[ 0.03516]]

  [[ 0.16016]]

  [[-0.05859]]

  [[ 0.05859]]

  [[ 0.04688]]

  [[ 0.     ]]

  [[-0.     ]]

  [[-0.     ]]

  [[ 0.03906]]

  [[-0.02344]]

  [[ 0.09766]]]]...
--------------------------------------------------------------------------------
[Bias] Layer: Up_conv4.conv.6 (QuantConv2d)
  Shape: (16,)
  Bit Width: 16.0
  Signed: True
  Scale: 0.00048828125
  Sample Bias: [ 0.26123  0.       0.60107  0.2832   0.      -0.49512  0.1416  -0.
  0.18262  0.01953]...
################################################################################

