################################################################################
[Weight] Layer: Up3.up.1 (QuantConv2d)
  Shape: (8, 16, 3, 3)
  Bit Width: 8.0
  Signed: True
  Scale: 0.001953125
  Sample Weights: [[[[-0.07422 -0.0918  -0.09375]
   [ 0.00195 -0.      -0.02539]
   [ 0.01562  0.0332   0.01562]]

  [[-0.      -0.       0.     ]
   [-0.      -0.       0.     ]
   [-0.      -0.       0.     ]]

  [[-0.04492 -0.06055 -0.07617]
   [-0.0332  -0.02539 -0.03516]
   [-0.10938 -0.0918  -0.08398]]

  ...

  [[-0.01562 -0.05859 -0.03516]
   [ 0.08008  0.03711  0.06055]
   [ 0.19922  0.15234  0.17383]]

  [[-0.01953 -0.06445 -0.07031]
   [ 0.00977 -0.04297 -0.03906]
   [ 0.0625   0.00781  0.01367]]

  [[-0.03516 -0.11914 -0.11914]
   [-0.00977 -0.11328 -0.11133]
   [ 0.06641 -0.04297 -0.04102]]]


 [[[ 0.00977  0.02148  0.01172]
   [ 0.00391 -0.00781 -0.02148]
   [ 0.00195 -0.01172 -0.03125]]

  [[-0.      -0.       0.     ]
   [-0.      -0.       0.     ]
   [-0.      -0.       0.     ]]

  [[ 0.04297  0.03516  0.03711]
   [-0.01562 -0.01758 -0.01758]
   [-0.06055 -0.0625  -0.0625 ]]

  ...

  [[ 0.02148  0.00781  0.02734]
   [ 0.00781 -0.00391  0.01953]
   [ 0.02734  0.00977  0.03711]]

  [[ 0.0293  -0.00195  0.00195]
   [ 0.00586 -0.02539 -0.02539]
   [ 0.01562 -0.01758 -0.01562]]

  [[ 0.06055  0.01367  0.0293 ]
   [ 0.00586 -0.04688 -0.03125]
   [ 0.02539 -0.03125 -0.01562]]]


 [[[ 0.07617  0.04102  0.04102]
   [ 0.06641  0.0332  -0.00195]
   [ 0.06836  0.04297 -0.01172]]

  [[-0.      -0.       0.     ]
   [ 0.       0.       0.     ]
   [-0.       0.       0.     ]]

  [[-0.00391  0.06445  0.08398]
   [-0.10742 -0.04492 -0.00586]
   [-0.21289 -0.14062 -0.11523]]

  ...

  [[-0.07617 -0.00586  0.0332 ]
   [-0.06641  0.       0.02734]
   [-0.07617 -0.01367  0.02148]]

  [[-0.08398 -0.01172  0.02344]
   [-0.08594 -0.0332   0.01953]
   [-0.0625  -0.00781  0.03125]]

  [[-0.00391  0.08203  0.17773]
   [-0.01562  0.07617  0.18555]
   [ 0.06836  0.1543   0.22656]]]


 ...


 [[[ 0.19141  0.07617  0.13086]
   [ 0.07812 -0.00195  0.05469]
   [ 0.21094  0.16406  0.24805]]

  [[-0.      -0.      -0.     ]
   [ 0.      -0.      -0.     ]
   [ 0.       0.       0.     ]]

  [[-0.15039 -0.18555 -0.18359]
   [-0.0625  -0.07031 -0.08789]
   [-0.00391  0.01562  0.01172]]

  ...

  [[ 0.13867  0.09766  0.12891]
   [ 0.08594  0.03516  0.04688]
   [ 0.15039  0.04688  0.0957 ]]

  [[ 0.04492 -0.01562  0.00195]
   [ 0.01562 -0.0293  -0.02539]
   [ 0.07031 -0.      -0.01562]]

  [[-0.02734 -0.13477 -0.11133]
   [ 0.01953 -0.11719 -0.12891]
   [ 0.14453 -0.02539 -0.07812]]]


 [[[-0.10352 -0.08008 -0.09766]
   [-0.0625  -0.03516 -0.05273]
   [-0.08008 -0.05273 -0.07031]]

  [[ 0.       0.      -0.     ]
   [-0.      -0.      -0.     ]
   [ 0.       0.      -0.     ]]

  [[-0.01562 -0.00781 -0.00781]
   [ 0.       0.00195 -0.00391]
   [-0.00586 -0.01758 -0.0293 ]]

  ...

  [[-0.00391 -0.01172 -0.04297]
   [-0.00586 -0.01562 -0.04297]
   [-0.02734 -0.0293  -0.05078]]

  [[-0.00781 -0.      -0.00391]
   [-0.00391  0.      -0.00195]
   [-0.00781 -0.00391 -0.00977]]

  [[-0.08398 -0.06641 -0.07422]
   [-0.04297 -0.03125 -0.04883]
   [-0.04102 -0.03516 -0.04688]]]


 [[[ 0.07812  0.0293   0.07422]
   [ 0.05469  0.0332   0.0332 ]
   [ 0.07031  0.04102  0.04297]]

  [[ 0.       0.       0.     ]
   [ 0.       0.      -0.     ]
   [-0.       0.      -0.     ]]

  [[ 0.10547  0.13086  0.15625]
   [-0.00977  0.0293   0.04492]
   [-0.07422 -0.04883  0.00195]]

  ...

  [[ 0.02148  0.04102  0.14453]
   [ 0.00781  0.02734  0.1543 ]
   [ 0.11523  0.12891  0.23242]]

  [[ 0.06836  0.0293   0.06055]
   [ 0.04492 -0.01562  0.00195]
   [ 0.08594  0.03711  0.06055]]

  [[ 0.07031  0.00977  0.06445]
   [ 0.00586 -0.08203 -0.03125]
   [ 0.04102 -0.04102 -0.01367]]]]...
--------------------------------------------------------------------------------
[Bias] Layer: Up3.up.1 (QuantConv2d)
  Shape: (8,)
  Bit Width: 16.0
  Signed: True
  Scale: 0.0001220703125
  Sample Bias: [ 0.30225  0.0293  -0.16077  0.60938 -0.43811  0.86963  0.49963 -0.06165]...
################################################################################

