################################################################################
[Weight] Layer: Up_conv3.conv.3 (QuantConv2d)
  Shape: (32, 8, 1, 1)
  Bit Width: 8.0
  Signed: True
  Scale: 0.015625
  Sample Weights: [[[[ 0.20312]]

  [[-0.07812]]

  [[ 0.10938]]

  [[ 0.125  ]]

  [[ 0.14062]]

  [[-0.21875]]

  [[-0.07812]]

  [[-0.07812]]]


 [[[-0.     ]]

  [[ 0.07812]]

  [[ 0.21875]]

  [[ 0.39062]]

  [[ 0.01562]]

  [[-0.0625 ]]

  [[-0.14062]]

  [[-0.10938]]]


 [[[-0.15625]]

  [[ 0.3125 ]]

  [[ 0.10938]]

  [[-0.14062]]

  [[ 0.20312]]

  [[-0.01562]]

  [[-0.01562]]

  [[-0.04688]]]


 [[[ 0.     ]]

  [[ 0.     ]]

  [[ 0.     ]]

  [[ 0.     ]]

  [[ 0.     ]]

  [[ 0.     ]]

  [[ 0.     ]]

  [[ 0.     ]]]


 [[[ 0.34375]]

  [[ 0.25   ]]

  [[-0.57812]]

  [[ 0.26562]]

  [[ 0.5625 ]]

  [[ 0.01562]]

  [[-0.04688]]

  [[-0.17188]]]


 [[[ 0.01562]]

  [[-0.39062]]

  [[ 0.07812]]

  [[-0.15625]]

  [[-0.21875]]

  [[-0.79688]]

  [[-0.20312]]

  [[ 0.15625]]]


 [[[ 0.     ]]

  [[-0.     ]]

  [[-0.     ]]

  [[ 0.     ]]

  [[-0.     ]]

  [[ 0.     ]]

  [[ 0.     ]]

  [[-0.     ]]]


 [[[-0.0625 ]]

  [[ 0.07812]]

  [[-0.09375]]

  [[-0.07812]]

  [[ 0.0625 ]]

  [[ 0.1875 ]]

  [[ 0.29688]]

  [[ 0.17188]]]


 [[[-0.     ]]

  [[ 0.     ]]

  [[ 0.     ]]

  [[ 0.     ]]

  [[-0.     ]]

  [[ 0.     ]]

  [[-0.     ]]

  [[ 0.     ]]]


 [[[-0.39062]]

  [[ 0.20312]]

  [[ 0.15625]]

  [[ 0.23438]]

  [[ 0.35938]]

  [[-0.23438]]

  [[ 0.375  ]]

  [[-0.10938]]]]...
--------------------------------------------------------------------------------
[Bias] Layer: Up_conv3.conv.3 (QuantConv2d)
  Shape: (32,)
  Bit Width: 16.0
  Signed: True
  Scale: 0.001953125
  Sample Bias: [ 0.03906 -0.13086 -0.125    0.      -0.45508  0.98438 -0.      -0.29883
 -0.       0.08398]...
################################################################################

