################################################################################
[Weight] Layer: Up2.up.1 (QuantConv2d)
  Shape: (8, 8, 3, 3)
  Bit Width: 8.0
  Signed: True
  Scale: 0.00390625
  Sample Weights: [[[[ 0.       0.00391  0.00781]
   [ 0.00391  0.00781  0.01172]
   [ 0.01172  0.01562  0.01953]]

  [[-0.10156 -0.14062 -0.14062]
   [-0.13281 -0.10547 -0.10547]
   [-0.08203 -0.08203 -0.15234]]

  [[ 0.14062 -0.01562  0.05859]
   [ 0.08203 -0.       0.     ]
   [ 0.00781  0.00391  0.14062]]

  [[-0.00391 -0.       0.     ]
   [-0.00391 -0.       0.     ]
   [-0.00781 -0.00781 -0.00391]]

  [[ 0.       0.      -0.     ]
   [-0.       0.      -0.     ]
   [ 0.       0.       0.     ]]

  [[ 0.1875   0.13281  0.16016]
   [ 0.07422  0.14453  0.16016]
   [ 0.23047  0.28906  0.18359]]

  [[-0.00781 -0.01562 -0.01172]
   [ 0.00391  0.01172 -0.00391]
   [-0.01953  0.00391 -0.     ]]

  [[-0.06641 -0.05469 -0.05078]
   [-0.0625  -0.04688 -0.0625 ]
   [-0.08594 -0.07812 -0.08203]]]


 [[[ 0.00391  0.01172  0.01172]
   [ 0.01953  0.02734  0.02344]
   [ 0.02344  0.03125  0.03125]]

  [[ 0.29297  0.25391  0.30078]
   [ 0.28125  0.25781  0.32422]
   [ 0.26953  0.25391  0.35547]]

  [[-0.10156 -0.10938 -0.16406]
   [-0.09766 -0.02344 -0.08203]
   [-0.125   -0.08984 -0.09375]]

  [[-0.01172  0.00391 -0.00391]
   [ 0.01172  0.02734  0.01172]
   [ 0.00781  0.02344  0.01172]]

  [[-0.      -0.       0.     ]
   [-0.       0.       0.     ]
   [ 0.       0.       0.     ]]

  [[ 0.02344  0.10547 -0.06641]
   [ 0.27734  0.20703 -0.05078]
   [ 0.01953  0.00781 -0.13672]]

  [[-0.20312 -0.16016 -0.16797]
   [-0.16797 -0.08984 -0.06641]
   [-0.19922 -0.10547 -0.10547]]

  [[-0.02734 -0.02734 -0.03125]
   [-0.02734 -0.03125 -0.03906]
   [-0.03906 -0.04688 -0.05469]]]


 [[[ 0.03906  0.04688  0.04688]
   [ 0.05078  0.05859  0.05859]
   [ 0.05859  0.0625   0.0625 ]]

  [[ 0.02344  0.01172  0.03906]
   [ 0.00781  0.00391  0.     ]
   [-0.00391 -0.00391 -0.00781]]

  [[-0.09375 -0.08594 -0.08984]
   [-0.08203 -0.07422 -0.07422]
   [-0.10156 -0.08203 -0.08984]]

  [[ 0.01953  0.03516  0.03516]
   [ 0.03906  0.05469  0.05078]
   [ 0.03906  0.05078  0.04297]]

  [[ 0.      -0.      -0.     ]
   [-0.      -0.      -0.     ]
   [ 0.      -0.      -0.     ]]

  [[-0.08984 -0.07812 -0.08203]
   [-0.03906 -0.00781 -0.03125]
   [-0.11328 -0.07812 -0.07812]]

  [[ 0.00781 -0.01172  0.02344]
   [ 0.02734  0.05078 -0.00391]
   [-0.06641 -0.03906 -0.01953]]

  [[-0.19531 -0.14844 -0.1875 ]
   [-0.14062 -0.08984 -0.12109]
   [-0.19141 -0.15234 -0.17969]]]


 [[[-0.01562 -0.00391 -0.01172]
   [-0.00781  0.00391 -0.00391]
   [-0.01953 -0.00391 -0.01172]]

  [[-0.02734 -0.05859 -0.04688]
   [-0.05859 -0.0625  -0.03125]
   [-0.04688 -0.03906 -0.01953]]

  [[ 0.30078  0.23047  0.28125]
   [ 0.1875   0.14062  0.25   ]
   [ 0.30859  0.27344  0.25781]]

  [[-0.11328 -0.10547 -0.10938]
   [-0.09766 -0.08203 -0.09375]
   [-0.11328 -0.08984 -0.10547]]

  [[ 0.      -0.      -0.     ]
   [-0.       0.      -0.     ]
   [-0.       0.       0.     ]]

  [[-0.07812  0.08984  0.00391]
   [-0.04297  0.01562  0.02734]
   [ 0.06641 -0.08594  0.07812]]

  [[-0.10938 -0.08594 -0.14062]
   [-0.07812 -0.04688 -0.09375]
   [-0.08984 -0.08594 -0.12109]]

  [[ 0.       0.03516 -0.00391]
   [ 0.05078  0.13281  0.07031]
   [ 0.02734  0.07812  0.01562]]]


 [[[-0.02344 -0.02344 -0.01562]
   [-0.02734 -0.02734 -0.02344]
   [-0.02344 -0.02344 -0.01953]]

  [[-0.05859 -0.05469 -0.04688]
   [-0.0625  -0.0625  -0.05469]
   [-0.06641 -0.06641 -0.05859]]

  [[-0.07031 -0.08594 -0.10156]
   [-0.08203 -0.08984 -0.11328]
   [-0.10547 -0.10156 -0.13281]]

  [[-0.00781 -0.01172 -0.00391]
   [-0.01562 -0.01562 -0.00781]
   [-0.00781 -0.01172 -0.00391]]

  [[-0.       0.      -0.     ]
   [ 0.       0.       0.     ]
   [ 0.       0.      -0.     ]]

  [[ 0.01562 -0.00781 -0.00781]
   [-0.00391 -0.03125 -0.03125]
   [ 0.01953 -0.01172 -0.01562]]

  [[ 0.02734  0.03125  0.04688]
   [ 0.01172  0.01562  0.03125]
   [ 0.01172  0.01562  0.03516]]

  [[ 0.02734  0.01953  0.02734]
   [ 0.03125  0.01953  0.02734]
   [ 0.05859  0.05078  0.05469]]]


 [[[ 0.01953  0.01562  0.02344]
   [ 0.00391 -0.00391  0.00391]
   [ 0.00391 -0.00391  0.00781]]

  [[-0.29297 -0.26562 -0.3125 ]
   [-0.14453 -0.19141 -0.23438]
   [-0.27344 -0.25391 -0.15234]]

  [[-0.19141  0.16797  0.125  ]
   [ 0.12891  0.01172 -0.05469]
   [-0.03516  0.07812  0.13672]]

  [[ 0.13281  0.125    0.12109]
   [ 0.10938  0.10547  0.17578]
   [ 0.125    0.11328  0.11719]]

  [[ 0.      -0.       0.     ]
   [-0.       0.      -0.     ]
   [-0.       0.       0.     ]]

  [[-0.30078 -0.12891 -0.05469]
   [-0.12891  0.11328 -0.04688]
   [-0.13672 -0.21484  0.07812]]

  [[-0.07031 -0.05859 -0.10547]
   [-0.07812 -0.11328 -0.11719]
   [-0.11719 -0.09375 -0.09375]]

  [[ 0.3125   0.22266  0.30469]
   [ 0.19922  0.12109  0.13672]
   [ 0.26172  0.08594  0.28125]]]


 [[[-0.02734 -0.01562 -0.01562]
   [-0.01953 -0.       0.00391]
   [-0.01562  0.00391  0.01172]]

  [[ 0.05469  0.03906 -0.05859]
   [ 0.04688 -0.09766  0.0625 ]
   [ 0.04688  0.07812 -0.08984]]

  [[ 0.10938 -0.0625  -0.06641]
   [ 0.11328 -0.03516  0.00391]
   [ 0.04688  0.10547 -0.02344]]

  [[-0.07422 -0.06641 -0.0625 ]
   [-0.06641 -0.05859 -0.05469]
   [-0.07812 -0.06641 -0.06641]]

  [[ 0.      -0.       0.     ]
   [ 0.       0.       0.     ]
   [-0.       0.      -0.     ]]

  [[ 0.09766  0.11719  0.24219]
   [ 0.24609  0.20703  0.08594]
   [ 0.125    0.26172  0.09375]]

  [[-0.0625  -0.08594 -0.08203]
   [-0.08594 -0.03516 -0.07812]
   [-0.09375 -0.05859 -0.07422]]

  [[-0.14844 -0.14453 -0.14453]
   [-0.14453 -0.14062 -0.14062]
   [-0.17188 -0.16016 -0.18359]]]


 [[[-0.00781 -0.00781 -0.01172]
   [-0.00391 -0.      -0.00391]
   [ 0.00391  0.00391  0.00391]]

  [[-0.05078 -0.04688 -0.05078]
   [-0.04297 -0.04297 -0.04297]
   [-0.03125 -0.03906 -0.03125]]

  [[ 0.11328  0.07031  0.10156]
   [ 0.07031  0.03516  0.05078]
   [ 0.10547  0.05469  0.08984]]

  [[-0.03906 -0.03516 -0.03906]
   [-0.03516 -0.03125 -0.03516]
   [-0.03906 -0.03125 -0.03516]]

  [[ 0.      -0.      -0.     ]
   [-0.       0.       0.     ]
   [ 0.       0.       0.     ]]

  [[-0.01562 -0.04688 -0.03125]
   [ 0.02344  0.01953  0.04688]
   [-0.00781  0.05469  0.01562]]

  [[-0.04297 -0.03125 -0.04297]
   [-0.01562 -0.00391 -0.01953]
   [-0.01172 -0.00391 -0.01953]]

  [[-0.0625  -0.05469 -0.0625 ]
   [-0.04688 -0.03906 -0.05859]
   [-0.06641 -0.05469 -0.06641]]]]...
--------------------------------------------------------------------------------
[Bias] Layer: Up2.up.1 (QuantConv2d)
  Shape: (8,)
  Bit Width: 16.0
  Signed: True
  Scale: 0.000244140625
  Sample Bias: [-0.00903 -0.07593  0.52954  0.13745  0.33813  0.71899  0.29126  0.10425]...
################################################################################

