################################################################################
[Weight] Layer: Up_conv2.conv.3 (QuantConv2d)
  Shape: (32, 8, 1, 1)
  Bit Width: 8.0
  Signed: True
  Scale: 0.015625
  Sample Weights: [[[[ 0.34375]]

  [[-0.34375]]

  [[-0.03125]]

  [[-0.25   ]]

  [[ 0.10938]]

  [[ 0.09375]]

  [[ 0.07812]]

  [[ 0.01562]]]


 [[[-0.14062]]

  [[-0.23438]]

  [[ 0.25   ]]

  [[-0.09375]]

  [[-0.35938]]

  [[-0.28125]]

  [[ 0.3125 ]]

  [[ 0.     ]]]


 [[[ 0.20312]]

  [[-0.04688]]

  [[ 0.15625]]

  [[-0.35938]]

  [[ 0.28125]]

  [[-0.26562]]

  [[-0.48438]]

  [[-0.40625]]]


 [[[ 0.03125]]

  [[-0.20312]]

  [[ 0.09375]]

  [[ 0.42188]]

  [[-0.04688]]

  [[-0.23438]]

  [[-0.0625 ]]

  [[ 0.39062]]]


 [[[ 0.40625]]

  [[-0.09375]]

  [[ 0.42188]]

  [[-0.32812]]

  [[ 0.03125]]

  [[ 0.03125]]

  [[-0.3125 ]]

  [[-0.23438]]]


 [[[ 0.71875]]

  [[-0.15625]]

  [[-0.42188]]

  [[-0.21875]]

  [[-0.29688]]

  [[ 0.25   ]]

  [[ 0.17188]]

  [[ 0.23438]]]


 [[[ 0.04688]]

  [[-0.04688]]

  [[ 0.29688]]

  [[ 0.10938]]

  [[-0.     ]]

  [[-0.0625 ]]

  [[-0.03125]]

  [[ 0.17188]]]


 [[[-0.53125]]

  [[-0.65625]]

  [[ 0.5625 ]]

  [[-0.84375]]

  [[-0.125  ]]

  [[-0.20312]]

  [[-0.625  ]]

  [[ 0.23438]]]


 [[[-0.     ]]

  [[ 0.     ]]

  [[ 0.     ]]

  [[-0.     ]]

  [[-0.     ]]

  [[-0.     ]]

  [[ 0.     ]]

  [[-0.     ]]]


 [[[ 0.0625 ]]

  [[ 0.10938]]

  [[-0.     ]]

  [[-0.01562]]

  [[ 0.03125]]

  [[-0.01562]]

  [[-0.03125]]

  [[-0.     ]]]]...
--------------------------------------------------------------------------------
[Bias] Layer: Up_conv2.conv.3 (QuantConv2d)
  Shape: (32,)
  Bit Width: 16.0
  Signed: True
  Scale: 0.001953125
  Sample Bias: [ 0.11523  0.27734  0.25    -0.03906  0.36133  0.12891 -0.25586  1.53516
 -0.      -0.16797]...
################################################################################

