################################################################################
[Weight] Layer: encoder1.block.1.1.fn.0 (QuantConv2d)
  Shape: (8, 1, 3, 3)
  Bit Width: 8.0
  Signed: True
  Scale: 0.0078125
  Sample Weights: [[[[ 0.45312  0.99219 -0.07812]
   [ 0.22656 -0.03906  0.57812]
   [ 0.41406  0.33594 -0.5    ]]]


 [[[-0.26562 -0.32031 -0.16406]
   [-0.10156  0.1875  -0.30469]
   [ 0.04688  0.17188 -0.03125]]]


 [[[ 0.15625  0.13281  0.23438]
   [-0.07031  0.10938  0.19531]
   [ 0.22656  0.14844  0.02344]]]


 [[[-0.10938 -0.25     0.28125]
   [-0.02344  0.36719 -0.94531]
   [ 0.20312  0.23438 -0.15625]]]


 [[[ 0.      -0.36719  0.04688]
   [-0.5      0.17969  0.40625]
   [ 0.46875  0.59375  0.46875]]]


 [[[-0.39062  0.07812  0.5    ]
   [ 0.44531  0.47656 -0.53125]
   [-0.39844 -0.40625 -0.3125 ]]]


 [[[-0.17188 -0.0625  -0.52344]
   [ 0.0625  -0.03906  0.15625]
   [ 0.40625  0.35156  0.61719]]]


 [[[-0.23438  0.02344 -0.07812]
   [-0.25     0.14062  0.17969]
   [ 0.05469 -0.125   -0.10156]]]]...
--------------------------------------------------------------------------------
[Bias] Layer: encoder1.block.1.1.fn.0 (QuantConv2d)
  Shape: (8,)
  Bit Width: 16.0
  Signed: True
  Scale: 0.00048828125
  Sample Bias: [-1.78906  0.66406 -0.84424  0.58154 -0.86865  0.72559 -0.68506  0.53906]...
################################################################################

