################################################################################
[Weight] Layer: encoder1.block.1.2 (QuantConv2d)
  Shape: (32, 8, 1, 1)
  Bit Width: 8.0
  Signed: True
  Scale: 0.00390625
  Sample Weights: [[[[-0.01172]]

  [[-0.01172]]

  [[-0.10547]]

  [[ 0.03516]]

  [[-0.10156]]

  [[-0.17969]]

  [[-0.125  ]]

  [[-0.01953]]]


 [[[-0.01953]]

  [[-0.25781]]

  [[-0.16797]]

  [[-0.26953]]

  [[ 0.32422]]

  [[-0.14062]]

  [[ 0.16797]]

  [[-0.31641]]]


 [[[-0.07422]]

  [[-0.13672]]

  [[ 0.07422]]

  [[ 0.0625 ]]

  [[-0.25391]]

  [[-0.23047]]

  [[-0.24219]]

  [[ 0.22656]]]


 [[[ 0.06641]]

  [[-0.13281]]

  [[ 0.09766]]

  [[-0.12891]]

  [[-0.19531]]

  [[-0.19531]]

  [[ 0.22266]]

  [[-0.14062]]]


 [[[-0.03906]]

  [[-0.21484]]

  [[-0.29688]]

  [[-0.01953]]

  [[ 0.12891]]

  [[ 0.08594]]

  [[ 0.01172]]

  [[-0.23047]]]


 [[[-0.21484]]

  [[ 0.32812]]

  [[ 0.00391]]

  [[ 0.24219]]

  [[-0.11719]]

  [[ 0.35547]]

  [[ 0.02344]]

  [[ 0.05859]]]


 [[[-0.20703]]

  [[ 0.05859]]

  [[-0.33203]]

  [[ 0.08203]]

  [[-0.125  ]]

  [[ 0.38281]]

  [[ 0.47656]]

  [[ 0.31641]]]


 [[[-0.05469]]

  [[ 0.41406]]

  [[ 0.38672]]

  [[-0.20703]]

  [[ 0.16406]]

  [[ 0.08203]]

  [[-0.33984]]

  [[-0.34375]]]


 [[[ 0.17969]]

  [[-0.30078]]

  [[ 0.16406]]

  [[ 0.14062]]

  [[ 0.12109]]

  [[ 0.29688]]

  [[-0.14062]]

  [[-0.17188]]]


 [[[ 0.22266]]

  [[-0.13281]]

  [[-0.41797]]

  [[-0.24609]]

  [[-0.11719]]

  [[ 0.14453]]

  [[-0.05859]]

  [[-0.24219]]]]...
--------------------------------------------------------------------------------
[Bias] Layer: encoder1.block.1.2 (QuantConv2d)
  Shape: (32,)
  Bit Width: 16.0
  Signed: True
  Scale: 0.00048828125
  Sample Bias: [ 0.47314  1.14502  0.5459   0.55811  0.61084 -0.62549 -0.88525  0.13965
 -0.18555  0.95264]...
################################################################################

