################################################################################
[Weight] Layer: encoder1.block.1.5 (QuantConv2d)
  Shape: (8, 32, 1, 1)
  Bit Width: 8.0
  Signed: True
  Scale: 0.00390625
  Sample Weights: [[[[ 0.03516]]

  [[-0.30078]]

  [[ 0.20703]]

  [[-0.00391]]

  [[-0.32031]]

  [[-0.15625]]

  [[-0.15625]]

  [[ 0.24609]]

  [[-0.00781]]

  [[-0.35938]]

  [[-0.125  ]]

  [[-0.21875]]

  [[ 0.15625]]

  [[-0.08984]]

  [[-0.125  ]]

  [[-0.16797]]

  [[ 0.14453]]

  [[-0.11328]]

  [[ 0.37109]]

  [[ 0.22656]]

  [[-0.03125]]

  [[-0.13672]]

  [[ 0.12109]]

  [[ 0.01562]]

  [[ 0.04297]]

  [[-0.23828]]

  [[-0.18359]]

  [[-0.06641]]

  [[ 0.19922]]

  [[-0.17188]]

  [[ 0.12891]]

  [[-0.125  ]]]


 [[[-0.02344]]

  [[ 0.47656]]

  [[-0.05078]]

  [[-0.03125]]

  [[ 0.17969]]

  [[-0.04297]]

  [[-0.03906]]

  [[ 0.07031]]

  [[ 0.08984]]

  [[-0.04688]]

  [[ 0.21875]]

  [[-0.00781]]

  [[-0.15234]]

  [[ 0.22656]]

  [[-0.07031]]

  [[ 0.25391]]

  [[-0.03906]]

  [[ 0.0625 ]]

  [[-0.16406]]

  [[-0.16016]]

  [[-0.11328]]

  [[-0.11719]]

  [[ 0.17969]]

  [[-0.07031]]

  [[-0.10156]]

  [[-0.03906]]

  [[-0.03906]]

  [[-0.24219]]

  [[ 0.25391]]

  [[ 0.26172]]

  [[ 0.08984]]

  [[-0.28125]]]


 [[[ 0.10938]]

  [[-0.14844]]

  [[-0.05078]]

  [[-0.11328]]

  [[ 0.17969]]

  [[ 0.25   ]]

  [[ 0.19531]]

  [[ 0.02344]]

  [[-0.07031]]

  [[-0.15234]]

  [[ 0.06641]]

  [[ 0.29297]]

  [[ 0.14844]]

  [[ 0.11328]]

  [[ 0.23828]]

  [[ 0.12891]]

  [[-0.20312]]

  [[ 0.08594]]

  [[-0.17969]]

  [[ 0.05078]]

  [[ 0.08203]]

  [[ 0.125  ]]

  [[ 0.00781]]

  [[ 0.03516]]

  [[ 0.02734]]

  [[-0.08203]]

  [[ 0.26562]]

  [[-0.12109]]

  [[-0.03516]]

  [[ 0.11719]]

  [[-0.     ]]

  [[ 0.12109]]]


 [[[ 0.09766]]

  [[ 0.11719]]

  [[ 0.06641]]

  [[ 0.09375]]

  [[ 0.01562]]

  [[-0.03906]]

  [[ 0.11328]]

  [[-0.03516]]

  [[-0.30469]]

  [[-0.11719]]

  [[ 0.15625]]

  [[ 0.04688]]

  [[ 0.22656]]

  [[-0.24609]]

  [[ 0.08203]]

  [[-0.04688]]

  [[ 0.00391]]

  [[-0.13281]]

  [[-0.07812]]

  [[-0.11719]]

  [[ 0.12109]]

  [[-0.06641]]

  [[-0.16016]]

  [[ 0.05078]]

  [[-0.21094]]

  [[-0.01562]]

  [[-0.19141]]

  [[-0.08594]]

  [[-0.08203]]

  [[ 0.0625 ]]

  [[-0.05469]]

  [[ 0.14062]]]


 [[[-0.00391]]

  [[-0.00781]]

  [[-0.11328]]

  [[ 0.05859]]

  [[ 0.02344]]

  [[ 0.18359]]

  [[ 0.16797]]

  [[ 0.08203]]

  [[ 0.09375]]

  [[-0.05078]]

  [[ 0.12109]]

  [[-0.07031]]

  [[-0.20703]]

  [[ 0.125  ]]

  [[ 0.14844]]

  [[ 0.21094]]

  [[ 0.03906]]

  [[ 0.16016]]

  [[-0.02344]]

  [[ 0.07812]]

  [[ 0.17188]]

  [[ 0.23828]]

  [[ 0.13672]]

  [[ 0.03516]]

  [[ 0.04297]]

  [[-0.02344]]

  [[ 0.21094]]

  [[ 0.02344]]

  [[ 0.     ]]

  [[ 0.06641]]

  [[ 0.08594]]

  [[ 0.25   ]]]


 [[[-0.20703]]

  [[-0.21094]]

  [[-0.04688]]

  [[ 0.05469]]

  [[ 0.17578]]

  [[ 0.25781]]

  [[ 0.125  ]]

  [[ 0.08984]]

  [[ 0.19531]]

  [[-0.05078]]

  [[-0.13281]]

  [[-0.10938]]

  [[-0.40234]]

  [[ 0.25391]]

  [[ 0.05469]]

  [[-0.19531]]

  [[ 0.0625 ]]

  [[ 0.14844]]

  [[ 0.15625]]

  [[ 0.15234]]

  [[-0.03125]]

  [[ 0.16797]]

  [[-0.04688]]

  [[-0.15234]]

  [[ 0.25391]]

  [[-0.17969]]

  [[ 0.16797]]

  [[-0.01953]]

  [[-0.02344]]

  [[-0.06641]]

  [[-0.07422]]

  [[-0.02344]]]


 [[[-0.03125]]

  [[-0.40234]]

  [[ 0.30469]]

  [[-0.04297]]

  [[-0.09375]]

  [[ 0.05469]]

  [[ 0.03516]]

  [[-0.20312]]

  [[ 0.08203]]

  [[-0.22266]]

  [[ 0.06641]]

  [[ 0.25391]]

  [[ 0.22656]]

  [[ 0.09766]]

  [[ 0.08984]]

  [[-0.125  ]]

  [[-0.04688]]

  [[ 0.08203]]

  [[-0.02734]]

  [[ 0.01172]]

  [[ 0.01953]]

  [[-0.08594]]

  [[-0.12109]]

  [[-0.06641]]

  [[-0.0625 ]]

  [[-0.08203]]

  [[ 0.19922]]

  [[-0.25391]]

  [[-0.14844]]

  [[-0.14453]]

  [[-0.14844]]

  [[-0.19531]]]


 [[[ 0.01953]]

  [[-0.30078]]

  [[-0.05469]]

  [[-0.12109]]

  [[-0.08594]]

  [[ 0.09375]]

  [[-0.08594]]

  [[ 0.19531]]

  [[ 0.05859]]

  [[-0.11328]]

  [[-0.08594]]

  [[-0.00391]]

  [[-0.21875]]

  [[-0.07812]]

  [[-0.24219]]

  [[-0.10156]]

  [[-0.10156]]

  [[-0.14453]]

  [[ 0.03125]]

  [[ 0.0625 ]]

  [[ 0.     ]]

  [[-0.15625]]

  [[-0.15625]]

  [[-0.00391]]

  [[ 0.25   ]]

  [[ 0.3125 ]]

  [[-0.125  ]]

  [[ 0.01172]]

  [[ 0.11328]]

  [[-0.03516]]

  [[ 0.12109]]

  [[-0.29688]]]]...
--------------------------------------------------------------------------------
[Bias] Layer: encoder1.block.1.5 (QuantConv2d)
  Shape: (8,)
  Bit Width: 16.0
  Signed: True
  Scale: 0.00048828125
  Sample Bias: [ 0.50342  0.1167  -0.16895  0.28418 -0.51904  0.22852  0.6167   0.6709 ]...
################################################################################

