################################################################################
[Weight] Layer: encoder1.block.2.0.fn.0 (QuantConv2d)
  Shape: (8, 1, 3, 3)
  Bit Width: 8.0
  Signed: True
  Scale: 0.015625
  Sample Weights: [[[[-0.23438  0.14062 -0.03125]
   [ 0.60938  0.92188 -0.0625 ]
   [ 0.29688 -0.375    0.45312]]]


 [[[-0.17188 -0.10938  0.04688]
   [ 0.09375 -0.09375 -0.125  ]
   [ 0.09375 -0.20312 -0.04688]]]


 [[[-0.15625  0.04688  0.125  ]
   [-0.57812  0.26562 -0.4375 ]
   [ 0.57812 -0.84375  0.3125 ]]]


 [[[ 1.32812 -1.98438 -1.46875]
   [ 1.67188  0.23438 -0.59375]
   [ 1.1875  -0.9375   1.04688]]]


 [[[-0.20312 -0.1875  -0.10938]
   [-0.21875 -0.0625  -0.15625]
   [-0.1875  -0.0625  -0.23438]]]


 [[[-0.35938 -0.76562  0.25   ]
   [-0.26562  0.46875 -0.15625]
   [-0.3125   0.5     -0.04688]]]


 [[[ 0.4375  -0.1875   0.10938]
   [-0.04688  0.40625 -0.     ]
   [-0.       0.04688 -0.01562]]]


 [[[ 0.      -0.5625   0.59375]
   [-0.98438  0.89062  1.71875]
   [-0.78125  0.125   -0.4375 ]]]]...
--------------------------------------------------------------------------------
[Bias] Layer: encoder1.block.2.0.fn.0 (QuantConv2d)
  Shape: (8,)
  Bit Width: 16.0
  Signed: True
  Scale: 0.001953125
  Sample Bias: [-0.64453  0.21094  0.33984  0.35938  0.30078  0.16406 -0.29297 -0.23438]...
################################################################################

