################################################################################
[Weight] Layer: stem.conv.0 (QuantConv2d)
  Shape: (8, 3, 3, 3)
  Bit Width: 8.0
  Signed: True
  Scale: 0.5
  Sample Weights: [[[[  9.   10.5 -12.5]
   [ -3.   -1.5   0. ]
   [ 20.5  29.    3. ]]

  [[ 17.5   6.5 -16. ]
   [  3.   19.5   0.5]
   [  0.5  30.   24.5]]

  [[ 27.5  24.5   5. ]
   [  9.5  14.5  -6.5]
   [ -0.    6.   13.5]]]


 [[[-12.5  -2.   -1.5]
   [ -8.   -9.   -9.5]
   [-19.  -13.5 -13.5]]

  [[ -5.5  -1.   -1. ]
   [ -2.5 -12.5 -10. ]
   [-21.  -25.5 -10. ]]

  [[ -1.   -0.5  16.5]
   [  0.    1.    0.5]
   [ -6.  -14.   -0. ]]]


 [[[ -0.  -28.5  -5.5]
   [ -0.5 -11.5  -8.5]
   [ -6.5  -1.   12. ]]

  [[ -9.5 -10.   -7. ]
   [  7.  -21.5   4. ]
   [ -1.   -0.    6.5]]

  [[  0.  -32.5 -23.5]
   [ -5.  -13.    0.5]
   [ 12.    4.   -0. ]]]


 [[[ -2.  -47.5 -13. ]
   [-18.  -46.5  19.5]
   [ 14.5  15.   20.5]]

  [[ -2.5 -19.  -12.5]
   [ 11.5 -48.   27.5]
   [  0.5   8.   25. ]]

  [[-26.5 -63.5 -19. ]
   [ -9.  -58.   -7.5]
   [ 23.  -11.   -8. ]]]


 [[[ 30.5  -1.5 -42. ]
   [ 41.5  10.   -1. ]
   [  9.  -38.5 -14.5]]

  [[  1.   33.5 -12.5]
   [ 56.   34.5 -29. ]
   [  5.    1.  -40.5]]

  [[ 20.5  29.5  -5.5]
   [ 48.   45.    3.5]
   [ 11.    3.  -26. ]]]


 [[[  5.  -28.5  -1. ]
   [ 15.5 -29.5  -1.5]
   [-10.5 -10.   -3.5]]

  [[ 22.5 -16.    4.5]
   [ -1.5 -15.  -24.5]
   [ 21.  -14.  -26. ]]

  [[ 13.   -7.   16.5]
   [ -3.  -20.  -24. ]
   [  1.5 -37.   -2. ]]]


 [[[-13.    3.5  -4. ]
   [ -0.5  16.  -12.5]
   [-10.   56.  -27. ]]

  [[ -5.5 -31.5  13. ]
   [ 20.  -14.5 -49.5]
   [-28.5  63.5 -17.5]]

  [[-20.   -5.5  10. ]
   [-12.5 -28.5 -10.5]
   [-63.5  42.5 -23. ]]]


 [[[  6.5  28.5 -18.5]
   [ 32.5  44.5 -27. ]
   [ 42.  -11.    1. ]]

  [[  5.5  33.5   4. ]
   [  0.5  18.5   9. ]
   [ 24.   -8.5 -11.5]]

  [[-18.   16.5  14. ]
   [ 27.   22.5 -19.5]
   [ 33.5 -23.5  -0. ]]]]...
--------------------------------------------------------------------------------
[Bias] Layer: stem.conv.0 (QuantConv2d)
  Shape: (8,)
  Bit Width: 16.0
  Signed: True
  Scale: 3.0517578125e-05
  Sample Bias: [ 0.82797 -0.66882 -0.23148 -0.11212  0.53802 -0.2247  -0.99997  0.63861]...
################################################################################

