################################################################################
[Weight] Layer: encoder1.block.2.1.fn.0 (QuantConv2d)
  Shape: (8, 1, 3, 3)
  Bit Width: 8.0
  Signed: True
  Scale: 0.0078125
  Sample Weights: [[[[ 0.04688 -0.13281  0.28906]
   [-0.32812 -0.19531 -0.14062]
   [-0.07031  0.33594  0.15625]]]


 [[[-0.23438 -0.05469 -0.00781]
   [ 0.05469  0.0625  -0.27344]
   [-0.0625  -0.04688 -0.48438]]]


 [[[ 0.99219 -0.375   -0.51562]
   [-0.61719 -0.03125  0.48438]
   [ 0.33594 -0.375   -0.21875]]]


 [[[ 0.07031  0.07031 -0.60938]
   [ 0.01562  0.28906 -0.92188]
   [ 0.03906  0.21094 -0.16406]]]


 [[[ 0.67969  0.46094  0.08594]
   [ 0.14062  0.25781  0.3125 ]
   [-0.13281 -0.32812 -0.04688]]]


 [[[-0.19531 -0.35156 -0.35938]
   [-0.08594 -0.47656  0.85156]
   [-0.09375  0.84375 -0.14844]]]


 [[[-0.00781  0.11719  0.03125]
   [-0.00781  0.17969 -0.09375]
   [-0.01562  0.04688  0.15625]]]


 [[[ 0.0625   0.17188  0.17969]
   [ 0.33594  0.32031  0.0625 ]
   [-0.10938 -0.04688 -0.48438]]]]...
--------------------------------------------------------------------------------
[Bias] Layer: encoder1.block.2.1.fn.0 (QuantConv2d)
  Shape: (8,)
  Bit Width: 16.0
  Signed: True
  Scale: 0.0009765625
  Sample Bias: [-0.51562  0.46973  0.11914  1.04102 -0.49805 -0.16309 -0.30664 -0.00879]...
################################################################################

