################################################################################
[Weight] Layer: encoder1.block.2.2 (QuantConv2d)
  Shape: (32, 8, 1, 1)
  Bit Width: 8.0
  Signed: True
  Scale: 0.00390625
  Sample Weights: [[[[ 0.35938]]

  [[-0.04297]]

  [[-0.07812]]

  [[ 0.27344]]

  [[-0.14453]]

  [[ 0.08203]]

  [[ 0.0625 ]]

  [[ 0.19531]]]


 [[[ 0.     ]]

  [[ 0.     ]]

  [[ 0.     ]]

  [[-0.     ]]

  [[-0.     ]]

  [[-0.     ]]

  [[-0.     ]]

  [[ 0.     ]]]


 [[[ 0.04688]]

  [[-0.08594]]

  [[ 0.01562]]

  [[ 0.08594]]

  [[-0.15625]]

  [[-0.10156]]

  [[ 0.10547]]

  [[ 0.13281]]]


 [[[-0.08594]]

  [[ 0.35938]]

  [[-0.13281]]

  [[-0.04297]]

  [[ 0.07031]]

  [[-0.24219]]

  [[-0.25   ]]

  [[-0.35156]]]


 [[[-0.26953]]

  [[ 0.06641]]

  [[ 0.24219]]

  [[-0.25781]]

  [[-0.14453]]

  [[ 0.08203]]

  [[-0.21094]]

  [[-0.28516]]]


 [[[-0.06641]]

  [[-0.07812]]

  [[ 0.16016]]

  [[ 0.03516]]

  [[-0.09766]]

  [[ 0.22656]]

  [[ 0.24219]]

  [[ 0.02734]]]


 [[[-0.17969]]

  [[ 0.28125]]

  [[-0.15625]]

  [[-0.21875]]

  [[-0.01172]]

  [[ 0.05078]]

  [[-0.07812]]

  [[-0.16797]]]


 [[[-0.03906]]

  [[-0.25391]]

  [[ 0.20312]]

  [[-0.30859]]

  [[-0.08203]]

  [[ 0.14062]]

  [[ 0.22266]]

  [[-0.09375]]]


 [[[-0.16797]]

  [[-0.08984]]

  [[-0.15625]]

  [[-0.25   ]]

  [[ 0.05469]]

  [[-0.16406]]

  [[ 0.29688]]

  [[-0.07031]]]


 [[[ 0.08203]]

  [[-0.07422]]

  [[-0.14453]]

  [[-0.125  ]]

  [[-0.12109]]

  [[-0.05469]]

  [[ 0.08984]]

  [[ 0.02344]]]]...
--------------------------------------------------------------------------------
[Bias] Layer: encoder1.block.2.2 (QuantConv2d)
  Shape: (32,)
  Bit Width: 16.0
  Signed: True
  Scale: 0.00048828125
  Sample Bias: [-0.62354  0.      -0.22803  0.75244  1.2373  -0.6333   0.41016  0.35498
  0.39209 -0.17676]...
################################################################################

