################################################################################
[Weight] Layer: encoder1.block.2.5 (QuantConv2d)
  Shape: (8, 32, 1, 1)
  Bit Width: 8.0
  Signed: True
  Scale: 0.00390625
  Sample Weights: [[[[ 0.09766]]

  [[ 0.     ]]

  [[ 0.01953]]

  [[ 0.00781]]

  [[-0.     ]]

  [[ 0.13281]]

  [[-0.00781]]

  [[ 0.15625]]

  [[-0.10547]]

  [[ 0.03906]]

  [[ 0.10547]]

  [[ 0.01562]]

  [[ 0.01172]]

  [[-0.05078]]

  [[-0.20312]]

  [[-0.01953]]

  [[-0.05859]]

  [[-0.08203]]

  [[-0.20312]]

  [[ 0.02734]]

  [[-0.01562]]

  [[ 0.125  ]]

  [[ 0.     ]]

  [[ 0.0625 ]]

  [[ 0.14453]]

  [[ 0.13672]]

  [[ 0.09375]]

  [[ 0.05469]]

  [[-0.125  ]]

  [[ 0.02734]]

  [[ 0.07031]]

  [[-0.06641]]]


 [[[-0.16406]]

  [[ 0.     ]]

  [[-0.03906]]

  [[-0.1875 ]]

  [[-0.125  ]]

  [[-0.07031]]

  [[-0.05859]]

  [[ 0.13281]]

  [[ 0.05859]]

  [[ 0.01953]]

  [[-0.22266]]

  [[-0.10156]]

  [[ 0.09766]]

  [[ 0.09766]]

  [[-0.07812]]

  [[-0.06641]]

  [[-0.20312]]

  [[-0.08594]]

  [[-0.25781]]

  [[-0.12891]]

  [[ 0.03516]]

  [[-0.13672]]

  [[ 0.20703]]

  [[-0.07422]]

  [[-0.08594]]

  [[-0.23438]]

  [[-0.20703]]

  [[ 0.05859]]

  [[-0.17188]]

  [[-0.01172]]

  [[ 0.28906]]

  [[ 0.10547]]]


 [[[-0.35156]]

  [[-0.     ]]

  [[-0.19922]]

  [[ 0.10547]]

  [[ 0.14844]]

  [[-0.08203]]

  [[-0.05078]]

  [[ 0.04297]]

  [[-0.13672]]

  [[-0.01172]]

  [[-0.05078]]

  [[ 0.16406]]

  [[ 0.09375]]

  [[ 0.07422]]

  [[-0.08203]]

  [[-0.02734]]

  [[ 0.00781]]

  [[ 0.05078]]

  [[ 0.19531]]

  [[-0.03516]]

  [[ 0.39062]]

  [[ 0.07812]]

  [[ 0.01953]]

  [[ 0.21484]]

  [[-0.23047]]

  [[ 0.1875 ]]

  [[ 0.22266]]

  [[-0.21875]]

  [[ 0.07812]]

  [[ 0.13281]]

  [[-0.19141]]

  [[-0.25391]]]


 [[[-0.07812]]

  [[ 0.     ]]

  [[ 0.10938]]

  [[-0.08203]]

  [[ 0.05469]]

  [[ 0.18359]]

  [[ 0.0625 ]]

  [[ 0.125  ]]

  [[ 0.1875 ]]

  [[ 0.04297]]

  [[-0.17578]]

  [[-0.10547]]

  [[ 0.30859]]

  [[ 0.08984]]

  [[-0.06641]]

  [[-0.13281]]

  [[-0.02344]]

  [[-0.09766]]

  [[-0.17969]]

  [[ 0.00391]]

  [[-0.08203]]

  [[-0.10156]]

  [[ 0.14453]]

  [[-0.0625 ]]

  [[-0.07812]]

  [[-0.17188]]

  [[-0.03516]]

  [[-0.01172]]

  [[-0.05859]]

  [[-0.07812]]

  [[ 0.12891]]

  [[ 0.18359]]]


 [[[-0.05469]]

  [[-0.     ]]

  [[-0.14453]]

  [[-0.21875]]

  [[ 0.28125]]

  [[ 0.24609]]

  [[ 0.04297]]

  [[ 0.25391]]

  [[-0.24609]]

  [[-0.09375]]

  [[-0.23438]]

  [[ 0.16797]]

  [[ 0.08203]]

  [[ 0.16797]]

  [[-0.25391]]

  [[-0.05469]]

  [[ 0.03125]]

  [[-0.01172]]

  [[-0.22266]]

  [[-0.04688]]

  [[-0.16016]]

  [[ 0.11328]]

  [[-0.16797]]

  [[ 0.05469]]

  [[ 0.12109]]

  [[ 0.32422]]

  [[ 0.24609]]

  [[-0.19531]]

  [[-0.16406]]

  [[ 0.20312]]

  [[-0.19922]]

  [[-0.01562]]]


 [[[-0.0625 ]]

  [[-0.     ]]

  [[-0.09375]]

  [[-0.0625 ]]

  [[ 0.16797]]

  [[ 0.01953]]

  [[ 0.01953]]

  [[ 0.16797]]

  [[ 0.16406]]

  [[ 0.01172]]

  [[-0.03516]]

  [[ 0.12891]]

  [[ 0.19141]]

  [[ 0.16406]]

  [[-0.07031]]

  [[ 0.     ]]

  [[-0.03125]]

  [[-0.02734]]

  [[-0.10547]]

  [[-0.01562]]

  [[-0.14453]]

  [[ 0.02734]]

  [[ 0.23047]]

  [[ 0.02734]]

  [[ 0.12891]]

  [[ 0.     ]]

  [[ 0.10547]]

  [[ 0.02344]]

  [[-0.10547]]

  [[ 0.12891]]

  [[ 0.19141]]

  [[ 0.02734]]]


 [[[-0.07031]]

  [[-0.     ]]

  [[-0.06641]]

  [[ 0.34375]]

  [[ 0.25   ]]

  [[-0.00391]]

  [[ 0.19531]]

  [[-0.0625 ]]

  [[-0.09375]]

  [[-0.03516]]

  [[-0.05859]]

  [[-0.07812]]

  [[-0.24219]]

  [[-0.11719]]

  [[ 0.13672]]

  [[-0.01172]]

  [[ 0.11719]]

  [[-0.11328]]

  [[ 0.08203]]

  [[-0.20312]]

  [[-0.23828]]

  [[-0.08203]]

  [[ 0.12891]]

  [[ 0.46484]]

  [[-0.13281]]

  [[-0.17969]]

  [[-0.12891]]

  [[-0.17578]]

  [[-0.14062]]

  [[-0.12891]]

  [[-0.04688]]

  [[-0.08984]]]


 [[[-0.00781]]

  [[-0.     ]]

  [[ 0.02344]]

  [[ 0.07031]]

  [[-0.12109]]

  [[-0.04297]]

  [[-0.01953]]

  [[-0.15234]]

  [[-0.0625 ]]

  [[-0.02734]]

  [[ 0.08203]]

  [[ 0.07422]]

  [[-0.17578]]

  [[-0.05469]]

  [[ 0.14453]]

  [[ 0.17578]]

  [[ 0.04297]]

  [[ 0.01172]]

  [[ 0.13672]]

  [[ 0.08594]]

  [[ 0.15234]]

  [[-0.03516]]

  [[-0.09375]]

  [[ 0.14453]]

  [[-0.16406]]

  [[-0.00391]]

  [[-0.00391]]

  [[ 0.08594]]

  [[ 0.09766]]

  [[-0.     ]]

  [[-0.11719]]

  [[-0.02734]]]]...
--------------------------------------------------------------------------------
[Bias] Layer: encoder1.block.2.5 (QuantConv2d)
  Shape: (8,)
  Bit Width: 16.0
  Signed: True
  Scale: 0.00048828125
  Sample Bias: [-0.28027  0.41602 -0.06494  0.09229  0.0498  -0.46729 -0.01025  0.16113]...
################################################################################

