################################################################################
[Weight] Layer: encoder2.block.0.0.fn.0 (QuantConv2d)
  Shape: (8, 1, 3, 3)
  Bit Width: 8.0
  Signed: True
  Scale: 0.015625
  Sample Weights: [[[[-0.1875   0.10938  0.23438]
   [-0.03125  0.32812  0.57812]
   [-0.07812  0.25     0.25   ]]]


 [[[ 0.39062 -0.51562  0.75   ]
   [ 0.01562  1.01562  0.82812]
   [-0.82812 -0.48438  0.0625 ]]]


 [[[ 0.07812 -1.98438 -0.76562]
   [-0.21875  0.625   -0.6875 ]
   [ 0.48438  1.625    0.85938]]]


 [[[ 0.20312  0.20312 -0.17188]
   [ 0.45312  0.4375  -0.10938]
   [ 0.03125  0.35938  0.07812]]]


 [[[-0.45312 -0.34375  0.01562]
   [-0.85938 -1.04688  0.9375 ]
   [-0.48438  0.67188  0.59375]]]


 [[[ 0.60938  1.09375  0.15625]
   [-0.15625  0.96875 -1.14062]
   [ 0.51562 -0.79688 -0.4375 ]]]


 [[[ 1.07812  1.98438  0.3125 ]
   [ 0.32812 -0.21875 -0.10938]
   [-0.98438 -0.07812 -0.76562]]]


 [[[ 0.0625  -0.1875  -0.20312]
   [ 0.25     0.28125  0.0625 ]
   [-0.625   -0.09375 -0.34375]]]]...
--------------------------------------------------------------------------------
[Bias] Layer: encoder2.block.0.0.fn.0 (QuantConv2d)
  Shape: (8,)
  Bit Width: 16.0
  Signed: True
  Scale: 0.001953125
  Sample Bias: [-0.92188 -0.48242  0.02344 -0.91797  0.5332  -0.57031 -0.33203  0.74609]...
################################################################################

