################################################################################
[Weight] Layer: encoder2.block.0.5 (QuantConv2d)
  Shape: (8, 32, 1, 1)
  Bit Width: 8.0
  Signed: True
  Scale: 0.00390625
  Sample Weights: [[[[-0.00781]]

  [[ 0.18359]]

  [[-0.15625]]

  [[-0.10938]]

  [[ 0.07812]]

  [[-0.27734]]

  [[-0.125  ]]

  [[ 0.07031]]

  [[-0.05469]]

  [[-0.26562]]

  [[ 0.05078]]

  [[ 0.19922]]

  [[ 0.20312]]

  [[-0.08203]]

  [[ 0.05078]]

  [[-0.34766]]

  [[-0.05078]]

  [[-0.30469]]

  [[-0.01562]]

  [[-0.32812]]

  [[ 0.07422]]

  [[ 0.05078]]

  [[ 0.49609]]

  [[-0.00781]]

  [[-0.05469]]

  [[-0.15234]]

  [[ 0.02344]]

  [[ 0.16406]]

  [[-0.     ]]

  [[ 0.15625]]

  [[ 0.03906]]

  [[ 0.25391]]]


 [[[ 0.08594]]

  [[-0.28125]]

  [[-0.13672]]

  [[ 0.01562]]

  [[-0.00781]]

  [[ 0.08594]]

  [[-0.30078]]

  [[ 0.08984]]

  [[-0.11719]]

  [[-0.09375]]

  [[-0.10547]]

  [[-0.16406]]

  [[ 0.15625]]

  [[-0.07422]]

  [[-0.01953]]

  [[-0.00781]]

  [[-0.05469]]

  [[ 0.32812]]

  [[ 0.04297]]

  [[ 0.21094]]

  [[-0.00781]]

  [[ 0.12109]]

  [[-0.07031]]

  [[-0.05469]]

  [[ 0.05859]]

  [[-0.02344]]

  [[-0.23047]]

  [[ 0.09766]]

  [[-0.28125]]

  [[-0.14844]]

  [[-0.11328]]

  [[-0.19531]]]


 [[[-0.12109]]

  [[ 0.14062]]

  [[-0.05469]]

  [[ 0.26562]]

  [[ 0.     ]]

  [[-0.03516]]

  [[-0.17188]]

  [[ 0.49609]]

  [[-0.07812]]

  [[ 0.19141]]

  [[-0.11328]]

  [[-0.28516]]

  [[ 0.01562]]

  [[-0.08203]]

  [[-0.10938]]

  [[ 0.29297]]

  [[ 0.01172]]

  [[ 0.22266]]

  [[ 0.02344]]

  [[ 0.17188]]

  [[ 0.15234]]

  [[-0.14453]]

  [[ 0.13672]]

  [[-0.08203]]

  [[-0.07422]]

  [[ 0.06641]]

  [[ 0.16016]]

  [[ 0.26953]]

  [[-0.22656]]

  [[-0.1875 ]]

  [[-0.1875 ]]

  [[ 0.06641]]]


 [[[-0.17188]]

  [[-0.05859]]

  [[ 0.05469]]

  [[-0.07031]]

  [[-0.05078]]

  [[-0.08203]]

  [[-0.00781]]

  [[-0.07031]]

  [[ 0.12109]]

  [[ 0.05469]]

  [[ 0.04688]]

  [[-0.14453]]

  [[-0.16406]]

  [[ 0.07812]]

  [[-0.05859]]

  [[ 0.04297]]

  [[ 0.04688]]

  [[ 0.07031]]

  [[ 0.00391]]

  [[-0.19141]]

  [[-0.07812]]

  [[-0.19531]]

  [[-0.26172]]

  [[-0.02344]]

  [[-0.09375]]

  [[ 0.02734]]

  [[ 0.04297]]

  [[-0.0625 ]]

  [[ 0.05859]]

  [[-0.10547]]

  [[-0.09766]]

  [[-0.12109]]]


 [[[-0.125  ]]

  [[-0.00391]]

  [[-0.00781]]

  [[ 0.24219]]

  [[-0.03125]]

  [[-0.19922]]

  [[ 0.03125]]

  [[ 0.27734]]

  [[ 0.45703]]

  [[ 0.42578]]

  [[ 0.05469]]

  [[-0.05469]]

  [[-0.02734]]

  [[ 0.08203]]

  [[ 0.04297]]

  [[-0.29297]]

  [[ 0.49609]]

  [[ 0.04688]]

  [[-0.01562]]

  [[ 0.05078]]

  [[-0.10547]]

  [[-0.07422]]

  [[ 0.04297]]

  [[ 0.15234]]

  [[ 0.01562]]

  [[ 0.05469]]

  [[ 0.05469]]

  [[-0.01172]]

  [[ 0.01172]]

  [[ 0.14844]]

  [[ 0.09766]]

  [[ 0.21094]]]


 [[[-0.125  ]]

  [[ 0.15234]]

  [[-0.03516]]

  [[-0.22656]]

  [[-0.02344]]

  [[-0.26172]]

  [[ 0.34766]]

  [[-0.1875 ]]

  [[ 0.22266]]

  [[ 0.20312]]

  [[ 0.10547]]

  [[ 0.01953]]

  [[ 0.15625]]

  [[ 0.16406]]

  [[ 0.39062]]

  [[ 0.08203]]

  [[-0.03125]]

  [[ 0.00781]]

  [[ 0.     ]]

  [[-0.21484]]

  [[ 0.05469]]

  [[-0.05859]]

  [[ 0.15625]]

  [[ 0.17969]]

  [[-0.12891]]

  [[-0.11328]]

  [[-0.04297]]

  [[-0.14062]]

  [[ 0.29688]]

  [[-0.06641]]

  [[-0.04688]]

  [[ 0.     ]]]


 [[[-0.16016]]

  [[ 0.19141]]

  [[-0.10547]]

  [[ 0.0625 ]]

  [[ 0.05469]]

  [[-0.04297]]

  [[ 0.02344]]

  [[-0.16406]]

  [[-0.01562]]

  [[ 0.26172]]

  [[-0.23438]]

  [[-0.28125]]

  [[-0.13281]]

  [[-0.0625 ]]

  [[ 0.08594]]

  [[ 0.06641]]

  [[ 0.07812]]

  [[-0.08594]]

  [[-0.     ]]

  [[ 0.12891]]

  [[ 0.30859]]

  [[-0.25391]]

  [[-0.14453]]

  [[-0.01172]]

  [[-0.03125]]

  [[-0.1875 ]]

  [[-0.16406]]

  [[-0.26172]]

  [[-0.02344]]

  [[-0.3125 ]]

  [[-0.28125]]

  [[-0.08594]]]


 [[[-0.20312]]

  [[-0.26562]]

  [[-0.10547]]

  [[-0.07031]]

  [[-0.03906]]

  [[-0.03125]]

  [[-0.09375]]

  [[-0.20312]]

  [[-0.19922]]

  [[-0.27734]]

  [[ 0.15234]]

  [[-0.16016]]

  [[-0.13281]]

  [[-0.14062]]

  [[-0.37109]]

  [[-0.00781]]

  [[-0.16016]]

  [[ 0.05859]]

  [[ 0.01562]]

  [[-0.03516]]

  [[ 0.02734]]

  [[-0.15625]]

  [[-0.16797]]

  [[-0.05078]]

  [[-0.12891]]

  [[ 0.14453]]

  [[ 0.21484]]

  [[-0.05859]]

  [[-0.16406]]

  [[-0.09375]]

  [[-0.03906]]

  [[-0.14453]]]]...
--------------------------------------------------------------------------------
[Bias] Layer: encoder2.block.0.5 (QuantConv2d)
  Shape: (8,)
  Bit Width: 16.0
  Signed: True
  Scale: 0.00048828125
  Sample Bias: [ 0.354    0.25684 -0.21338  0.56201 -0.7998  -0.26172  0.91016  0.95947]...
################################################################################

