################################################################################
[Weight] Layer: encoder2.up.conv.0 (QuantConv2d)
  Shape: (8, 8, 3, 3)
  Bit Width: 8.0
  Signed: True
  Scale: 0.001953125
  Sample Weights: [[[[-0.20703 -0.13281 -0.14648]
   [-0.00391 -0.02539  0.00195]
   [ 0.05469  0.03711  0.05078]]

  [[ 0.04297  0.04492 -0.0293 ]
   [-0.06445 -0.00195 -0.0293 ]
   [-0.06641 -0.07031 -0.05859]]

  [[-0.01758  0.05273  0.05859]
   [-0.08398  0.09961  0.08398]
   [-0.10156  0.02539  0.08203]]

  [[ 0.02344 -0.01367  0.02344]
   [-0.08008 -0.0957  -0.03516]
   [-0.09375 -0.08398 -0.05664]]

  [[-0.04102  0.01367 -0.01172]
   [-0.0332  -0.00977 -0.02734]
   [ 0.00781  0.03711 -0.0293 ]]

  [[ 0.00781 -0.00781  0.02148]
   [ 0.00781 -0.00781  0.03125]
   [ 0.      -0.01953 -0.01562]]

  [[ 0.19727  0.15234  0.15234]
   [ 0.04102  0.16211  0.1582 ]
   [ 0.02734  0.06055  0.15039]]

  [[-0.0332   0.05078  0.02148]
   [-0.08398 -0.08789 -0.0332 ]
   [-0.01758 -0.04492 -0.04688]]]


 [[[-0.08789 -0.05469  0.22461]
   [-0.0625  -0.24805 -0.00391]
   [ 0.08398 -0.06641  0.05273]]

  [[ 0.07617 -0.05664 -0.02734]
   [-0.05078  0.05273  0.06445]
   [-0.11133  0.04297 -0.04297]]

  [[ 0.24805  0.16211  0.0332 ]
   [-0.02734  0.01953  0.02734]
   [-0.05664 -0.11328 -0.0957 ]]

  [[-0.02344  0.03125 -0.11719]
   [ 0.0332   0.20703 -0.02344]
   [-0.03125  0.11328  0.10156]]

  [[ 0.04297  0.06836 -0.16211]
   [-0.11133 -0.02539 -0.21875]
   [-0.13477 -0.05859 -0.1875 ]]

  [[-0.18359 -0.08984 -0.20508]
   [ 0.05078  0.07422 -0.12109]
   [-0.06641  0.14062  0.06445]]

  [[ 0.24805  0.03711 -0.08789]
   [ 0.17969  0.17383  0.04883]
   [ 0.07617  0.01367  0.07422]]

  [[ 0.01172  0.02148  0.07422]
   [ 0.10547  0.0625   0.1582 ]
   [-0.01562  0.10156  0.10742]]]


 [[[ 0.0293  -0.04688 -0.07031]
   [-0.01562 -0.08398 -0.14258]
   [-0.05273 -0.09375 -0.10352]]

  [[ 0.06445  0.0918   0.04492]
   [ 0.13672  0.06641  0.02344]
   [ 0.08594 -0.03711 -0.07031]]

  [[ 0.06055  0.1543   0.04883]
   [ 0.00391  0.10938 -0.00977]
   [-0.0332   0.04297 -0.01367]]

  [[-0.06055 -0.00586  0.07812]
   [-0.01562 -0.00586  0.12109]
   [-0.0625   0.00195  0.08789]]

  [[-0.08789  0.03125  0.01953]
   [-0.02344  0.04297  0.04492]
   [ 0.06445  0.03711  0.0332 ]]

  [[-0.0625  -0.04102  0.00391]
   [-0.00977 -0.00781  0.0918 ]
   [-0.02539  0.00586  0.06445]]

  [[-0.06836 -0.02344  0.     ]
   [-0.00195  0.02344  0.06641]
   [ 0.07227  0.04883  0.06641]]

  [[-0.08594 -0.       0.04297]
   [-0.01172 -0.04688  0.03711]
   [-0.06445 -0.03516  0.01953]]]


 [[[-0.14062 -0.13086 -0.07422]
   [-0.09961 -0.16016  0.00781]
   [ 0.08984  0.07031  0.10352]]

  [[-0.0293  -0.05664  0.00195]
   [ 0.03516 -0.00977 -0.00586]
   [-0.03906 -0.07617 -0.13281]]

  [[ 0.10742 -0.05664 -0.0293 ]
   [ 0.00391 -0.01758 -0.07031]
   [-0.04492 -0.04102 -0.10547]]

  [[-0.       0.09961  0.03125]
   [-0.06445  0.02734 -0.05859]
   [-0.03906  0.0332  -0.02734]]

  [[ 0.06641  0.0625  -0.     ]
   [ 0.05859 -0.00781 -0.0293 ]
   [ 0.0957   0.05078 -0.00391]]

  [[ 0.01172 -0.04492 -0.01172]
   [-0.05273  0.05469  0.10938]
   [ 0.08203  0.09375  0.15039]]

  [[-0.04297 -0.12891 -0.03711]
   [ 0.04688  0.09766  0.12305]
   [ 0.01172  0.14062  0.14844]]

  [[ 0.06445  0.08594  0.0332 ]
   [-0.05078 -0.02344 -0.06055]
   [-0.04883 -0.14258 -0.13477]]]


 [[[ 0.08203  0.05469 -0.125  ]
   [-0.12695  0.14844 -0.02344]
   [-0.125    0.02539  0.0293 ]]

  [[-0.20312 -0.11523 -0.04688]
   [-0.09766 -0.07617  0.04688]
   [-0.01562  0.08008  0.07227]]

  [[-0.03125  0.01953 -0.0332 ]
   [-0.10352 -0.23242 -0.08008]
   [ 0.16797 -0.17578 -0.18359]]

  [[-0.05469 -0.07031 -0.01562]
   [ 0.01562 -0.16016 -0.16406]
   [ 0.02734 -0.07227 -0.04297]]

  [[-0.00977 -0.04297  0.02148]
   [ 0.05664 -0.03125 -0.18164]
   [ 0.01953 -0.02539 -0.19141]]

  [[ 0.04102 -0.00195  0.20117]
   [ 0.01367 -0.06836 -0.08203]
   [ 0.07031 -0.15039 -0.13086]]

  [[-0.03125  0.00391  0.11914]
   [-0.08203 -0.23242  0.04688]
   [ 0.06641 -0.11328 -0.05273]]

  [[-0.13477 -0.15039 -0.01172]
   [ 0.12891 -0.07227 -0.14258]
   [ 0.0918   0.10352  0.06055]]]


 [[[-0.01172  0.14453  0.19727]
   [ 0.16406 -0.00391 -0.01758]
   [ 0.04688 -0.11523 -0.0625 ]]

  [[-0.11523 -0.10352  0.13477]
   [-0.14062 -0.00195  0.08008]
   [ 0.04102  0.0625  -0.07422]]

  [[-0.03125 -0.16211 -0.11719]
   [-0.20898 -0.21094 -0.02148]
   [-0.00977  0.02539  0.04688]]

  [[ 0.13477  0.00391 -0.11719]
   [-0.05859 -0.15039 -0.06055]
   [-0.08789  0.03711  0.15234]]

  [[ 0.13867  0.04297  0.07227]
   [-0.04688 -0.1875  -0.08203]
   [-0.10938 -0.0957  -0.07227]]

  [[ 0.24805  0.19141  0.08398]
   [ 0.08398 -0.09766 -0.05664]
   [-0.0918  -0.14453 -0.09961]]

  [[ 0.19141  0.      -0.20312]
   [-0.10742 -0.10547 -0.06641]
   [-0.24219 -0.07031  0.05078]]

  [[-0.0332   0.01562 -0.09766]
   [-0.13086 -0.15234 -0.05664]
   [-0.02148  0.0918   0.19922]]]


 [[[ 0.24805  0.12305 -0.02734]
   [ 0.24805  0.16016  0.14648]
   [-0.10742  0.07227  0.04297]]

  [[-0.1582   0.03516  0.01562]
   [-0.11133  0.02344 -0.13086]
   [ 0.00781 -0.02734  0.08203]]

  [[-0.2207  -0.04883 -0.00195]
   [ 0.00391 -0.03516 -0.09375]
   [ 0.23242  0.12695  0.11328]]

  [[-0.01953  0.01367  0.01172]
   [-0.02539 -0.08203  0.19336]
   [-0.02344 -0.08203  0.10352]]

  [[-0.06836  0.11133  0.22852]
   [-0.24805 -0.13672  0.125  ]
   [-0.14648 -0.08984  0.05859]]

  [[ 0.09961  0.11914  0.18945]
   [-0.17383 -0.15625  0.10547]
   [-0.12891 -0.05664  0.20703]]

  [[-0.14844 -0.03711  0.04492]
   [-0.13477 -0.11719  0.06445]
   [-0.11133 -0.12109 -0.06055]]

  [[-0.04492 -0.13672 -0.23633]
   [-0.10156 -0.12891 -0.13867]
   [-0.04883  0.01953 -0.00586]]]


 [[[-0.12109 -0.15039 -0.05859]
   [-0.13281 -0.01367  0.02539]
   [-0.02148  0.0293  -0.01367]]

  [[-0.16602 -0.03711 -0.02344]
   [-0.05078 -0.0918  -0.05664]
   [-0.00977 -0.09961 -0.17578]]

  [[-0.20898 -0.12305  0.09961]
   [-0.0918  -0.12891 -0.02344]
   [-0.00195 -0.13281 -0.16406]]

  [[ 0.08203  0.12305 -0.02344]
   [ 0.06641  0.11719  0.01758]
   [-0.05859  0.13672  0.18945]]

  [[ 0.02344 -0.02734  0.03125]
   [ 0.06055  0.02344  0.04492]
   [ 0.04883  0.10352  0.04492]]

  [[-0.01172 -0.11719 -0.09375]
   [-0.01758  0.08203  0.04102]
   [-0.00586  0.15234  0.11328]]

  [[ 0.05664 -0.00391 -0.01367]
   [ 0.04688 -0.03906 -0.02148]
   [ 0.00391  0.06641  0.15234]]

  [[ 0.01367  0.05469 -0.07227]
   [-0.04492 -0.02539 -0.15625]
   [-0.12695 -0.04883 -0.06055]]]]...
--------------------------------------------------------------------------------
[Bias] Layer: encoder2.up.conv.0 (QuantConv2d)
  Shape: (8,)
  Bit Width: 16.0
  Signed: True
  Scale: 0.0001220703125
  Sample Bias: [0.13062 0.07178 0.63086 0.25635 1.04651 0.54431 0.40881 0.44128]...
################################################################################

