################################################################################
[Weight] Layer: encoder3.block.0.0.fn.0 (QuantConv2d)
  Shape: (8, 1, 7, 7)
  Bit Width: 8.0
  Signed: True
  Scale: 0.00390625
  Sample Weights: [[[[-0.08984 -0.14453  0.01953  0.03125 -0.06641  0.06641 -0.07031]
   [-0.0625   0.00391  0.125    0.08984  0.03125 -0.04688 -0.10938]
   [-0.10547  0.11328  0.28906  0.26172  0.22656  0.17969 -0.10156]
   [-0.08203 -0.11328  0.10938  0.31641  0.16797  0.03906  0.00391]
   [-0.23047 -0.08594  0.07422  0.11719 -0.01172 -0.05078 -0.16016]
   [-0.04297 -0.19922 -0.11719 -0.07031 -0.10547 -0.21484 -0.17969]
   [-0.13281 -0.07422  0.07812  0.05859 -0.04297 -0.19922 -0.17578]]]


 [[[-0.16016 -0.02734 -0.11328 -0.18359 -0.00391 -0.01172 -0.00781]
   [-0.10938 -0.11719 -0.10938 -0.125   -0.11328 -0.08984 -0.10156]
   [-0.05078  0.07422  0.20703  0.23828  0.14453 -0.08984 -0.0625 ]
   [-0.03125  0.04297  0.12891  0.26172  0.14453 -0.02344 -0.10156]
   [ 0.01562 -0.03125 -0.03516  0.08594 -0.01562 -0.06641 -0.01953]
   [-0.01172 -0.04297 -0.04688 -0.15625 -0.0625  -0.125   -0.05078]
   [ 0.04688 -0.00781 -0.02344 -0.00781 -0.03906 -0.20703 -0.17578]]]


 [[[-0.1875  -0.07812 -0.00781 -0.07031 -0.19531 -0.02344 -0.18359]
   [ 0.10938  0.09375 -0.17969 -0.37891 -0.03516 -0.1875  -0.06641]
   [ 0.04297  0.16016 -0.09766 -0.49609 -0.36328 -0.10156 -0.10938]
   [-0.08594 -0.13281  0.00391 -0.05859  0.08984  0.01172  0.     ]
   [-0.01172  0.125    0.25781  0.37109  0.39062  0.03125  0.10938]
   [-0.07422 -0.01562 -0.03906  0.27734  0.17188 -0.04297  0.01172]
   [ 0.12109  0.17188  0.18359  0.1875   0.12891 -0.09766 -0.04688]]]


 [[[ 0.30078  0.20703  0.03516  0.10547 -0.1875  -0.23828 -0.42188]
   [ 0.33984  0.44531  0.08203 -0.04297 -0.05078 -0.44922 -0.25391]
   [ 0.49609  0.30078  0.29297 -0.48438 -0.49609 -0.19141 -0.25   ]
   [ 0.45703  0.12891 -0.26562 -0.1875  -0.38281  0.10547  0.23438]
   [ 0.35547 -0.22656 -0.49609 -0.21094 -0.07812  0.10938  0.20312]
   [-0.31641 -0.43359 -0.28906 -0.09375 -0.06641  0.11328  0.23438]
   [-0.37109 -0.14062 -0.03516  0.22266  0.23828  0.16016  0.3125 ]]]


 [[[-0.00781  0.08984  0.30469 -0.1875  -0.11328 -0.49609 -0.16797]
   [ 0.08594 -0.00391 -0.06641 -0.14844 -0.32031 -0.21094 -0.49609]
   [ 0.17188 -0.01953  0.19141 -0.07812 -0.14062 -0.13672 -0.26172]
   [-0.05469 -0.00781 -0.23828  0.01562  0.14844 -0.22266 -0.14453]
   [ 0.01953  0.19531 -0.01172  0.23047  0.01562  0.07812  0.15234]
   [-0.17578 -0.00781  0.29688  0.09375 -0.16406 -0.12891  0.09766]
   [-0.11719 -0.27734  0.15234  0.33984  0.23047  0.18359  0.19531]]]


 [[[-0.       0.00781  0.04297  0.17578  0.32812  0.08203 -0.00391]
   [-0.12109 -0.0625   0.12891  0.01562  0.03906 -0.08203 -0.03125]
   [-0.19141 -0.02734 -0.16016  0.03125  0.02344 -0.05078 -0.10547]
   [-0.11328 -0.10156  0.03516 -0.00781 -0.03906 -0.13672  0.06641]
   [-0.15625  0.02344  0.02734  0.03125  0.05469  0.13281  0.03125]
   [ 0.05859 -0.04297  0.07812 -0.01562 -0.08594 -0.0625  -0.06641]
   [ 0.      -0.08203  0.05469 -0.11328 -0.18359 -0.20703 -0.14844]]]


 [[[ 0.13281  0.08203  0.19531 -0.12891 -0.17969 -0.00391 -0.05859]
   [ 0.07031  0.02734  0.11719 -0.11719 -0.16406 -0.07031 -0.14453]
   [ 0.14062  0.08594  0.1875   0.08984 -0.10547 -0.16797 -0.07422]
   [-0.15625 -0.07812  0.05859  0.11328  0.09766 -0.07812 -0.00391]
   [-0.08203 -0.08984 -0.19141 -0.03125  0.20312  0.16406  0.06641]
   [-0.02344 -0.13672 -0.14453 -0.14844  0.07031  0.03516  0.14844]
   [-0.08203 -0.05859 -0.14844 -0.08203  0.05078  0.07812  0.08203]]]


 [[[ 0.01562 -0.03125 -0.10156 -0.14062 -0.09375 -0.05078  0.11719]
   [-0.11719 -0.09766 -0.05859 -0.08203 -0.0625  -0.      -0.02734]
   [-0.0625  -0.04688  0.14062  0.19531  0.02734 -0.09375 -0.22656]
   [-0.25391 -0.03516  0.21094  0.17578  0.13281 -0.09766 -0.14453]
   [-0.10938  0.0625   0.19922  0.08203  0.13672  0.05859 -0.13281]
   [-0.18359  0.05078 -0.01172 -0.08203  0.13281  0.03125 -0.10547]
   [-0.18359 -0.16016 -0.12109  0.       0.06641  0.02734 -0.17188]]]]...
--------------------------------------------------------------------------------
[Bias] Layer: encoder3.block.0.0.fn.0 (QuantConv2d)
  Shape: (8,)
  Bit Width: 16.0
  Signed: True
  Scale: 0.000244140625
  Sample Bias: [0.30127 0.91113 0.48877 0.44873 0.4397  0.63721 0.30713 0.84204]...
################################################################################

