################################################################################
[Weight] Layer: encoder1.block.0.0.fn.0 (QuantConv2d)
  Shape: (8, 1, 3, 3)
  Bit Width: 8.0
  Signed: True
  Scale: 0.03125
  Sample Weights: [[[[-0.21875  0.21875  0.15625]
   [-0.15625  0.0625  -0.03125]
   [-0.1875  -0.34375 -0.09375]]]


 [[[-0.6875  -0.53125 -1.5625 ]
   [-0.1875  -0.09375  0.5    ]
   [-0.21875  0.3125   0.15625]]]


 [[[-0.71875  0.21875 -0.75   ]
   [-0.71875 -0.4375  -0.3125 ]
   [ 0.375   -0.28125 -0.59375]]]


 [[[-0.28125 -0.71875  0.3125 ]
   [-0.53125  0.75     0.625  ]
   [ 0.25     0.375    0.84375]]]


 [[[-0.5     -0.5625   0.1875 ]
   [ 0.09375 -0.125    0.3125 ]
   [ 0.5      1.1875   0.53125]]]


 [[[-0.28125 -0.9375  -0.25   ]
   [-0.5625  -0.09375 -0.09375]
   [ 0.375   -0.4375   0.125  ]]]


 [[[-2.5625  -2.625    3.71875]
   [-0.75     3.96875  2.96875]
   [-0.5625  -2.      -1.875  ]]]


 [[[ 0.0625  -0.125    0.15625]
   [ 0.03125 -0.28125 -0.1875 ]
   [-0.78125 -0.8125   0.875  ]]]]...
--------------------------------------------------------------------------------
[Bias] Layer: encoder1.block.0.0.fn.0 (QuantConv2d)
  Shape: (8,)
  Bit Width: 16.0
  Signed: True
  Scale: 0.0009765625
  Sample Bias: [ 0.38574  0.74414  0.94531 -0.66699 -0.49219  0.87988  0.50781  0.63184]...
################################################################################

