################################################################################
[Weight] Layer: encoder3.block.0.5 (QuantConv2d)
  Shape: (8, 32, 1, 1)
  Bit Width: 8.0
  Signed: True
  Scale: 0.00390625
  Sample Weights: [[[[-0.02734]]

  [[ 0.00391]]

  [[ 0.0625 ]]

  [[-0.125  ]]

  [[ 0.0625 ]]

  [[-0.32812]]

  [[ 0.08984]]

  [[-0.00781]]

  [[-0.19141]]

  [[-0.08984]]

  [[-0.20312]]

  [[-0.10938]]

  [[ 0.     ]]

  [[-0.10156]]

  [[-0.26953]]

  [[ 0.05859]]

  [[ 0.14844]]

  [[ 0.05078]]

  [[ 0.04297]]

  [[-0.01953]]

  [[ 0.26172]]

  [[ 0.08203]]

  [[-0.19141]]

  [[-0.21875]]

  [[-0.05469]]

  [[ 0.13672]]

  [[ 0.09375]]

  [[ 0.08203]]

  [[-0.07031]]

  [[ 0.08594]]

  [[ 0.16016]]

  [[-0.07031]]]


 [[[ 0.06641]]

  [[-0.10156]]

  [[-0.13672]]

  [[-0.05469]]

  [[ 0.08203]]

  [[-0.23047]]

  [[-0.06641]]

  [[-0.28125]]

  [[-0.01953]]

  [[-0.02734]]

  [[-0.30859]]

  [[-0.1875 ]]

  [[-0.11719]]

  [[ 0.18359]]

  [[-0.21094]]

  [[-0.15625]]

  [[ 0.02734]]

  [[ 0.28906]]

  [[ 0.24219]]

  [[ 0.19922]]

  [[ 0.26172]]

  [[ 0.10156]]

  [[ 0.03906]]

  [[-0.33203]]

  [[-0.15234]]

  [[-0.05469]]

  [[ 0.0625 ]]

  [[ 0.32812]]

  [[-0.23047]]

  [[-0.17188]]

  [[-0.17188]]

  [[-0.17969]]]


 [[[-0.10938]]

  [[-0.08984]]

  [[ 0.00391]]

  [[ 0.05859]]

  [[ 0.30859]]

  [[ 0.20312]]

  [[ 0.01953]]

  [[ 0.08594]]

  [[ 0.36719]]

  [[-0.14453]]

  [[ 0.07031]]

  [[-0.05078]]

  [[-0.25   ]]

  [[-0.05859]]

  [[ 0.12891]]

  [[ 0.07422]]

  [[-0.39062]]

  [[ 0.32031]]

  [[ 0.16797]]

  [[ 0.39453]]

  [[-0.13672]]

  [[-0.17969]]

  [[ 0.12891]]

  [[ 0.19531]]

  [[ 0.04688]]

  [[ 0.42969]]

  [[-0.11328]]

  [[ 0.02734]]

  [[ 0.00391]]

  [[ 0.27344]]

  [[ 0.09375]]

  [[ 0.21484]]]


 [[[-0.09375]]

  [[-0.15625]]

  [[ 0.33203]]

  [[ 0.04297]]

  [[ 0.37891]]

  [[-0.33203]]

  [[ 0.17188]]

  [[-0.39062]]

  [[-0.26953]]

  [[-0.30078]]

  [[-0.02734]]

  [[ 0.10156]]

  [[-0.1875 ]]

  [[ 0.14844]]

  [[-0.17188]]

  [[-0.14844]]

  [[ 0.09375]]

  [[ 0.11328]]

  [[-0.27734]]

  [[-0.07031]]

  [[-0.12109]]

  [[ 0.05078]]

  [[ 0.39062]]

  [[-0.09375]]

  [[ 0.05469]]

  [[-0.03516]]

  [[-0.05859]]

  [[-0.02344]]

  [[-0.12891]]

  [[-0.11719]]

  [[ 0.24219]]

  [[ 0.17578]]]


 [[[-0.02734]]

  [[-0.08594]]

  [[-0.14844]]

  [[-0.23438]]

  [[ 0.14844]]

  [[-0.10938]]

  [[ 0.08203]]

  [[-0.10938]]

  [[-0.21484]]

  [[-0.02734]]

  [[-0.45312]]

  [[-0.30859]]

  [[-0.16016]]

  [[ 0.21484]]

  [[-0.19531]]

  [[-0.05078]]

  [[-0.14062]]

  [[-0.16797]]

  [[ 0.45703]]

  [[ 0.19141]]

  [[-0.35938]]

  [[-0.01953]]

  [[ 0.23438]]

  [[-0.27344]]

  [[-0.17188]]

  [[ 0.00781]]

  [[-0.06641]]

  [[-0.06641]]

  [[-0.17578]]

  [[ 0.08203]]

  [[-0.03516]]

  [[-0.23438]]]


 [[[-0.03516]]

  [[-0.22266]]

  [[ 0.08984]]

  [[-0.13672]]

  [[ 0.04297]]

  [[-0.10156]]

  [[-0.25   ]]

  [[-0.07812]]

  [[-0.13281]]

  [[-0.17969]]

  [[-0.00781]]

  [[ 0.08984]]

  [[ 0.04688]]

  [[ 0.48438]]

  [[-0.13281]]

  [[-0.14062]]

  [[ 0.19922]]

  [[-0.01562]]

  [[ 0.18359]]

  [[ 0.21484]]

  [[-0.16406]]

  [[-0.04688]]

  [[ 0.14844]]

  [[-0.26172]]

  [[-0.24609]]

  [[-0.04688]]

  [[ 0.     ]]

  [[ 0.09375]]

  [[-0.16797]]

  [[-0.01172]]

  [[ 0.14453]]

  [[-0.21094]]]


 [[[ 0.49609]]

  [[-0.00391]]

  [[ 0.10938]]

  [[ 0.03125]]

  [[-0.13281]]

  [[-0.27734]]

  [[ 0.49219]]

  [[-0.05078]]

  [[-0.25781]]

  [[ 0.29297]]

  [[-0.20703]]

  [[-0.05469]]

  [[ 0.03125]]

  [[-0.12109]]

  [[-0.32031]]

  [[-0.33594]]

  [[-0.22656]]

  [[-0.08984]]

  [[ 0.23047]]

  [[-0.10547]]

  [[ 0.06641]]

  [[ 0.02344]]

  [[ 0.29688]]

  [[-0.13281]]

  [[ 0.27734]]

  [[ 0.20703]]

  [[-0.24219]]

  [[ 0.07422]]

  [[-0.02734]]

  [[ 0.01953]]

  [[-0.02734]]

  [[ 0.33594]]]


 [[[-0.09375]]

  [[ 0.11719]]

  [[ 0.30469]]

  [[-0.08984]]

  [[-0.00781]]

  [[-0.19141]]

  [[ 0.14453]]

  [[-0.11328]]

  [[ 0.15234]]

  [[ 0.10156]]

  [[-0.25   ]]

  [[-0.19922]]

  [[ 0.16406]]

  [[-0.02734]]

  [[-0.13672]]

  [[-0.     ]]

  [[-0.01562]]

  [[ 0.04688]]

  [[-0.24609]]

  [[-0.09766]]

  [[-0.09766]]

  [[ 0.30078]]

  [[-0.01953]]

  [[-0.11328]]

  [[-0.13281]]

  [[-0.09375]]

  [[ 0.48828]]

  [[-0.03906]]

  [[ 0.03906]]

  [[-0.10156]]

  [[-0.0625 ]]

  [[ 0.11328]]]]...
--------------------------------------------------------------------------------
[Bias] Layer: encoder3.block.0.5 (QuantConv2d)
  Shape: (8,)
  Bit Width: 16.0
  Signed: True
  Scale: 0.000244140625
  Sample Bias: [ 0.94263  0.56665 -0.54248  0.30542  0.64819  0.16724  0.58057  0.55249]...
################################################################################

