################################################################################
[Weight] Layer: encoder4.block.0.0.fn.0 (QuantConv2d)
  Shape: (16, 1, 7, 7)
  Bit Width: 8.0
  Signed: True
  Scale: 0.00390625
  Sample Weights: [[[[-0.19141 -0.10547  0.04688 -0.37891 -0.20312 -0.1875   0.03125]
   [-0.22266 -0.14062 -0.09375 -0.48828 -0.28516 -0.05469 -0.00391]
   [-0.01562  0.14844 -0.18359 -0.0625   0.13281  0.00391 -0.08203]
   [ 0.23047 -0.01172 -0.26562  0.19141  0.20312 -0.00781 -0.02734]
   [-0.01562 -0.12891 -0.02344  0.44922 -0.03516 -0.48438 -0.08594]
   [-0.19141  0.05469  0.07812 -0.09766 -0.14062 -0.26172 -0.00391]
   [ 0.02344 -0.08203  0.23828 -0.05469 -0.0625   0.02734 -0.05469]]]


 [[[ 0.24609  0.17188  0.10938  0.09766  0.11328 -0.10547 -0.12891]
   [ 0.13281  0.02344  0.11328  0.11719  0.16406  0.02734  0.05859]
   [ 0.05469  0.05469 -0.02344  0.08203  0.12109  0.08203  0.09375]
   [-0.14062 -0.125    0.00781  0.08594  0.16016  0.14453  0.12109]
   [-0.45703 -0.25391 -0.14062  0.05078  0.10938  0.11328  0.14062]
   [-0.28906 -0.32422 -0.27344 -0.11719  0.10938  0.08594  0.05078]
   [-0.06641 -0.21875 -0.10156 -0.125    0.06641  0.03906  0.08984]]]


 [[[ 0.3125  -0.05859 -0.01953 -0.14844 -0.45312 -0.49609 -0.49609]
   [ 0.23047  0.44922  0.49609  0.0625  -0.28516 -0.19531 -0.35547]
   [ 0.33203  0.49609  0.49609  0.17188  0.05469 -0.25    -0.12891]
   [ 0.125    0.17188 -0.06641 -0.08203 -0.42969 -0.42578 -0.     ]
   [ 0.04297  0.00391  0.18359  0.17969  0.02734  0.10547 -0.12109]
   [-0.17969 -0.04688 -0.17188 -0.25781 -0.26172 -0.44922  0.02344]
   [-0.20312 -0.08594 -0.29688 -0.28125 -0.26172 -0.19141 -0.1875 ]]]


 [[[ 0.10156  0.29297  0.23828  0.17969 -0.16016 -0.24609 -0.47266]
   [ 0.05469  0.37109  0.26953 -0.17578  0.03516  0.27344  0.10547]
   [ 0.32031  0.33203  0.02734 -0.26172 -0.49609 -0.05078  0.16016]
   [ 0.36328  0.47656  0.23438 -0.08594 -0.13281 -0.01953 -0.23438]
   [-0.15625  0.05469  0.34375  0.15234 -0.30469 -0.49609 -0.49609]
   [-0.4375   0.15625  0.02344 -0.26172 -0.46875 -0.16797 -0.39062]
   [-0.49609 -0.26172 -0.20703  0.12891  0.      -0.00391 -0.00391]]]


 [[[ 0.05078  0.18359  0.17969  0.01172 -0.13672  0.02344  0.05859]
   [ 0.08984  0.21094 -0.14844 -0.07031 -0.29688 -0.20703 -0.28906]
   [ 0.00391 -0.05859 -0.30469 -0.26562 -0.14453 -0.13672  0.06641]
   [ 0.24219 -0.27344 -0.20703 -0.35547 -0.49219 -0.36328 -0.12891]
   [ 0.32812 -0.03516  0.20312  0.05078  0.08594 -0.06641  0.07812]
   [ 0.11719  0.00391 -0.12891  0.02344  0.42969  0.35547  0.16406]
   [ 0.07422  0.18359  0.07031  0.07031 -0.03516 -0.10938 -0.10156]]]


 [[[-0.01562  0.01953 -0.29297 -0.11719 -0.17578 -0.17969 -0.28516]
   [ 0.23047  0.19141  0.07031 -0.14844 -0.28516 -0.13672 -0.25   ]
   [ 0.14844  0.11328  0.12109 -0.00391 -0.34766 -0.22266 -0.25   ]
   [ 0.12109  0.14453  0.24219  0.14453 -0.01953 -0.28125 -0.32812]
   [ 0.07031 -0.05078  0.07422  0.26172  0.07422  0.00391 -0.20703]
   [ 0.02734  0.05859  0.21875  0.30859  0.07812  0.0625   0.07031]
   [-0.12891  0.12109  0.15234  0.25781 -0.04688 -0.05469  0.08594]]]


 [[[-0.08594 -0.08594  0.02734 -0.0625   0.00781 -0.03906 -0.09766]
   [-0.07422  0.02734  0.02344  0.05859  0.08203  0.0625   0.04688]
   [ 0.00391 -0.05859  0.01562  0.04297  0.13281  0.16406  0.17188]
   [ 0.00781  0.08203  0.05078  0.09375  0.17578  0.13281  0.21094]
   [-0.08203  0.04297 -0.01953  0.03125  0.01953  0.05078  0.02344]
   [-0.00781  0.00781 -0.03906 -0.02344  0.0625   0.01953 -0.02734]
   [-0.02344 -0.10547 -0.04688 -0.0625   0.00781  0.05078 -0.04297]]]


 [[[-0.01562 -0.01172 -0.14453 -0.19531 -0.08594 -0.28516 -0.37109]
   [ 0.08594  0.41406  0.21484  0.05469 -0.05469  0.125    0.01562]
   [-0.10156 -0.05078 -0.03125  0.03125 -0.14062 -0.125    0.05078]
   [ 0.09766 -0.09766 -0.07422  0.01172 -0.06641  0.13672  0.14844]
   [-0.08203  0.01562  0.0625   0.      -0.01172 -0.06641 -0.22656]
   [-0.14062 -0.08594  0.12891 -0.01172 -0.01562  0.04297 -0.07031]
   [-0.17969 -0.09375  0.13281  0.29688  0.00391 -0.1875  -0.24609]]]


 [[[-0.08203 -0.14453 -0.25391 -0.09766 -0.01562 -0.12109 -0.04688]
   [-0.03906 -0.13281 -0.06641 -0.27344 -0.03906 -0.11328 -0.11328]
   [ 0.02734 -0.09766 -0.01172  0.01562 -0.09375 -0.02734 -0.12109]
   [-0.03516 -0.15234  0.07812  0.14453  0.07812 -0.14453  0.05859]
   [ 0.00781 -0.22266 -0.08984  0.19141  0.375   -0.01172 -0.01953]
   [ 0.00781  0.03125 -0.08984  0.04297  0.30469  0.01953 -0.20312]
   [ 0.06641  0.18359  0.1875   0.18359  0.29297  0.02734 -0.10547]]]


 [[[-0.12109  0.02734 -0.23047 -0.32812 -0.49609 -0.49609 -0.40625]
   [ 0.02344  0.03125  0.20703  0.19531 -0.10547 -0.00781  0.00781]
   [ 0.10938 -0.00391 -0.11328  0.13672 -0.20312 -0.07422  0.30859]
   [-0.08594  0.12109 -0.01562 -0.0625  -0.35156 -0.35938 -0.03906]
   [ 0.10156 -0.125   -0.      -0.15234 -0.25781  0.05859  0.07812]
   [-0.23438  0.21484  0.03125  0.02734  0.02344  0.20703 -0.06641]
   [ 0.16406  0.15234  0.00781  0.19531  0.37109  0.26562 -0.05078]]]]...
--------------------------------------------------------------------------------
[Bias] Layer: encoder4.block.0.0.fn.0 (QuantConv2d)
  Shape: (16,)
  Bit Width: 16.0
  Signed: True
  Scale: 0.000244140625
  Sample Bias: [ 2.16553  0.32886  0.55054  0.64404  0.36914  0.4314  -0.37646  0.68799
  0.06982  0.68945]...
################################################################################

