################################################################################
[Weight] Layer: encoder4.block.0.2 (QuantConv2d)
  Shape: (64, 16, 1, 1)
  Bit Width: 8.0
  Signed: True
  Scale: 0.00390625
  Sample Weights: [[[[ 0.36328]]

  [[-0.07031]]

  [[-0.05078]]

  [[-0.02344]]

  [[ 0.17969]]

  [[-0.14062]]

  [[ 0.125  ]]

  [[-0.13672]]

  [[-0.18359]]

  [[ 0.05469]]

  [[-0.11328]]

  [[-0.03906]]

  [[-0.12109]]

  [[ 0.09766]]

  [[ 0.11719]]

  [[ 0.10547]]]


 [[[ 0.08594]]

  [[-0.08984]]

  [[ 0.07422]]

  [[ 0.10547]]

  [[ 0.17188]]

  [[ 0.17578]]

  [[ 0.09375]]

  [[-0.08984]]

  [[ 0.00391]]

  [[ 0.10156]]

  [[-0.15234]]

  [[-0.12109]]

  [[ 0.12891]]

  [[-0.30469]]

  [[ 0.03516]]

  [[-0.11328]]]


 [[[ 0.03516]]

  [[ 0.25   ]]

  [[ 0.29688]]

  [[ 0.11719]]

  [[-0.15234]]

  [[-0.33594]]

  [[ 0.09375]]

  [[ 0.16406]]

  [[ 0.375  ]]

  [[ 0.08984]]

  [[-0.01953]]

  [[ 0.27734]]

  [[-0.03516]]

  [[-0.01172]]

  [[ 0.02734]]

  [[-0.06641]]]


 [[[ 0.08984]]

  [[-0.27344]]

  [[ 0.02344]]

  [[ 0.07422]]

  [[ 0.0625 ]]

  [[ 0.04688]]

  [[-0.04688]]

  [[ 0.23828]]

  [[ 0.00391]]

  [[ 0.39062]]

  [[ 0.1875 ]]

  [[-0.47656]]

  [[-0.33594]]

  [[-0.05859]]

  [[ 0.01172]]

  [[-0.25   ]]]


 [[[-0.06641]]

  [[ 0.08594]]

  [[ 0.24219]]

  [[ 0.08203]]

  [[ 0.04297]]

  [[-0.03125]]

  [[-0.07031]]

  [[-0.13672]]

  [[ 0.02344]]

  [[-0.05859]]

  [[-0.11719]]

  [[-0.04297]]

  [[-0.26953]]

  [[-0.08984]]

  [[-0.27734]]

  [[-0.12109]]]


 [[[-0.01562]]

  [[ 0.02734]]

  [[ 0.03906]]

  [[ 0.02344]]

  [[-0.05078]]

  [[ 0.08594]]

  [[-0.24609]]

  [[ 0.15625]]

  [[-0.01953]]

  [[-0.04688]]

  [[-0.14844]]

  [[ 0.10156]]

  [[-0.05078]]

  [[-0.26562]]

  [[ 0.16016]]

  [[-0.12891]]]


 [[[ 0.     ]]

  [[ 0.09375]]

  [[-0.06641]]

  [[ 0.11328]]

  [[ 0.125  ]]

  [[ 0.08594]]

  [[ 0.0625 ]]

  [[-0.01953]]

  [[-0.01953]]

  [[-0.00781]]

  [[-0.05469]]

  [[ 0.07812]]

  [[ 0.01953]]

  [[-0.     ]]

  [[ 0.12109]]

  [[ 0.01172]]]


 [[[ 0.05469]]

  [[ 0.02734]]

  [[-0.07422]]

  [[ 0.01953]]

  [[ 0.14453]]

  [[ 0.11719]]

  [[ 0.06641]]

  [[ 0.08203]]

  [[-0.01172]]

  [[-0.19531]]

  [[ 0.03516]]

  [[ 0.10938]]

  [[ 0.02344]]

  [[-0.00781]]

  [[ 0.17578]]

  [[ 0.09766]]]


 [[[ 0.04688]]

  [[-0.20703]]

  [[-0.16406]]

  [[ 0.16406]]

  [[-0.33203]]

  [[-0.08203]]

  [[-0.23438]]

  [[-0.01172]]

  [[-0.24609]]

  [[-0.05859]]

  [[ 0.31641]]

  [[ 0.03516]]

  [[ 0.07031]]

  [[ 0.05078]]

  [[-0.10547]]

  [[-0.07031]]]


 [[[ 0.25781]]

  [[ 0.0625 ]]

  [[-0.12891]]

  [[ 0.19531]]

  [[-0.23047]]

  [[-0.17578]]

  [[ 0.05859]]

  [[-0.28516]]

  [[ 0.38672]]

  [[ 0.08203]]

  [[-0.08984]]

  [[ 0.08594]]

  [[ 0.30859]]

  [[-0.14062]]

  [[-0.09766]]

  [[-0.22266]]]]...
--------------------------------------------------------------------------------
[Bias] Layer: encoder4.block.0.2 (QuantConv2d)
  Shape: (64,)
  Bit Width: 16.0
  Signed: True
  Scale: 0.000244140625
  Sample Bias: [-0.29688 -0.2915  -1.56909  0.64014  0.86328  0.10254 -1.21802 -1.28979
  0.91553 -0.54175]...
################################################################################

