################################################################################
[Weight] Layer: encoder1.block.0.1.fn.0 (QuantConv2d)
  Shape: (8, 1, 3, 3)
  Bit Width: 8.0
  Signed: True
  Scale: 0.03125
  Sample Weights: [[[[ 1.0625   0.125   -2.5625 ]
   [ 0.03125 -2.59375 -0.25   ]
   [ 2.375    3.4375  -1.5    ]]]


 [[[-0.03125 -0.21875 -0.21875]
   [ 0.71875 -0.15625  0.5    ]
   [ 1.40625  0.8125   0.40625]]]


 [[[-0.34375  0.875   -0.     ]
   [-0.03125  0.09375 -0.53125]
   [-0.625   -0.3125  -1.40625]]]


 [[[-0.09375 -0.0625  -0.21875]
   [-0.0625  -0.03125 -0.     ]
   [-0.09375  0.0625  -0.125  ]]]


 [[[-0.34375 -0.28125 -0.     ]
   [-0.21875 -0.09375 -0.09375]
   [-0.1875   0.34375  0.25   ]]]


 [[[ 0.84375  1.5625  -0.125  ]
   [-2.125    0.1875   2.03125]
   [-3.28125 -3.96875  3.8125 ]]]


 [[[ 0.21875 -0.4375  -0.25   ]
   [ 0.4375   0.84375 -0.6875 ]
   [ 0.46875 -0.4375  -0.25   ]]]


 [[[-0.15625 -1.       0.78125]
   [-0.4375   1.75     0.03125]
   [ 0.6875   0.53125 -0.09375]]]]...
--------------------------------------------------------------------------------
[Bias] Layer: encoder1.block.0.1.fn.0 (QuantConv2d)
  Shape: (8,)
  Bit Width: 16.0
  Signed: True
  Scale: 0.001953125
  Sample Bias: [-0.26758 -2.38477  1.58398  0.38672  0.73047  1.61523  0.4707  -1.46484]...
################################################################################

