################################################################################
[Weight] Layer: encoder5.block.0.5 (QuantConv2d)
  Shape: (16, 64, 1, 1)
  Bit Width: 8.0
  Signed: True
  Scale: 0.00390625
  Sample Weights: [[[[-0.0625 ]]

  [[ 0.08594]]

  [[ 0.05078]]

  [[ 0.09766]]

  [[ 0.01562]]

  [[-0.01562]]

  [[-0.05078]]

  [[ 0.10156]]

  [[-0.05078]]

  [[ 0.08984]]

  [[ 0.02734]]

  [[-0.07422]]

  [[ 0.11719]]

  [[ 0.05469]]

  [[ 0.16016]]

  [[-0.16797]]

  [[-0.09766]]

  [[-0.03906]]

  [[ 0.03906]]

  [[ 0.09766]]

  [[-0.02734]]

  [[-0.01172]]

  [[ 0.03516]]

  [[ 0.14062]]

  [[-0.08984]]

  [[-0.125  ]]

  [[-0.00391]]

  [[-0.04297]]

  [[ 0.08984]]

  [[-0.00781]]

  [[ 0.01953]]

  [[-0.06641]]

  [[ 0.10156]]

  [[-0.08594]]

  [[ 0.07031]]

  [[-0.09375]]

  [[ 0.10938]]

  [[ 0.05078]]

  [[-0.13672]]

  [[ 0.01953]]

  [[ 0.16406]]

  [[-0.03906]]

  [[ 0.01562]]

  [[ 0.17969]]

  [[-0.125  ]]

  [[-0.01562]]

  [[ 0.     ]]

  [[-0.0625 ]]

  [[-0.06641]]

  [[-0.125  ]]

  [[-0.02344]]

  [[ 0.03516]]

  [[ 0.     ]]

  [[ 0.13672]]

  [[-0.00391]]

  [[ 0.03906]]

  [[-0.00391]]

  [[-0.02344]]

  [[ 0.00781]]

  [[ 0.01562]]

  [[ 0.04688]]

  [[ 0.07422]]

  [[ 0.0625 ]]

  [[-0.07812]]]


 [[[-0.01172]]

  [[ 0.09375]]

  [[ 0.00781]]

  [[ 0.01172]]

  [[ 0.01172]]

  [[-0.0625 ]]

  [[ 0.02734]]

  [[ 0.03516]]

  [[-0.14453]]

  [[ 0.07422]]

  [[ 0.11719]]

  [[-0.19531]]

  [[ 0.05078]]

  [[ 0.01562]]

  [[ 0.10547]]

  [[-0.14453]]

  [[-0.05469]]

  [[-0.02734]]

  [[ 0.01172]]

  [[ 0.02734]]

  [[-0.05859]]

  [[ 0.00391]]

  [[ 0.07422]]

  [[ 0.10156]]

  [[-0.17969]]

  [[-0.17969]]

  [[-0.0625 ]]

  [[-0.15625]]

  [[ 0.14844]]

  [[-0.12891]]

  [[ 0.10156]]

  [[-0.05469]]

  [[-0.03906]]

  [[-0.07031]]

  [[ 0.04688]]

  [[-0.14062]]

  [[ 0.17578]]

  [[ 0.03516]]

  [[-0.10938]]

  [[-0.08984]]

  [[ 0.125  ]]

  [[ 0.04297]]

  [[ 0.02344]]

  [[ 0.04688]]

  [[-0.02734]]

  [[-0.08203]]

  [[ 0.01172]]

  [[ 0.00781]]

  [[ 0.03906]]

  [[-0.03906]]

  [[ 0.01953]]

  [[ 0.02734]]

  [[ 0.00391]]

  [[ 0.11328]]

  [[-0.01562]]

  [[-0.125  ]]

  [[-0.05469]]

  [[-0.14844]]

  [[-0.07422]]

  [[-0.03906]]

  [[ 0.06641]]

  [[ 0.04297]]

  [[ 0.04297]]

  [[-0.05469]]]


 [[[-0.24219]]

  [[-0.00781]]

  [[-0.04297]]

  [[-0.00781]]

  [[-0.01562]]

  [[ 0.03516]]

  [[-0.01562]]

  [[-0.04297]]

  [[ 0.14453]]

  [[-0.16797]]

  [[-0.26562]]

  [[-0.15625]]

  [[-0.21484]]

  [[-0.08203]]

  [[ 0.03516]]

  [[-0.09766]]

  [[ 0.36719]]

  [[-0.00391]]

  [[-0.25   ]]

  [[ 0.05859]]

  [[ 0.20703]]

  [[-0.02344]]

  [[ 0.30078]]

  [[ 0.00391]]

  [[-0.08594]]

  [[-0.     ]]

  [[-0.13281]]

  [[-0.     ]]

  [[ 0.01172]]

  [[-0.32422]]

  [[ 0.     ]]

  [[ 0.22266]]

  [[-0.01953]]

  [[-0.13672]]

  [[-0.28516]]

  [[ 0.07422]]

  [[-0.03906]]

  [[ 0.01562]]

  [[ 0.00781]]

  [[ 0.01953]]

  [[-0.04688]]

  [[-0.02734]]

  [[-0.12891]]

  [[-0.1875 ]]

  [[-0.03906]]

  [[ 0.08203]]

  [[-0.24219]]

  [[ 0.09375]]

  [[ 0.22656]]

  [[ 0.02344]]

  [[-0.37891]]

  [[ 0.14062]]

  [[-0.05859]]

  [[ 0.21875]]

  [[-0.07812]]

  [[-0.01562]]

  [[-0.11719]]

  [[ 0.10938]]

  [[-0.21484]]

  [[ 0.12891]]

  [[ 0.05859]]

  [[ 0.01953]]

  [[ 0.08984]]

  [[-0.21875]]]


 [[[ 0.00781]]

  [[ 0.19141]]

  [[ 0.05859]]

  [[ 0.01562]]

  [[-0.02344]]

  [[-0.04297]]

  [[-0.01172]]

  [[ 0.     ]]

  [[-0.06641]]

  [[ 0.02734]]

  [[-0.07812]]

  [[-0.04688]]

  [[ 0.14844]]

  [[ 0.14062]]

  [[-0.13281]]

  [[-0.08984]]

  [[-0.04688]]

  [[ 0.0625 ]]

  [[-0.01953]]

  [[-0.02344]]

  [[ 0.04688]]

  [[ 0.00391]]

  [[-0.00391]]

  [[ 0.07422]]

  [[-0.06641]]

  [[-0.10938]]

  [[-0.03125]]

  [[ 0.02734]]

  [[ 0.12109]]

  [[-0.01953]]

  [[ 0.02344]]

  [[ 0.00391]]

  [[ 0.09766]]

  [[-0.11328]]

  [[ 0.02734]]

  [[-0.01953]]

  [[ 0.14062]]

  [[ 0.14062]]

  [[-0.04297]]

  [[ 0.01172]]

  [[ 0.14062]]

  [[-0.07422]]

  [[ 0.01172]]

  [[ 0.14062]]

  [[-0.02734]]

  [[-0.04688]]

  [[ 0.01562]]

  [[ 0.02344]]

  [[-0.14844]]

  [[-0.01953]]

  [[-0.07031]]

  [[-0.08984]]

  [[ 0.03516]]

  [[-0.08984]]

  [[ 0.05078]]

  [[-0.04688]]

  [[-0.01953]]

  [[-0.08594]]

  [[-0.01562]]

  [[ 0.03906]]

  [[-0.04297]]

  [[ 0.05469]]

  [[ 0.04297]]

  [[ 0.     ]]]


 [[[-0.12109]]

  [[ 0.10938]]

  [[-0.03125]]

  [[ 0.06641]]

  [[-0.02734]]

  [[ 0.0625 ]]

  [[-0.10156]]

  [[-0.07422]]

  [[ 0.     ]]

  [[ 0.16797]]

  [[ 0.09375]]

  [[ 0.05078]]

  [[ 0.02344]]

  [[-0.06641]]

  [[ 0.03125]]

  [[ 0.08594]]

  [[-0.07812]]

  [[ 0.12109]]

  [[ 0.03906]]

  [[ 0.08594]]

  [[-0.19922]]

  [[-0.00391]]

  [[-0.125  ]]

  [[ 0.04688]]

  [[-0.07812]]

  [[ 0.01172]]

  [[-0.05859]]

  [[-0.05078]]

  [[-0.13281]]

  [[ 0.04688]]

  [[ 0.17969]]

  [[ 0.06641]]

  [[ 0.16016]]

  [[ 0.07812]]

  [[ 0.08594]]

  [[-0.14453]]

  [[-0.06641]]

  [[-0.08203]]

  [[ 0.12891]]

  [[ 0.125  ]]

  [[ 0.01953]]

  [[-0.12109]]

  [[ 0.02344]]

  [[ 0.08984]]

  [[ 0.08594]]

  [[ 0.06641]]

  [[ 0.04297]]

  [[-0.18359]]

  [[-0.19531]]

  [[-0.13672]]

  [[-0.00781]]

  [[ 0.03906]]

  [[-0.03125]]

  [[-0.18359]]

  [[ 0.05078]]

  [[ 0.12109]]

  [[-0.03906]]

  [[-0.20312]]

  [[-0.07031]]

  [[ 0.     ]]

  [[ 0.05859]]

  [[ 0.0625 ]]

  [[-0.11328]]

  [[-0.03516]]]


 [[[ 0.01172]]

  [[ 0.11328]]

  [[-0.07812]]

  [[-0.09766]]

  [[-0.28516]]

  [[-0.20703]]

  [[ 0.10156]]

  [[-0.21875]]

  [[-0.09766]]

  [[-0.07031]]

  [[-0.17578]]

  [[ 0.13672]]

  [[-0.00391]]

  [[ 0.14844]]

  [[-0.14844]]

  [[ 0.03125]]

  [[-0.19531]]

  [[-0.20703]]

  [[-0.02344]]

  [[-0.12891]]

  [[ 0.10156]]

  [[-0.08594]]

  [[-0.35547]]

  [[ 0.13281]]

  [[-0.13672]]

  [[ 0.05859]]

  [[-0.00391]]

  [[-0.     ]]

  [[ 0.15625]]

  [[-0.14062]]

  [[-0.26953]]

  [[-0.1875 ]]

  [[ 0.03125]]

  [[-0.29688]]

  [[-0.11719]]

  [[-0.19531]]

  [[ 0.07812]]

  [[ 0.07422]]

  [[ 0.02734]]

  [[-0.14453]]

  [[ 0.0625 ]]

  [[-0.14844]]

  [[-0.0625 ]]

  [[ 0.03516]]

  [[-0.05859]]

  [[-0.08203]]

  [[-0.1875 ]]

  [[ 0.05859]]

  [[-0.01172]]

  [[ 0.02344]]

  [[-0.33984]]

  [[ 0.32422]]

  [[-0.27344]]

  [[-0.125  ]]

  [[-0.04688]]

  [[ 0.0625 ]]

  [[ 0.01953]]

  [[-0.08594]]

  [[-0.17188]]

  [[-0.40625]]

  [[-0.03906]]

  [[ 0.11719]]

  [[ 0.22266]]

  [[-0.21094]]]


 [[[-0.14453]]

  [[ 0.11719]]

  [[-0.0625 ]]

  [[-0.125  ]]

  [[ 0.10547]]

  [[ 0.00781]]

  [[-0.00391]]

  [[ 0.14844]]

  [[ 0.05078]]

  [[ 0.25   ]]

  [[ 0.17969]]

  [[ 0.03516]]

  [[ 0.28125]]

  [[ 0.06641]]

  [[ 0.02734]]

  [[-0.14844]]

  [[-0.21094]]

  [[ 0.17578]]

  [[ 0.22266]]

  [[-0.08594]]

  [[ 0.04688]]

  [[ 0.09375]]

  [[-0.01172]]

  [[ 0.06641]]

  [[-0.20703]]

  [[-0.26172]]

  [[-0.05469]]

  [[-0.07812]]

  [[-0.01953]]

  [[ 0.01172]]

  [[-0.06641]]

  [[-0.04297]]

  [[ 0.03906]]

  [[ 0.17969]]

  [[ 0.01562]]

  [[-0.01953]]

  [[ 0.19531]]

  [[ 0.06641]]

  [[-0.23438]]

  [[-0.01562]]

  [[ 0.27344]]

  [[-0.04297]]

  [[ 0.06641]]

  [[ 0.11328]]

  [[ 0.04688]]

  [[-0.00781]]

  [[ 0.05859]]

  [[-0.01953]]

  [[-0.03125]]

  [[-0.09375]]

  [[-0.03125]]

  [[ 0.07031]]

  [[-0.01953]]

  [[ 0.01562]]

  [[ 0.1875 ]]

  [[-0.08594]]

  [[ 0.12891]]

  [[ 0.01562]]

  [[ 0.     ]]

  [[ 0.07422]]

  [[ 0.04297]]

  [[ 0.09766]]

  [[-0.03516]]

  [[ 0.13281]]]


 [[[-0.03906]]

  [[-0.03125]]

  [[-0.03906]]

  [[-0.14062]]

  [[ 0.05078]]

  [[ 0.05859]]

  [[-0.03516]]

  [[-0.02344]]

  [[ 0.03906]]

  [[-0.01172]]

  [[ 0.02734]]

  [[-0.07422]]

  [[-0.05859]]

  [[-0.05859]]

  [[-0.12891]]

  [[-0.14844]]

  [[ 0.01562]]

  [[-0.12109]]

  [[-0.0625 ]]

  [[ 0.05078]]

  [[ 0.05078]]

  [[ 0.125  ]]

  [[ 0.08984]]

  [[ 0.04688]]

  [[ 0.04297]]

  [[-0.125  ]]

  [[-0.05859]]

  [[-0.10938]]

  [[ 0.10938]]

  [[-0.13672]]

  [[-0.13672]]

  [[-0.08203]]

  [[ 0.09766]]

  [[-0.17188]]

  [[ 0.03125]]

  [[ 0.05859]]

  [[ 0.12109]]

  [[ 0.10938]]

  [[-0.16797]]

  [[ 0.01172]]

  [[ 0.09375]]

  [[-0.10156]]

  [[-0.10547]]

  [[-0.05469]]

  [[-0.17188]]

  [[-0.18359]]

  [[-0.04688]]

  [[-0.03516]]

  [[ 0.14844]]

  [[-0.04297]]

  [[-0.08594]]

  [[-0.03906]]

  [[ 0.04297]]

  [[ 0.20312]]

  [[-0.03125]]

  [[ 0.00391]]

  [[-0.125  ]]

  [[-0.07031]]

  [[-0.05078]]

  [[ 0.03906]]

  [[-0.02344]]

  [[-0.09375]]

  [[-0.01172]]

  [[ 0.00391]]]


 [[[-0.06641]]

  [[ 0.01562]]

  [[-0.01953]]

  [[ 0.0625 ]]

  [[-0.03906]]

  [[ 0.11719]]

  [[ 0.01562]]

  [[ 0.06641]]

  [[ 0.05078]]

  [[ 0.08984]]

  [[ 0.05469]]

  [[-0.03516]]

  [[ 0.0625 ]]

  [[-0.00781]]

  [[ 0.08594]]

  [[-0.14062]]

  [[ 0.03516]]

  [[ 0.01562]]

  [[ 0.02734]]

  [[ 0.15625]]

  [[-0.10938]]

  [[ 0.05859]]

  [[ 0.03516]]

  [[ 0.08984]]

  [[ 0.11328]]

  [[-0.07422]]

  [[ 0.10938]]

  [[-0.     ]]

  [[-0.05078]]

  [[ 0.11719]]

  [[-0.09766]]

  [[ 0.01562]]

  [[ 0.00781]]

  [[-0.01172]]

  [[ 0.08594]]

  [[ 0.00391]]

  [[ 0.01953]]

  [[-0.08203]]

  [[-0.07422]]

  [[ 0.11328]]

  [[-0.01172]]

  [[ 0.08984]]

  [[-0.01172]]

  [[ 0.03906]]

  [[ 0.02344]]

  [[-0.05469]]

  [[ 0.10156]]

  [[-0.00391]]

  [[ 0.07422]]

  [[-0.0625 ]]

  [[ 0.11328]]

  [[ 0.08203]]

  [[ 0.06641]]

  [[ 0.08594]]

  [[ 0.05859]]

  [[-0.04688]]

  [[ 0.125  ]]

  [[ 0.12109]]

  [[ 0.10938]]

  [[ 0.03516]]

  [[ 0.01562]]

  [[ 0.13281]]

  [[-0.05859]]

  [[-0.01953]]]


 [[[-0.01953]]

  [[-0.16797]]

  [[-0.04297]]

  [[-0.08203]]

  [[-0.13672]]

  [[ 0.10156]]

  [[-0.08984]]

  [[-0.16406]]

  [[-0.03125]]

  [[-0.04688]]

  [[-0.12109]]

  [[-0.01172]]

  [[-0.16797]]

  [[-0.19922]]

  [[-0.00781]]

  [[-0.09766]]

  [[-0.02344]]

  [[-0.19531]]

  [[-0.03125]]

  [[ 0.02734]]

  [[-0.20312]]

  [[-0.06641]]

  [[-0.04688]]

  [[-0.16016]]

  [[ 0.02344]]

  [[-0.06641]]

  [[ 0.07031]]

  [[ 0.04297]]

  [[-0.04297]]

  [[ 0.18359]]

  [[-0.02344]]

  [[-0.25391]]

  [[ 0.01172]]

  [[-0.11719]]

  [[-0.03906]]

  [[ 0.07812]]

  [[-0.03906]]

  [[-0.13281]]

  [[-0.02734]]

  [[ 0.07812]]

  [[-0.07812]]

  [[ 0.08984]]

  [[-0.01172]]

  [[-0.04297]]

  [[ 0.01953]]

  [[-0.14062]]

  [[ 0.04688]]

  [[-0.03516]]

  [[-0.20312]]

  [[-0.12891]]

  [[ 0.09766]]

  [[ 0.02344]]

  [[ 0.13672]]

  [[ 0.04297]]

  [[-0.07031]]

  [[ 0.00781]]

  [[ 0.07031]]

  [[ 0.15625]]

  [[ 0.12109]]

  [[-0.07422]]

  [[-0.03125]]

  [[ 0.16797]]

  [[-0.14062]]

  [[ 0.03906]]]]...
--------------------------------------------------------------------------------
[Bias] Layer: encoder5.block.0.5 (QuantConv2d)
  Shape: (16,)
  Bit Width: 16.0
  Signed: True
  Scale: 0.000244140625
  Sample Bias: [-0.36816 -0.20947  0.57861 -0.1228  -0.19702  1.09644 -0.51855  0.37695
 -0.63013  0.05542]...
################################################################################

