################################################################################
[Weight] Layer: encoder5.block.1.1.fn.0 (QuantConv2d)
  Shape: (16, 1, 9, 9)
  Bit Width: 8.0
  Signed: True
  Scale: 0.00390625
  Sample Weights: [[[[ 0.42969  0.38672  0.18359  0.22656  0.03516 -0.11719 -0.25
    -0.17188 -0.21484]
   [ 0.30469  0.18359  0.00391 -0.09375 -0.00781 -0.11719 -0.11328
    -0.16797 -0.17188]
   [ 0.26953  0.06641 -0.00781 -0.0625  -0.13672 -0.16016 -0.09375
     0.00781  0.01172]
   [ 0.26172  0.05078 -0.04297 -0.15625 -0.16797 -0.10938 -0.04297
    -0.05078  0.05859]
   [ 0.03125 -0.07422 -0.05078 -0.25    -0.25    -0.19531 -0.10156
    -0.04297  0.04688]
   [ 0.06641 -0.      -0.01562 -0.19141 -0.35547 -0.21094  0.01172
    -0.0625   0.09375]
   [ 0.10156  0.03906 -0.00781 -0.14844 -0.14453 -0.03906  0.10547
     0.08594  0.11719]
   [ 0.25     0.14844  0.06641 -0.10156 -0.15234 -0.07031  0.07812
     0.02344  0.17969]
   [ 0.13281  0.16016  0.14453  0.12891  0.13281  0.21484  0.19922
     0.34375  0.39844]]]


 [[[ 0.01562 -0.01172 -0.03906 -0.07031 -0.07031 -0.07812 -0.06641
    -0.08594 -0.08594]
   [ 0.04297  0.      -0.04297 -0.07812 -0.08594 -0.03906 -0.01953
    -0.02344 -0.04688]
   [ 0.09375  0.0625  -0.01562 -0.07031 -0.0625  -0.02734 -0.01172
    -0.0625  -0.03516]
   [ 0.13281  0.04688  0.01562 -0.01562 -0.03125 -0.03516 -0.03906
    -0.05469 -0.     ]
   [ 0.13281  0.09375  0.03906  0.00391 -0.03516 -0.01562 -0.01953
    -0.02734 -0.01562]
   [ 0.12891  0.10938  0.05859  0.00781 -0.02344 -0.02344 -0.03906
    -0.01562  0.01172]
   [ 0.12109  0.08594  0.04688  0.01172 -0.01172 -0.00781  0.00781
     0.00781  0.01562]
   [ 0.10547  0.08203  0.06641  0.03125  0.05469  0.03906  0.02344
     0.01172  0.01953]
   [ 0.09766  0.12109  0.12109  0.11719  0.09766  0.14062  0.12891
     0.10156  0.10938]]]


 [[[-0.13672 -0.16406 -0.20703 -0.07422  0.05469  0.09766 -0.02734
    -0.08594 -0.10547]
   [-0.23438 -0.17969 -0.13281 -0.09375  0.05078  0.02734 -0.08203
    -0.03516 -0.01562]
   [-0.21484 -0.21484 -0.16406 -0.03906 -0.05078 -0.10156 -0.01562
    -0.01953  0.03906]
   [-0.19531 -0.13672 -0.10156  0.03906  0.0625  -0.06641  0.02344
     0.07812  0.11328]
   [-0.0625  -0.04297 -0.01953  0.03906 -0.05469 -0.11328  0.0625
     0.07031  0.05469]
   [ 0.05859  0.00781  0.02734  0.05078 -0.05469 -0.00391  0.06641
     0.03906  0.03906]
   [ 0.0625   0.01562  0.11719  0.08594  0.10547  0.05859  0.07812
     0.10547  0.08594]
   [-0.07812 -0.01172  0.08984  0.14844 -0.01953 -0.08984  0.00391
     0.07812  0.09375]
   [-0.13281  0.00781  0.01172  0.01172 -0.02344 -0.00781  0.06641
     0.14062  0.14844]]]


 [[[-0.02734  0.00391  0.03906  0.10547  0.16016  0.19531  0.14844
     0.06641  0.05078]
   [ 0.02344  0.01172  0.03125  0.08594  0.09766  0.10156  0.05078
    -0.01562  0.     ]
   [ 0.05469  0.04688  0.01953  0.04688  0.04297  0.02734 -0.01562
    -0.05078  0.00391]
   [ 0.09766  0.02344 -0.02344 -0.00391  0.01172  0.       0.02344
     0.01172  0.05859]
   [ 0.08203 -0.01562 -0.09375 -0.06641 -0.04688  0.       0.00781
     0.04297  0.06641]
   [ 0.03906 -0.02734 -0.10156 -0.08594 -0.05078 -0.00781 -0.01562
    -0.04297  0.     ]
   [-0.      -0.05078 -0.10156 -0.10156 -0.0625  -0.01172 -0.04297
    -0.07031 -0.03125]
   [-0.01172 -0.05859 -0.08203 -0.10547 -0.05469 -0.01953 -0.03906
    -0.05469 -0.04688]
   [-0.01172 -0.03516 -0.05859 -0.07031 -0.06641 -0.07031 -0.10156
    -0.10156 -0.03516]]]


 [[[ 0.17578  0.16016  0.21875  0.17188  0.13281  0.11719  0.125
     0.21875  0.30469]
   [ 0.12891  0.08984  0.125   -0.01953 -0.      -0.00781  0.03125
     0.12891  0.26172]
   [ 0.14062  0.02344 -0.03125 -0.05469 -0.08984 -0.01562 -0.03906
     0.05859  0.21484]
   [ 0.19922  0.02734 -0.02344 -0.08594 -0.07812 -0.04688 -0.01172
     0.07422  0.125  ]
   [ 0.20312  0.11719 -0.      -0.06641 -0.13281 -0.12891 -0.10938
    -0.02344  0.07812]
   [ 0.14453  0.14453  0.08594 -0.01562 -0.0625  -0.11328 -0.08594
    -0.05078  0.01562]
   [ 0.12109  0.09766  0.02734 -0.01562 -0.10938 -0.10156 -0.07031
     0.01562  0.01172]
   [ 0.13281  0.02734 -0.00391 -0.05078 -0.10547 -0.08203 -0.01172
    -0.03516 -0.07031]
   [ 0.05469  0.03516  0.01172 -0.03125 -0.15625 -0.0625  -0.02734
    -0.06641 -0.17969]]]


 [[[-0.02344 -0.06641 -0.01172  0.01172 -0.01562 -0.07812 -0.07812
    -0.07031 -0.05859]
   [-0.04297 -0.04688  0.00781  0.08984  0.08984  0.00781 -0.07422
    -0.07422 -0.05078]
   [-0.05859 -0.07422 -0.03516  0.05469  0.05469 -0.01562 -0.14062
    -0.08203 -0.05078]
   [ 0.01953  0.01953  0.00781 -0.02734 -0.00391 -0.08594 -0.16406
    -0.15234 -0.09375]
   [ 0.03516  0.00391 -0.00781 -0.03906 -0.05469 -0.11328 -0.125
    -0.04688 -0.03906]
   [-0.00391 -0.01562 -0.01953  0.07031  0.07812  0.05469  0.
    -0.00781 -0.00391]
   [ 0.02344  0.00391  0.03516  0.02734  0.03125  0.0625   0.02734
    -0.00391  0.00391]
   [ 0.03906  0.04688  0.07812  0.02734 -0.03125  0.01172  0.02734
     0.01953  0.02344]
   [ 0.      -0.       0.01562  0.00391 -0.01953  0.00781  0.01562
     0.03516  0.03125]]]


 [[[-0.05859 -0.03516  0.       0.00781  0.04688  0.      -0.05078
    -0.07031 -0.08594]
   [-0.01562  0.01953  0.02344  0.01953  0.03125  0.01953 -0.05078
    -0.01562 -0.03906]
   [-0.00781  0.00391  0.02344  0.04297  0.01953  0.03906  0.00781
     0.01953 -0.00391]
   [ 0.0625   0.08594  0.10156  0.05469  0.05078  0.05078  0.00391
     0.02734 -0.     ]
   [ 0.05859  0.05859  0.08594  0.06641  0.02344  0.05859  0.06641
     0.03906  0.04297]
   [ 0.07422  0.06641  0.03516  0.01953  0.02344  0.07422  0.05078
     0.03125  0.0625 ]
   [ 0.04297 -0.00781  0.01562  0.03125  0.05469  0.05859  0.03906
     0.03125 -0.00391]
   [ 0.       0.01953 -0.02344  0.01953  0.07031  0.0625   0.01562
     0.00391 -0.02734]
   [ 0.00391  0.01172 -0.00391  0.03125  0.07422  0.03516  0.03516
    -0.00391 -0.02344]]]


 [[[ 0.02344 -0.00781  0.01172  0.00781 -0.07812 -0.07812 -0.08594
    -0.14062 -0.05078]
   [ 0.00781 -0.02344  0.04688  0.04297 -0.04297 -0.07422 -0.06641
    -0.09375 -0.04297]
   [ 0.03516 -0.00781  0.03906  0.05469 -0.01172 -0.07812 -0.05469
    -0.11719 -0.12109]
   [ 0.10156  0.03125  0.03906  0.08203  0.02734 -0.03906 -0.07031
    -0.08984 -0.125  ]
   [ 0.08594  0.00391  0.05469  0.07422  0.06641 -0.01953 -0.0625
    -0.0625  -0.10938]
   [ 0.05078  0.       0.01562  0.05859  0.06641  0.04297  0.00781
    -0.04688 -0.11328]
   [ 0.05859  0.01172  0.04297  0.10938  0.08984  0.07031  0.05078
     0.      -0.10156]
   [-0.      -0.04688  0.02734  0.04297  0.02344  0.02344 -0.00391
    -0.06641 -0.12109]
   [-0.01953 -0.04297  0.00391  0.01172 -0.01172 -0.00391  0.00391
    -0.03125 -0.08984]]]


 [[[-0.01562 -0.03516 -0.03125 -0.02734 -0.03906 -0.03906 -0.00391
     0.05859  0.10547]
   [-0.03906 -0.04688 -0.04688 -0.04688 -0.05078 -0.04297 -0.01953
     0.02344  0.0625 ]
   [-0.01172 -0.02344 -0.02734 -0.03906 -0.05078 -0.05078 -0.04688
    -0.02734  0.     ]
   [-0.01172 -0.03906 -0.04688 -0.03125 -0.03516 -0.05469 -0.07812
    -0.0625  -0.03125]
   [-0.01172 -0.03125 -0.03516 -0.02734 -0.02344 -0.05078 -0.08203
    -0.05078 -0.01953]
   [ 0.01562 -0.02344 -0.04688 -0.06641 -0.06641 -0.06641 -0.06641
    -0.00781  0.03906]
   [ 0.02734 -0.      -0.03125 -0.05859 -0.07422 -0.07031 -0.03906
     0.02734  0.07422]
   [ 0.01172 -0.      -0.02344 -0.03906 -0.04688 -0.0625  -0.01562
     0.05859  0.09375]
   [-0.01562 -0.03516 -0.03125 -0.01953 -0.01953 -0.03125  0.00781
     0.0625   0.08984]]]


 [[[-0.       0.02734  0.08984  0.11328  0.13281  0.07422  0.04297
    -0.01953 -0.10547]
   [-0.03906 -0.00391  0.01172  0.01562  0.02344 -0.      -0.01953
    -0.07422 -0.12891]
   [-0.00391 -0.03906 -0.02734  0.00391  0.01562 -0.02344 -0.02344
    -0.04297 -0.06641]
   [ 0.01953  0.02734 -0.00391 -0.03516 -0.00391 -0.05469 -0.02344
    -0.00391 -0.01953]
   [ 0.02344  0.04297 -0.01172 -0.01953 -0.00781 -0.03125 -0.00391
    -0.00391  0.00391]
   [ 0.07422  0.01562 -0.00391 -0.03125 -0.03125 -0.02734  0.01562
     0.05469  0.04297]
   [ 0.07422  0.06641  0.02344  0.00391 -0.01953 -0.01172  0.01562
     0.07812  0.08594]
   [ 0.11328  0.13281  0.12109  0.10938  0.07031  0.06641  0.07812
     0.10156  0.07422]
   [ 0.11719  0.14062  0.11719  0.07422  0.06641  0.05859  0.04297
    -0.01562  0.03516]]]]...
--------------------------------------------------------------------------------
[Bias] Layer: encoder5.block.1.1.fn.0 (QuantConv2d)
  Shape: (16,)
  Bit Width: 16.0
  Signed: True
  Scale: 0.000244140625
  Sample Bias: [ 0.20752  0.28247  0.23413  0.41284  0.08057  0.17432 -0.97998 -0.11279
  0.13599 -0.33179]...
################################################################################

