################################################################################
[Weight] Layer: encoder5.block.1.2 (QuantConv2d)
  Shape: (64, 16, 1, 1)
  Bit Width: 8.0
  Signed: True
  Scale: 0.00390625
  Sample Weights: [[[[ 0.07812]]

  [[ 0.07031]]

  [[-0.07031]]

  [[ 0.16016]]

  [[ 0.20703]]

  [[-0.0625 ]]

  [[-0.12109]]

  [[-0.14844]]

  [[ 0.10547]]

  [[-0.04297]]

  [[-0.03906]]

  [[-0.21484]]

  [[-0.125  ]]

  [[-0.22656]]

  [[ 0.04688]]

  [[-0.08594]]]


 [[[-0.10156]]

  [[-0.14453]]

  [[-0.01562]]

  [[-0.08203]]

  [[-0.03906]]

  [[ 0.     ]]

  [[ 0.03125]]

  [[-0.05469]]

  [[-0.03125]]

  [[-0.01953]]

  [[ 0.28125]]

  [[ 0.20312]]

  [[-0.03125]]

  [[-0.01172]]

  [[ 0.07031]]

  [[-0.03516]]]


 [[[-0.13281]]

  [[ 0.07031]]

  [[-0.02344]]

  [[-0.01172]]

  [[-0.22656]]

  [[-0.01172]]

  [[-0.00391]]

  [[ 0.00391]]

  [[-0.03125]]

  [[-0.12109]]

  [[-0.08594]]

  [[-0.23828]]

  [[ 0.08203]]

  [[-0.03125]]

  [[-0.05078]]

  [[ 0.125  ]]]


 [[[ 0.09766]]

  [[-0.03906]]

  [[ 0.07031]]

  [[ 0.02344]]

  [[ 0.07031]]

  [[-0.12891]]

  [[-0.02344]]

  [[-0.02344]]

  [[-0.03125]]

  [[ 0.04688]]

  [[ 0.02734]]

  [[ 0.00781]]

  [[-0.13672]]

  [[ 0.14062]]

  [[-0.03125]]

  [[-0.01953]]]


 [[[-0.07812]]

  [[-0.12891]]

  [[-0.08594]]

  [[-0.00781]]

  [[-0.05078]]

  [[ 0.0625 ]]

  [[ 0.01562]]

  [[-0.03906]]

  [[-0.05859]]

  [[-0.00781]]

  [[-0.05859]]

  [[-0.11328]]

  [[-0.00781]]

  [[-0.11719]]

  [[ 0.01953]]

  [[-0.07812]]]


 [[[-0.     ]]

  [[ 0.02734]]

  [[-0.01953]]

  [[-0.01953]]

  [[-0.02344]]

  [[ 0.00781]]

  [[-0.02734]]

  [[-0.00391]]

  [[-0.01562]]

  [[-0.00781]]

  [[-0.     ]]

  [[ 0.03516]]

  [[-0.03906]]

  [[-0.00781]]

  [[-0.01562]]

  [[-0.00391]]]


 [[[ 0.00781]]

  [[-0.09766]]

  [[ 0.07031]]

  [[ 0.04297]]

  [[ 0.19141]]

  [[-0.1875 ]]

  [[-0.05078]]

  [[ 0.01953]]

  [[-0.02344]]

  [[ 0.05469]]

  [[ 0.11328]]

  [[ 0.09766]]

  [[-0.18359]]

  [[ 0.07031]]

  [[-0.08203]]

  [[ 0.04688]]]


 [[[ 0.01562]]

  [[-0.07422]]

  [[-0.30078]]

  [[-0.07031]]

  [[-0.17578]]

  [[ 0.14453]]

  [[ 0.05469]]

  [[-0.12891]]

  [[ 0.03516]]

  [[-0.10938]]

  [[-0.21875]]

  [[-0.28906]]

  [[ 0.02344]]

  [[-0.02344]]

  [[-0.23828]]

  [[ 0.17969]]]


 [[[ 0.24219]]

  [[-0.06641]]

  [[-0.07422]]

  [[ 0.10547]]

  [[-0.01562]]

  [[-0.07422]]

  [[-0.10156]]

  [[-0.06641]]

  [[-0.01172]]

  [[-0.15625]]

  [[ 0.28516]]

  [[-0.17578]]

  [[-0.15234]]

  [[-0.09766]]

  [[-0.11328]]

  [[-0.20312]]]


 [[[-0.0625 ]]

  [[-0.14844]]

  [[-0.04297]]

  [[-0.10938]]

  [[ 0.00781]]

  [[-0.27344]]

  [[ 0.10156]]

  [[ 0.03906]]

  [[-0.13672]]

  [[ 0.05078]]

  [[-0.14062]]

  [[-0.17578]]

  [[ 0.125  ]]

  [[ 0.26562]]

  [[-0.27344]]

  [[-0.06641]]]]...
--------------------------------------------------------------------------------
[Bias] Layer: encoder5.block.1.2 (QuantConv2d)
  Shape: (64,)
  Bit Width: 16.0
  Signed: True
  Scale: 0.00048828125
  Sample Bias: [ 0.68408 -0.09277  0.29834  0.01562  0.18848 -0.04395  0.24023  0.63232
  0.23926  0.52637]...
################################################################################

