################################################################################
[Weight] Layer: encoder5.block.1.5 (QuantConv2d)
  Shape: (16, 64, 1, 1)
  Bit Width: 8.0
  Signed: True
  Scale: 0.0078125
  Sample Weights: [[[[-0.09375]]

  [[ 0.07031]]

  [[ 0.25   ]]

  [[ 0.05469]]

  [[ 0.08594]]

  [[-0.01562]]

  [[ 0.28906]]

  [[ 0.11719]]

  [[-0.13281]]

  [[-0.15625]]

  [[ 0.14844]]

  [[-0.01562]]

  [[-0.08594]]

  [[ 0.17188]]

  [[ 0.     ]]

  [[ 0.30469]]

  [[ 0.14844]]

  [[ 0.17969]]

  [[-0.02344]]

  [[ 0.02344]]

  [[ 0.13281]]

  [[ 0.09375]]

  [[-0.10156]]

  [[-0.28906]]

  [[-0.1875 ]]

  [[ 0.5625 ]]

  [[ 0.19531]]

  [[-0.13281]]

  [[ 0.28125]]

  [[ 0.     ]]

  [[ 0.3125 ]]

  [[ 0.32812]]

  [[-0.01562]]

  [[ 0.16406]]

  [[-0.07812]]

  [[-0.00781]]

  [[ 0.07031]]

  [[ 0.08594]]

  [[-0.26562]]

  [[-0.01562]]

  [[-0.     ]]

  [[ 0.33594]]

  [[ 0.29688]]

  [[-0.03125]]

  [[ 0.16406]]

  [[ 0.07031]]

  [[ 0.14062]]

  [[ 0.02344]]

  [[ 0.10156]]

  [[ 0.07812]]

  [[ 0.14844]]

  [[ 0.20312]]

  [[ 0.07031]]

  [[ 0.07031]]

  [[ 0.17969]]

  [[-0.01562]]

  [[ 0.16406]]

  [[ 0.25781]]

  [[ 0.00781]]

  [[-0.14062]]

  [[-0.03906]]

  [[ 0.125  ]]

  [[ 0.00781]]

  [[-0.11719]]]


 [[[ 0.     ]]

  [[ 0.22656]]

  [[ 0.05469]]

  [[ 0.22656]]

  [[ 0.0625 ]]

  [[-0.00781]]

  [[ 0.17188]]

  [[ 0.49219]]

  [[ 0.30469]]

  [[-0.46094]]

  [[ 0.11719]]

  [[ 0.1875 ]]

  [[-0.19531]]

  [[-0.01562]]

  [[ 0.     ]]

  [[ 0.41406]]

  [[ 0.3125 ]]

  [[ 0.21875]]

  [[-0.11719]]

  [[-0.     ]]

  [[ 0.35938]]

  [[-0.03125]]

  [[ 0.10938]]

  [[-0.53125]]

  [[ 0.01562]]

  [[ 0.07812]]

  [[ 0.42969]]

  [[-0.15625]]

  [[ 0.5    ]]

  [[ 0.     ]]

  [[-0.11719]]

  [[ 0.07031]]

  [[ 0.21875]]

  [[ 0.30469]]

  [[-0.36719]]

  [[ 0.07812]]

  [[ 0.125  ]]

  [[ 0.02344]]

  [[-0.54688]]

  [[ 0.39062]]

  [[-0.     ]]

  [[ 0.16406]]

  [[-0.14062]]

  [[ 0.17969]]

  [[-0.0625 ]]

  [[ 0.07812]]

  [[-0.25781]]

  [[ 0.19531]]

  [[ 0.0625 ]]

  [[-0.03906]]

  [[ 0.26562]]

  [[-0.24219]]

  [[ 0.28906]]

  [[ 0.10156]]

  [[ 0.45312]]

  [[-0.28906]]

  [[-0.15625]]

  [[ 0.23438]]

  [[-0.32031]]

  [[-0.01562]]

  [[-0.05469]]

  [[ 0.20312]]

  [[ 0.17969]]

  [[ 0.05469]]]


 [[[-0.23438]]

  [[-0.15625]]

  [[-0.03906]]

  [[ 0.07031]]

  [[ 0.01562]]

  [[ 0.     ]]

  [[-0.10938]]

  [[ 0.17188]]

  [[-0.10938]]

  [[ 0.21875]]

  [[ 0.125  ]]

  [[-0.07031]]

  [[-0.32812]]

  [[ 0.00781]]

  [[-0.     ]]

  [[ 0.11719]]

  [[ 0.     ]]

  [[ 0.10938]]

  [[ 0.03125]]

  [[-0.11719]]

  [[ 0.03125]]

  [[ 0.10156]]

  [[-0.01562]]

  [[-0.01562]]

  [[-0.03906]]

  [[-0.03906]]

  [[ 0.03125]]

  [[ 0.03906]]

  [[ 0.13281]]

  [[ 0.     ]]

  [[ 0.08594]]

  [[ 0.03125]]

  [[-0.04688]]

  [[ 0.14844]]

  [[ 0.01562]]

  [[-0.07812]]

  [[-0.00781]]

  [[-0.21875]]

  [[ 0.10938]]

  [[-0.17969]]

  [[ 0.     ]]

  [[ 0.00781]]

  [[-0.00781]]

  [[-0.04688]]

  [[ 0.14844]]

  [[-0.     ]]

  [[ 0.14062]]

  [[ 0.01562]]

  [[ 0.02344]]

  [[-0.02344]]

  [[-0.125  ]]

  [[-0.21875]]

  [[ 0.04688]]

  [[ 0.01562]]

  [[-0.     ]]

  [[-0.0625 ]]

  [[ 0.17188]]

  [[ 0.07031]]

  [[-0.07812]]

  [[-0.08594]]

  [[-0.02344]]

  [[-0.16406]]

  [[-0.00781]]

  [[-0.02344]]]


 [[[ 0.0625 ]]

  [[-0.27344]]

  [[ 0.09375]]

  [[ 0.09375]]

  [[ 0.02344]]

  [[ 0.     ]]

  [[ 0.14844]]

  [[-0.00781]]

  [[ 0.     ]]

  [[-0.625  ]]

  [[-0.14062]]

  [[-0.21875]]

  [[ 0.65625]]

  [[-0.0625 ]]

  [[-0.     ]]

  [[ 0.28906]]

  [[ 0.38281]]

  [[ 0.07031]]

  [[ 0.04688]]

  [[-0.42188]]

  [[-0.17188]]

  [[-0.125  ]]

  [[-0.15625]]

  [[-0.26562]]

  [[-0.03125]]

  [[ 0.29688]]

  [[-0.17969]]

  [[-0.28125]]

  [[ 0.125  ]]

  [[ 0.     ]]

  [[-0.25   ]]

  [[ 0.08594]]

  [[-0.07031]]

  [[ 0.03125]]

  [[-0.3125 ]]

  [[-0.21094]]

  [[-0.14844]]

  [[ 0.01562]]

  [[-0.67188]]

  [[ 0.09375]]

  [[ 0.     ]]

  [[ 0.13281]]

  [[-0.27344]]

  [[ 0.14062]]

  [[ 0.21094]]

  [[-0.01562]]

  [[ 0.03125]]

  [[ 0.03906]]

  [[ 0.02344]]

  [[-0.0625 ]]

  [[-0.39844]]

  [[ 0.11719]]

  [[ 0.02344]]

  [[-0.13281]]

  [[-0.36719]]

  [[ 0.22656]]

  [[ 0.0625 ]]

  [[ 0.01562]]

  [[ 0.38281]]

  [[ 0.0625 ]]

  [[-0.07031]]

  [[ 0.01562]]

  [[-0.21094]]

  [[-0.09375]]]


 [[[-0.     ]]

  [[ 0.03125]]

  [[ 0.40625]]

  [[-0.03125]]

  [[-0.01562]]

  [[ 0.01562]]

  [[ 0.07812]]

  [[ 0.32031]]

  [[ 0.125  ]]

  [[-0.36719]]

  [[-0.05469]]

  [[-0.10938]]

  [[ 0.16406]]

  [[ 0.02344]]

  [[ 0.     ]]

  [[ 0.21094]]

  [[ 0.3125 ]]

  [[-0.03906]]

  [[-0.10156]]

  [[-0.17188]]

  [[-0.11719]]

  [[-0.30469]]

  [[-0.11719]]

  [[-0.05469]]

  [[-0.01562]]

  [[-0.19531]]

  [[ 0.04688]]

  [[-0.125  ]]

  [[ 0.10938]]

  [[-0.     ]]

  [[ 0.32812]]

  [[ 0.10156]]

  [[ 0.04688]]

  [[-0.15625]]

  [[-0.34375]]

  [[-0.07812]]

  [[-0.21875]]

  [[ 0.28125]]

  [[ 0.01562]]

  [[ 0.14844]]

  [[-0.     ]]

  [[ 0.01562]]

  [[ 0.16406]]

  [[-0.08594]]

  [[ 0.11719]]

  [[ 0.00781]]

  [[ 0.14844]]

  [[ 0.03906]]

  [[ 0.03906]]

  [[-0.03125]]

  [[ 0.39062]]

  [[ 0.01562]]

  [[ 0.00781]]

  [[ 0.09375]]

  [[ 0.1875 ]]

  [[-0.00781]]

  [[-0.11719]]

  [[ 0.17969]]

  [[ 0.14062]]

  [[-0.03125]]

  [[-0.07031]]

  [[ 0.02344]]

  [[-0.03906]]

  [[-0.11719]]]


 [[[-0.21875]]

  [[-0.42969]]

  [[ 0.16406]]

  [[-0.     ]]

  [[-0.17188]]

  [[ 0.01562]]

  [[-0.07031]]

  [[ 0.19531]]

  [[-0.08594]]

  [[ 0.26562]]

  [[-0.01562]]

  [[-0.01562]]

  [[-0.10156]]

  [[-0.13281]]

  [[ 0.     ]]

  [[ 0.09375]]

  [[ 0.10156]]

  [[-0.03906]]

  [[ 0.22656]]

  [[-0.22656]]

  [[-0.09375]]

  [[ 0.09375]]

  [[ 0.17969]]

  [[ 0.26562]]

  [[-0.04688]]

  [[ 0.32031]]

  [[-0.11719]]

  [[ 0.10156]]

  [[-0.03125]]

  [[-0.     ]]

  [[ 0.27344]]

  [[ 0.25   ]]

  [[-0.10156]]

  [[ 0.26562]]

  [[ 0.14062]]

  [[-0.21094]]

  [[-0.32031]]

  [[-0.07031]]

  [[ 0.125  ]]

  [[-0.29688]]

  [[ 0.00781]]

  [[ 0.24219]]

  [[ 0.21094]]

  [[-0.11719]]

  [[ 0.21094]]

  [[-0.03125]]

  [[ 0.45312]]

  [[-0.     ]]

  [[-0.00781]]

  [[-0.07031]]

  [[-0.14844]]

  [[ 0.04688]]

  [[-0.04688]]

  [[ 0.07031]]

  [[ 0.23438]]

  [[ 0.1875 ]]

  [[ 0.28125]]

  [[ 0.11719]]

  [[ 0.13281]]

  [[-0.03125]]

  [[-0.01562]]

  [[-0.26562]]

  [[-0.125  ]]

  [[-0.125  ]]]


 [[[-0.     ]]

  [[ 0.     ]]

  [[ 0.     ]]

  [[ 0.     ]]

  [[-0.     ]]

  [[-0.     ]]

  [[-0.     ]]

  [[-0.     ]]

  [[-0.     ]]

  [[ 0.     ]]

  [[-0.     ]]

  [[-0.     ]]

  [[ 0.     ]]

  [[ 0.     ]]

  [[ 0.     ]]

  [[-0.     ]]

  [[ 0.     ]]

  [[ 0.     ]]

  [[ 0.     ]]

  [[ 0.     ]]

  [[-0.     ]]

  [[ 0.     ]]

  [[-0.     ]]

  [[-0.     ]]

  [[-0.     ]]

  [[-0.     ]]

  [[-0.     ]]

  [[ 0.     ]]

  [[-0.     ]]

  [[-0.     ]]

  [[ 0.     ]]

  [[ 0.     ]]

  [[ 0.     ]]

  [[-0.     ]]

  [[ 0.     ]]

  [[-0.     ]]

  [[-0.     ]]

  [[-0.     ]]

  [[ 0.     ]]

  [[-0.     ]]

  [[-0.     ]]

  [[ 0.     ]]

  [[ 0.     ]]

  [[-0.     ]]

  [[ 0.     ]]

  [[-0.     ]]

  [[-0.     ]]

  [[-0.     ]]

  [[-0.     ]]

  [[-0.     ]]

  [[-0.     ]]

  [[ 0.     ]]

  [[ 0.     ]]

  [[-0.     ]]

  [[-0.     ]]

  [[-0.     ]]

  [[-0.     ]]

  [[-0.     ]]

  [[ 0.     ]]

  [[ 0.     ]]

  [[ 0.     ]]

  [[-0.     ]]

  [[ 0.     ]]

  [[ 0.     ]]]


 [[[-0.03906]]

  [[ 0.03906]]

  [[-0.01562]]

  [[ 0.05469]]

  [[-0.01562]]

  [[-0.02344]]

  [[ 0.125  ]]

  [[-0.07031]]

  [[ 0.01562]]

  [[-0.0625 ]]

  [[ 0.21094]]

  [[ 0.13281]]

  [[ 0.03906]]

  [[ 0.07031]]

  [[ 0.     ]]

  [[-0.11719]]

  [[-0.09375]]

  [[ 0.13281]]

  [[-0.11719]]

  [[ 0.03125]]

  [[ 0.07031]]

  [[-0.     ]]

  [[ 0.     ]]

  [[-0.10156]]

  [[-0.     ]]

  [[-0.08594]]

  [[-0.07812]]

  [[ 0.03906]]

  [[ 0.10156]]

  [[-0.     ]]

  [[ 0.05469]]

  [[-0.00781]]

  [[-0.     ]]

  [[-0.14062]]

  [[-0.     ]]

  [[ 0.125  ]]

  [[ 0.09375]]

  [[ 0.02344]]

  [[-0.03125]]

  [[-0.10938]]

  [[-0.     ]]

  [[ 0.07031]]

  [[-0.10938]]

  [[ 0.05469]]

  [[-0.09375]]

  [[ 0.05469]]

  [[-0.13281]]

  [[-0.125  ]]

  [[ 0.14062]]

  [[ 0.10156]]

  [[-0.00781]]

  [[-0.05469]]

  [[ 0.125  ]]

  [[ 0.07812]]

  [[-0.01562]]

  [[-0.11719]]

  [[ 0.01562]]

  [[-0.09375]]

  [[ 0.02344]]

  [[ 0.14844]]

  [[-0.05469]]

  [[-0.08594]]

  [[-0.08594]]

  [[ 0.01562]]]


 [[[-0.125  ]]

  [[ 0.0625 ]]

  [[-0.     ]]

  [[-0.01562]]

  [[-0.00781]]

  [[ 0.     ]]

  [[-0.05469]]

  [[-0.24219]]

  [[-0.10156]]

  [[ 0.14062]]

  [[-0.25   ]]

  [[-0.07031]]

  [[-0.03125]]

  [[ 0.03125]]

  [[-0.     ]]

  [[-0.24219]]

  [[ 0.15625]]

  [[ 0.10156]]

  [[-0.04688]]

  [[-0.00781]]

  [[-0.02344]]

  [[-0.32031]]

  [[ 0.01562]]

  [[-0.00781]]

  [[-0.00781]]

  [[ 0.17969]]

  [[-0.14062]]

  [[-0.25781]]

  [[ 0.21875]]

  [[ 0.     ]]

  [[ 0.20312]]

  [[ 0.17969]]

  [[ 0.14844]]

  [[-0.14062]]

  [[-0.07031]]

  [[ 0.03125]]

  [[-0.125  ]]

  [[ 0.05469]]

  [[-0.20312]]

  [[-0.03125]]

  [[-0.     ]]

  [[-0.0625 ]]

  [[-0.10156]]

  [[-0.02344]]

  [[-0.13281]]

  [[-0.02344]]

  [[ 0.14062]]

  [[-0.01562]]

  [[-0.0625 ]]

  [[-0.00781]]

  [[ 0.09375]]

  [[ 0.13281]]

  [[ 0.09375]]

  [[-0.05469]]

  [[-0.11719]]

  [[-0.01562]]

  [[-0.11719]]

  [[-0.13281]]

  [[ 0.08594]]

  [[ 0.04688]]

  [[-0.08594]]

  [[-0.125  ]]

  [[-0.05469]]

  [[-0.03906]]]


 [[[-0.0625 ]]

  [[-0.14062]]

  [[ 0.08594]]

  [[-0.03125]]

  [[-0.00781]]

  [[ 0.     ]]

  [[-0.08594]]

  [[ 0.0625 ]]

  [[-0.     ]]

  [[ 0.     ]]

  [[-0.02344]]

  [[-0.04688]]

  [[ 0.13281]]

  [[-0.04688]]

  [[ 0.     ]]

  [[ 0.08594]]

  [[ 0.14062]]

  [[-0.     ]]

  [[ 0.09375]]

  [[-0.1875 ]]

  [[-0.00781]]

  [[ 0.00781]]

  [[ 0.00781]]

  [[ 0.03125]]

  [[-0.02344]]

  [[ 0.04688]]

  [[-0.09375]]

  [[-0.03125]]

  [[ 0.03125]]

  [[-0.     ]]

  [[-0.07031]]

  [[ 0.00781]]

  [[-0.03906]]

  [[ 0.10156]]

  [[-0.01562]]

  [[-0.08594]]

  [[-0.11719]]

  [[-0.00781]]

  [[-0.10938]]

  [[ 0.01562]]

  [[ 0.     ]]

  [[ 0.03906]]

  [[ 0.01562]]

  [[ 0.07812]]

  [[ 0.05469]]

  [[-0.     ]]

  [[-0.0625 ]]

  [[-0.04688]]

  [[-0.     ]]

  [[-0.02344]]

  [[ 0.03125]]

  [[-0.0625 ]]

  [[-0.04688]]

  [[ 0.04688]]

  [[ 0.11719]]

  [[ 0.02344]]

  [[ 0.15625]]

  [[ 0.03125]]

  [[ 0.00781]]

  [[-0.07031]]

  [[ 0.00781]]

  [[-0.07031]]

  [[-0.07031]]

  [[ 0.00781]]]]...
--------------------------------------------------------------------------------
[Bias] Layer: encoder5.block.1.5 (QuantConv2d)
  Shape: (16,)
  Bit Width: 16.0
  Signed: True
  Scale: 0.00048828125
  Sample Bias: [-1.19336 -0.75293 -0.16699  0.39746 -0.69238  0.12744 -0.      -0.0459
  0.13135 -0.18115]...
################################################################################

