################################################################################
[Weight] Layer: encoder1.block.0.2 (QuantConv2d)
  Shape: (32, 8, 1, 1)
  Bit Width: 8.0
  Signed: True
  Scale: 0.0078125
  Sample Weights: [[[[-0.17188]]

  [[-0.04688]]

  [[-0.05469]]

  [[ 0.03906]]

  [[-0.26562]]

  [[ 0.125  ]]

  [[-0.14062]]

  [[-0.14844]]]


 [[[ 0.21094]]

  [[-0.11719]]

  [[-0.07031]]

  [[ 0.11719]]

  [[ 0.0625 ]]

  [[-0.14844]]

  [[ 0.08594]]

  [[ 0.44531]]]


 [[[-0.1875 ]]

  [[ 0.32031]]

  [[ 0.24219]]

  [[-0.60938]]

  [[-0.92969]]

  [[-0.08594]]

  [[ 0.00781]]

  [[ 0.35156]]]


 [[[-0.09375]]

  [[ 0.07812]]

  [[-0.03906]]

  [[-0.75   ]]

  [[-0.4375 ]]

  [[ 0.26562]]

  [[ 0.03125]]

  [[ 0.39844]]]


 [[[ 0.05469]]

  [[-0.0625 ]]

  [[-0.125  ]]

  [[-0.40625]]

  [[-0.09375]]

  [[-0.04688]]

  [[-0.22656]]

  [[-0.23438]]]


 [[[ 0.89062]]

  [[ 0.17188]]

  [[-0.25781]]

  [[-0.57812]]

  [[ 0.00781]]

  [[-0.40625]]

  [[ 0.52344]]

  [[-0.72656]]]


 [[[-0.32031]]

  [[-0.14062]]

  [[-0.09375]]

  [[-0.10156]]

  [[-0.14062]]

  [[-0.10938]]

  [[ 0.17188]]

  [[-0.10938]]]


 [[[-0.10156]]

  [[ 0.09375]]

  [[ 0.03125]]

  [[ 0.22656]]

  [[-0.44531]]

  [[-0.09375]]

  [[-0.15625]]

  [[-0.19531]]]


 [[[-0.10938]]

  [[ 0.10156]]

  [[-0.03125]]

  [[ 0.14062]]

  [[-0.13281]]

  [[-0.08594]]

  [[ 0.08594]]

  [[-0.16406]]]


 [[[ 0.14844]]

  [[ 0.01562]]

  [[ 0.07812]]

  [[ 0.28906]]

  [[ 0.15625]]

  [[ 0.35156]]

  [[ 0.39844]]

  [[-0.09375]]]]...
--------------------------------------------------------------------------------
[Bias] Layer: encoder1.block.0.2 (QuantConv2d)
  Shape: (32,)
  Bit Width: 16.0
  Signed: True
  Scale: 0.00048828125
  Sample Bias: [ 0.67773 -0.78174  1.25537  0.86182  0.88428  0.44092  0.8916   0.98828
  0.42773 -1.34863]...
################################################################################

