################################################################################
[Weight] Layer: Up_conv5.conv.3 (QuantConv2d)
  Shape: (64, 16, 1, 1)
  Bit Width: 8.0
  Signed: True
  Scale: 0.0078125
  Sample Weights: [[[[-0.49219]]

  [[-0.25   ]]

  [[-0.19531]]

  [[-0.64062]]

  [[ 0.60156]]

  [[ 0.11719]]

  [[ 0.1875 ]]

  [[ 0.08594]]

  [[-0.21875]]

  [[ 0.00781]]

  [[-0.04688]]

  [[ 0.15625]]

  [[-0.19531]]

  [[-0.67188]]

  [[-0.13281]]

  [[ 0.54688]]]


 [[[-0.13281]]

  [[-0.04688]]

  [[-0.03125]]

  [[ 0.07031]]

  [[-0.3125 ]]

  [[-0.59375]]

  [[ 0.05469]]

  [[-0.0625 ]]

  [[-0.23438]]

  [[ 0.55469]]

  [[-0.01562]]

  [[ 0.34375]]

  [[-0.45312]]

  [[ 0.03906]]

  [[ 0.36719]]

  [[-0.03906]]]


 [[[ 0.     ]]

  [[-0.     ]]

  [[-0.01562]]

  [[-0.04688]]

  [[-0.07031]]

  [[ 0.02344]]

  [[-0.09375]]

  [[-0.03906]]

  [[-0.     ]]

  [[-0.01562]]

  [[ 0.00781]]

  [[-0.01562]]

  [[ 0.03125]]

  [[-0.04688]]

  [[ 0.05469]]

  [[-0.02344]]]


 [[[-0.01562]]

  [[ 0.     ]]

  [[-0.00781]]

  [[ 0.     ]]

  [[-0.01562]]

  [[-0.03125]]

  [[-0.01562]]

  [[-0.02344]]

  [[ 0.     ]]

  [[-0.03125]]

  [[-0.02344]]

  [[-0.03125]]

  [[-0.03125]]

  [[ 0.01562]]

  [[ 0.     ]]

  [[-0.01562]]]


 [[[ 0.08594]]

  [[-0.02344]]

  [[-0.00781]]

  [[-0.0625 ]]

  [[ 0.01562]]

  [[-0.13281]]

  [[ 0.08594]]

  [[-0.00781]]

  [[-0.13281]]

  [[ 0.15625]]

  [[ 0.00781]]

  [[ 0.04688]]

  [[-0.15625]]

  [[ 0.00781]]

  [[ 0.11719]]

  [[ 0.05469]]]


 [[[-0.     ]]

  [[-0.     ]]

  [[-0.     ]]

  [[-0.     ]]

  [[-0.     ]]

  [[-0.     ]]

  [[ 0.     ]]

  [[-0.     ]]

  [[ 0.     ]]

  [[-0.     ]]

  [[-0.     ]]

  [[-0.     ]]

  [[ 0.     ]]

  [[-0.     ]]

  [[-0.     ]]

  [[ 0.     ]]]


 [[[ 0.00781]]

  [[ 0.     ]]

  [[-0.     ]]

  [[-0.03906]]

  [[-0.15625]]

  [[ 0.32031]]

  [[ 0.05469]]

  [[ 0.01562]]

  [[ 0.11719]]

  [[-0.125  ]]

  [[ 0.02344]]

  [[ 0.11719]]

  [[ 0.21094]]

  [[ 0.07812]]

  [[-0.07031]]

  [[ 0.07031]]]


 [[[-0.03906]]

  [[ 0.     ]]

  [[-0.     ]]

  [[-0.03125]]

  [[ 0.02344]]

  [[-0.125  ]]

  [[ 0.03906]]

  [[-0.03906]]

  [[-0.10156]]

  [[ 0.04688]]

  [[-0.01562]]

  [[ 0.0625 ]]

  [[-0.14844]]

  [[-0.     ]]

  [[ 0.00781]]

  [[ 0.03906]]]


 [[[-0.     ]]

  [[ 0.     ]]

  [[-0.     ]]

  [[-0.     ]]

  [[-0.     ]]

  [[ 0.     ]]

  [[-0.     ]]

  [[ 0.     ]]

  [[-0.     ]]

  [[-0.     ]]

  [[-0.     ]]

  [[-0.     ]]

  [[-0.     ]]

  [[-0.     ]]

  [[ 0.     ]]

  [[-0.     ]]]


 [[[-0.04688]]

  [[-0.     ]]

  [[-0.     ]]

  [[-0.     ]]

  [[-0.     ]]

  [[ 0.02344]]

  [[-0.00781]]

  [[-0.03906]]

  [[-0.03125]]

  [[-0.03906]]

  [[-0.00781]]

  [[-0.00781]]

  [[-0.00781]]

  [[-0.03906]]

  [[-0.03125]]

  [[-0.00781]]]]...
--------------------------------------------------------------------------------
[Bias] Layer: Up_conv5.conv.3 (QuantConv2d)
  Shape: (64,)
  Bit Width: 16.0
  Signed: True
  Scale: 0.0009765625
  Sample Bias: [ 0.56152 -0.05273  0.0625   0.04395 -0.07324  0.      -0.30957  0.01172
 -0.       0.0498 ]...
################################################################################

