################################################################################
[Weight] Layer: Up_conv5.conv.6 (QuantConv2d)
  Shape: (16, 64, 1, 1)
  Bit Width: 8.0
  Signed: True
  Scale: 0.00390625
  Sample Weights: [[[[ 0.     ]]

  [[-0.     ]]

  [[-0.     ]]

  [[-0.     ]]

  [[-0.     ]]

  [[ 0.     ]]

  [[-0.     ]]

  [[-0.     ]]

  [[ 0.     ]]

  [[-0.     ]]

  [[-0.     ]]

  [[-0.     ]]

  [[ 0.     ]]

  [[-0.     ]]

  [[-0.     ]]

  [[-0.     ]]

  [[-0.     ]]

  [[-0.     ]]

  [[-0.     ]]

  [[-0.     ]]

  [[-0.     ]]

  [[ 0.     ]]

  [[ 0.     ]]

  [[ 0.     ]]

  [[-0.     ]]

  [[ 0.     ]]

  [[-0.     ]]

  [[ 0.     ]]

  [[-0.     ]]

  [[-0.     ]]

  [[-0.     ]]

  [[-0.     ]]

  [[ 0.     ]]

  [[-0.     ]]

  [[-0.     ]]

  [[-0.     ]]

  [[-0.     ]]

  [[-0.     ]]

  [[-0.     ]]

  [[-0.     ]]

  [[ 0.     ]]

  [[-0.     ]]

  [[-0.     ]]

  [[-0.     ]]

  [[-0.     ]]

  [[-0.     ]]

  [[-0.     ]]

  [[ 0.     ]]

  [[-0.     ]]

  [[-0.     ]]

  [[ 0.     ]]

  [[-0.     ]]

  [[ 0.     ]]

  [[-0.     ]]

  [[-0.     ]]

  [[-0.     ]]

  [[-0.     ]]

  [[-0.     ]]

  [[-0.     ]]

  [[-0.     ]]

  [[-0.     ]]

  [[ 0.     ]]

  [[ 0.     ]]

  [[-0.     ]]]


 [[[-0.13672]]

  [[ 0.0625 ]]

  [[ 0.01172]]

  [[-0.00391]]

  [[ 0.0625 ]]

  [[-0.     ]]

  [[-0.00391]]

  [[-0.01172]]

  [[ 0.     ]]

  [[-0.00391]]

  [[-0.     ]]

  [[ 0.05078]]

  [[ 0.     ]]

  [[ 0.05078]]

  [[ 0.     ]]

  [[ 0.11328]]

  [[-0.03125]]

  [[-0.04688]]

  [[ 0.     ]]

  [[-0.     ]]

  [[-0.10938]]

  [[ 0.     ]]

  [[-0.     ]]

  [[-0.     ]]

  [[-0.     ]]

  [[-0.     ]]

  [[-0.09766]]

  [[ 0.     ]]

  [[-0.00391]]

  [[ 0.     ]]

  [[ 0.     ]]

  [[-0.03906]]

  [[-0.04688]]

  [[-0.01562]]

  [[-0.21094]]

  [[-0.00391]]

  [[-0.     ]]

  [[-0.05469]]

  [[ 0.02734]]

  [[-0.     ]]

  [[-0.01172]]

  [[ 0.09375]]

  [[-0.03516]]

  [[ 0.03906]]

  [[-0.08203]]

  [[-0.     ]]

  [[-0.02734]]

  [[ 0.     ]]

  [[-0.06641]]

  [[-0.29297]]

  [[-0.04688]]

  [[-0.00391]]

  [[-0.05859]]

  [[ 0.     ]]

  [[-0.22266]]

  [[-0.02344]]

  [[ 0.05078]]

  [[ 0.03906]]

  [[-0.03516]]

  [[-0.05469]]

  [[ 0.00391]]

  [[-0.     ]]

  [[ 0.     ]]

  [[-0.03906]]]


 [[[ 0.     ]]

  [[-0.     ]]

  [[-0.     ]]

  [[ 0.     ]]

  [[-0.     ]]

  [[ 0.     ]]

  [[ 0.     ]]

  [[ 0.     ]]

  [[ 0.     ]]

  [[ 0.     ]]

  [[-0.     ]]

  [[-0.     ]]

  [[ 0.     ]]

  [[-0.     ]]

  [[ 0.     ]]

  [[-0.     ]]

  [[ 0.     ]]

  [[-0.     ]]

  [[-0.     ]]

  [[ 0.     ]]

  [[ 0.     ]]

  [[ 0.     ]]

  [[ 0.     ]]

  [[ 0.     ]]

  [[-0.     ]]

  [[-0.     ]]

  [[ 0.     ]]

  [[-0.     ]]

  [[-0.     ]]

  [[ 0.     ]]

  [[-0.     ]]

  [[ 0.     ]]

  [[-0.     ]]

  [[-0.     ]]

  [[-0.     ]]

  [[ 0.     ]]

  [[ 0.     ]]

  [[-0.     ]]

  [[ 0.     ]]

  [[-0.     ]]

  [[-0.     ]]

  [[ 0.     ]]

  [[ 0.     ]]

  [[-0.     ]]

  [[ 0.     ]]

  [[ 0.     ]]

  [[-0.     ]]

  [[-0.     ]]

  [[-0.     ]]

  [[ 0.     ]]

  [[ 0.     ]]

  [[-0.     ]]

  [[ 0.     ]]

  [[-0.     ]]

  [[ 0.     ]]

  [[-0.     ]]

  [[ 0.     ]]

  [[ 0.     ]]

  [[ 0.     ]]

  [[-0.     ]]

  [[-0.     ]]

  [[ 0.     ]]

  [[-0.     ]]

  [[ 0.     ]]]


 [[[ 0.     ]]

  [[ 0.     ]]

  [[ 0.     ]]

  [[ 0.     ]]

  [[ 0.     ]]

  [[ 0.     ]]

  [[ 0.     ]]

  [[ 0.     ]]

  [[ 0.     ]]

  [[ 0.     ]]

  [[ 0.     ]]

  [[ 0.     ]]

  [[ 0.     ]]

  [[ 0.     ]]

  [[ 0.     ]]

  [[ 0.     ]]

  [[ 0.     ]]

  [[ 0.     ]]

  [[ 0.     ]]

  [[ 0.     ]]

  [[ 0.     ]]

  [[ 0.     ]]

  [[ 0.     ]]

  [[ 0.     ]]

  [[ 0.     ]]

  [[ 0.     ]]

  [[ 0.     ]]

  [[ 0.     ]]

  [[ 0.     ]]

  [[ 0.     ]]

  [[ 0.     ]]

  [[ 0.     ]]

  [[ 0.     ]]

  [[ 0.     ]]

  [[ 0.     ]]

  [[ 0.     ]]

  [[ 0.     ]]

  [[ 0.     ]]

  [[ 0.     ]]

  [[ 0.     ]]

  [[ 0.     ]]

  [[ 0.     ]]

  [[ 0.     ]]

  [[ 0.     ]]

  [[ 0.     ]]

  [[ 0.     ]]

  [[ 0.     ]]

  [[ 0.     ]]

  [[ 0.     ]]

  [[ 0.     ]]

  [[ 0.     ]]

  [[ 0.     ]]

  [[ 0.     ]]

  [[ 0.     ]]

  [[ 0.     ]]

  [[ 0.     ]]

  [[ 0.     ]]

  [[ 0.     ]]

  [[ 0.     ]]

  [[ 0.     ]]

  [[ 0.     ]]

  [[ 0.     ]]

  [[ 0.     ]]

  [[ 0.     ]]]


 [[[-0.00781]]

  [[ 0.02734]]

  [[-0.0625 ]]

  [[ 0.01562]]

  [[ 0.01953]]

  [[-0.     ]]

  [[-0.00781]]

  [[ 0.02344]]

  [[ 0.     ]]

  [[ 0.01562]]

  [[-0.     ]]

  [[ 0.08984]]

  [[-0.     ]]

  [[ 0.07422]]

  [[ 0.     ]]

  [[ 0.04297]]

  [[-0.10938]]

  [[-0.23828]]

  [[ 0.     ]]

  [[ 0.     ]]

  [[-0.17188]]

  [[-0.     ]]

  [[ 0.05859]]

  [[-0.     ]]

  [[ 0.     ]]

  [[-0.     ]]

  [[-0.00391]]

  [[-0.     ]]

  [[-0.02344]]

  [[ 0.19922]]

  [[ 0.     ]]

  [[-0.01172]]

  [[-0.01562]]

  [[-0.49219]]

  [[ 0.39844]]

  [[ 0.05469]]

  [[ 0.     ]]

  [[-0.03125]]

  [[-0.21875]]

  [[ 0.     ]]

  [[-0.03125]]

  [[-0.17188]]

  [[-0.10547]]

  [[ 0.04688]]

  [[ 0.04688]]

  [[ 0.     ]]

  [[ 0.05469]]

  [[ 0.     ]]

  [[-0.04297]]

  [[ 0.08203]]

  [[ 0.15625]]

  [[ 0.02734]]

  [[-0.04688]]

  [[-0.     ]]

  [[ 0.08203]]

  [[-0.00391]]

  [[-0.28125]]

  [[ 0.05078]]

  [[ 0.13672]]

  [[-0.     ]]

  [[ 0.07812]]

  [[-0.     ]]

  [[ 0.     ]]

  [[ 0.14062]]]


 [[[ 0.33203]]

  [[ 0.12109]]

  [[ 0.02734]]

  [[ 0.01953]]

  [[-0.09375]]

  [[-0.     ]]

  [[-0.04688]]

  [[ 0.10156]]

  [[-0.     ]]

  [[ 0.04297]]

  [[-0.     ]]

  [[-0.14453]]

  [[ 0.     ]]

  [[ 0.07031]]

  [[-0.     ]]

  [[ 0.08984]]

  [[-0.24219]]

  [[-0.125  ]]

  [[ 0.     ]]

  [[ 0.     ]]

  [[-0.13672]]

  [[ 0.     ]]

  [[-0.05078]]

  [[-0.     ]]

  [[-0.     ]]

  [[ 0.     ]]

  [[ 0.07422]]

  [[ 0.     ]]

  [[ 0.02734]]

  [[ 0.17578]]

  [[ 0.     ]]

  [[-0.0625 ]]

  [[-0.16016]]

  [[ 0.31641]]

  [[-0.03516]]

  [[-0.00781]]

  [[-0.     ]]

  [[ 0.02734]]

  [[ 0.16797]]

  [[ 0.     ]]

  [[ 0.00391]]

  [[ 0.19922]]

  [[ 0.04688]]

  [[-0.04688]]

  [[-0.09375]]

  [[-0.     ]]

  [[ 0.01172]]

  [[ 0.     ]]

  [[-0.125  ]]

  [[-0.21094]]

  [[ 0.19141]]

  [[-0.03516]]

  [[-0.12891]]

  [[ 0.     ]]

  [[ 0.01172]]

  [[ 0.02344]]

  [[ 0.19922]]

  [[ 0.12891]]

  [[ 0.05078]]

  [[ 0.02344]]

  [[ 0.05469]]

  [[ 0.     ]]

  [[-0.     ]]

  [[-0.03125]]]


 [[[-0.12891]]

  [[ 0.15625]]

  [[-0.05859]]

  [[-0.02734]]

  [[ 0.14062]]

  [[ 0.     ]]

  [[-0.11719]]

  [[-0.     ]]

  [[ 0.     ]]

  [[-0.02734]]

  [[ 0.     ]]

  [[ 0.1875 ]]

  [[-0.00391]]

  [[ 0.15625]]

  [[ 0.     ]]

  [[ 0.16016]]

  [[-0.12891]]

  [[-0.17969]]

  [[-0.     ]]

  [[-0.     ]]

  [[-0.12109]]

  [[ 0.     ]]

  [[-0.00781]]

  [[-0.     ]]

  [[-0.     ]]

  [[-0.     ]]

  [[-0.17969]]

  [[ 0.     ]]

  [[ 0.01953]]

  [[-0.125  ]]

  [[ 0.     ]]

  [[-0.19531]]

  [[-0.20703]]

  [[-0.01172]]

  [[-0.20703]]

  [[ 0.06641]]

  [[-0.     ]]

  [[-0.125  ]]

  [[ 0.14062]]

  [[-0.     ]]

  [[-0.07422]]

  [[ 0.20703]]

  [[ 0.0625 ]]

  [[ 0.21094]]

  [[ 0.03125]]

  [[-0.     ]]

  [[-0.09375]]

  [[-0.     ]]

  [[-0.24609]]

  [[-0.23828]]

  [[-0.04297]]

  [[ 0.02344]]

  [[-0.17188]]

  [[ 0.     ]]

  [[-0.39844]]

  [[-0.00391]]

  [[-0.05859]]

  [[ 0.0625 ]]

  [[ 0.01953]]

  [[-0.13281]]

  [[ 0.0625 ]]

  [[-0.     ]]

  [[ 0.     ]]

  [[ 0.10156]]]


 [[[ 0.0625 ]]

  [[ 0.03906]]

  [[ 0.00781]]

  [[-0.00391]]

  [[ 0.02734]]

  [[ 0.     ]]

  [[ 0.08594]]

  [[-0.02734]]

  [[ 0.     ]]

  [[ 0.00391]]

  [[-0.     ]]

  [[-0.07422]]

  [[ 0.     ]]

  [[-0.10938]]

  [[ 0.     ]]

  [[-0.06641]]

  [[ 0.10547]]

  [[-0.04297]]

  [[ 0.     ]]

  [[-0.     ]]

  [[ 0.01953]]

  [[-0.     ]]

  [[ 0.03906]]

  [[ 0.     ]]

  [[ 0.     ]]

  [[-0.     ]]

  [[-0.07422]]

  [[-0.     ]]

  [[ 0.     ]]

  [[-0.10938]]

  [[-0.     ]]

  [[ 0.25781]]

  [[ 0.17188]]

  [[ 0.10156]]

  [[ 0.07422]]

  [[-0.03125]]

  [[ 0.     ]]

  [[-0.02734]]

  [[-0.     ]]

  [[ 0.     ]]

  [[-0.07422]]

  [[ 0.01172]]

  [[ 0.00781]]

  [[-0.02734]]

  [[-0.08594]]

  [[-0.     ]]

  [[-0.05469]]

  [[-0.     ]]

  [[ 0.10938]]

  [[-0.01953]]

  [[ 0.0625 ]]

  [[ 0.02344]]

  [[ 0.13672]]

  [[-0.     ]]

  [[ 0.28516]]

  [[-0.01562]]

  [[ 0.05078]]

  [[ 0.02344]]

  [[-0.02734]]

  [[ 0.31641]]

  [[-0.12891]]

  [[-0.     ]]

  [[-0.     ]]

  [[-0.05469]]]


 [[[-0.03906]]

  [[ 0.     ]]

  [[ 0.00391]]

  [[-0.     ]]

  [[ 0.00391]]

  [[-0.     ]]

  [[ 0.00391]]

  [[-0.     ]]

  [[ 0.     ]]

  [[ 0.     ]]

  [[ 0.     ]]

  [[-0.     ]]

  [[ 0.     ]]

  [[ 0.00391]]

  [[ 0.     ]]

  [[-0.00391]]

  [[-0.02344]]

  [[-0.00391]]

  [[-0.     ]]

  [[ 0.     ]]

  [[-0.01953]]

  [[ 0.     ]]

  [[-0.00781]]

  [[ 0.     ]]

  [[ 0.     ]]

  [[ 0.     ]]

  [[ 0.     ]]

  [[ 0.     ]]

  [[-0.     ]]

  [[-0.00391]]

  [[ 0.     ]]

  [[-0.01172]]

  [[-0.00391]]

  [[-0.01953]]

  [[-0.00781]]

  [[ 0.     ]]

  [[ 0.     ]]

  [[ 0.00781]]

  [[-0.00391]]

  [[ 0.     ]]

  [[ 0.00781]]

  [[-0.01562]]

  [[-0.00391]]

  [[ 0.     ]]

  [[-0.00391]]

  [[-0.     ]]

  [[-0.00391]]

  [[ 0.     ]]

  [[-0.00781]]

  [[-0.04297]]

  [[-0.00781]]

  [[ 0.     ]]

  [[-0.00781]]

  [[-0.     ]]

  [[ 0.05859]]

  [[ 0.     ]]

  [[-0.00391]]

  [[ 0.00391]]

  [[ 0.00391]]

  [[-0.00781]]

  [[ 0.     ]]

  [[-0.     ]]

  [[ 0.     ]]

  [[-0.     ]]]


 [[[ 0.34766]]

  [[ 0.01562]]

  [[ 0.0625 ]]

  [[ 0.00781]]

  [[-0.07031]]

  [[ 0.     ]]

  [[-0.04688]]

  [[-0.03516]]

  [[-0.     ]]

  [[ 0.03125]]

  [[-0.     ]]

  [[-0.12891]]

  [[-0.     ]]

  [[-0.08203]]

  [[-0.     ]]

  [[-0.12891]]

  [[-0.29297]]

  [[ 0.03125]]

  [[-0.     ]]

  [[-0.     ]]

  [[ 0.03125]]

  [[ 0.     ]]

  [[-0.00391]]

  [[ 0.     ]]

  [[ 0.     ]]

  [[-0.     ]]

  [[ 0.07031]]

  [[ 0.     ]]

  [[ 0.     ]]

  [[ 0.28906]]

  [[-0.     ]]

  [[ 0.18359]]

  [[ 0.0625 ]]

  [[ 0.13672]]

  [[ 0.15625]]

  [[-0.04688]]

  [[-0.     ]]

  [[ 0.06641]]

  [[ 0.03125]]

  [[-0.     ]]

  [[-0.02344]]

  [[-0.02344]]

  [[-0.06641]]

  [[-0.11328]]

  [[-0.02734]]

  [[-0.     ]]

  [[ 0.01172]]

  [[-0.     ]]

  [[ 0.00781]]

  [[-0.12109]]

  [[ 0.01562]]

  [[-0.02344]]

  [[ 0.04688]]

  [[ 0.     ]]

  [[ 0.22266]]

  [[-0.00391]]

  [[ 0.10547]]

  [[ 0.03125]]

  [[-0.05859]]

  [[ 0.11719]]

  [[-0.0625 ]]

  [[-0.     ]]

  [[-0.     ]]

  [[-0.05078]]]]...
--------------------------------------------------------------------------------
[Bias] Layer: Up_conv5.conv.6 (QuantConv2d)
  Shape: (16,)
  Bit Width: 16.0
  Signed: True
  Scale: 0.00048828125
  Sample Bias: [-0.00098  0.2373  -0.       0.      -0.12402 -0.20166  0.43799 -0.28271
 -0.0415  -0.30859]...
################################################################################

