################################################################################
[Weight] Layer: Up4.up.1 (QuantConv2d)
  Shape: (16, 16, 3, 3)
  Bit Width: 8.0
  Signed: True
  Scale: 0.00390625
  Sample Weights: [[[[ 0.       0.       0.     ]
   [-0.      -0.       0.     ]
   [ 0.       0.       0.     ]]

  [[ 0.26172  0.0625   0.03516]
   [ 0.08594 -0.11719 -0.11328]
   [ 0.03125 -0.13281 -0.10547]]

  [[ 0.       0.      -0.     ]
   [ 0.       0.      -0.     ]
   [-0.      -0.       0.     ]]

  ...

  [[-0.00391 -0.00391  0.00391]
   [-0.00391 -0.       0.00391]
   [-0.00391 -0.00391 -0.     ]]

  [[ 0.00391  0.00391  0.02344]
   [-0.01172 -0.01562 -0.00391]
   [-0.01172 -0.01562 -0.00391]]

  [[ 0.00391  0.02344 -0.01562]
   [-0.03125  0.0625   0.03906]
   [-0.08594 -0.02344 -0.00781]]]


 [[[ 0.       0.       0.     ]
   [ 0.       0.       0.     ]
   [ 0.       0.       0.     ]]

  [[ 0.01172  0.03516  0.08594]
   [-0.04297 -0.03125  0.03516]
   [-0.04688 -0.04688  0.02734]]

  [[ 0.       0.      -0.     ]
   [ 0.       0.       0.     ]
   [ 0.       0.      -0.     ]]

  ...

  [[-0.00391 -0.00391 -0.00391]
   [ 0.      -0.      -0.     ]
   [ 0.00391  0.       0.00391]]

  [[ 0.01562  0.01172  0.01172]
   [ 0.01172  0.01562  0.01172]
   [ 0.01172  0.01562  0.01953]]

  [[ 0.10938  0.04297  0.01953]
   [ 0.13672  0.09766  0.04297]
   [ 0.11328  0.07812  0.04297]]]


 [[[ 0.       0.       0.     ]
   [ 0.       0.       0.     ]
   [ 0.       0.       0.     ]]

  [[-0.0625  -0.03906  0.07031]
   [-0.08203 -0.09375  0.08594]
   [ 0.01172  0.02344  0.21484]]

  [[-0.       0.      -0.     ]
   [-0.       0.       0.     ]
   [ 0.      -0.       0.     ]]

  ...

  [[ 0.00781  0.01172  0.00781]
   [ 0.01172  0.01172  0.00781]
   [ 0.       0.00391 -0.     ]]

  [[ 0.05469  0.01953  0.00391]
   [ 0.04688  0.01562 -0.00781]
   [ 0.04297  0.00781 -0.00781]]

  [[ 0.09766  0.10156 -0.02344]
   [ 0.13281  0.05859  0.01562]
   [ 0.0625   0.03516 -0.08203]]]


 ...


 [[[ 0.      -0.      -0.     ]
   [ 0.       0.      -0.     ]
   [-0.       0.      -0.     ]]

  [[-0.03125 -0.01172 -0.00781]
   [-0.01562  0.00391  0.00391]
   [-0.03516 -0.02734 -0.03125]]

  [[-0.      -0.       0.     ]
   [-0.      -0.       0.     ]
   [-0.       0.       0.     ]]

  ...

  [[ 0.00391 -0.00391 -0.00781]
   [ 0.00781 -0.      -0.     ]
   [ 0.01562  0.00781  0.00781]]

  [[-0.04688 -0.03906 -0.02734]
   [-0.0625  -0.05859 -0.04297]
   [-0.0625  -0.0625  -0.05078]]

  [[ 0.03125  0.03125  0.05469]
   [ 0.02344  0.02734  0.04297]
   [ 0.04297  0.07031  0.10547]]]


 [[[-0.      -0.      -0.     ]
   [ 0.       0.       0.     ]
   [-0.       0.      -0.     ]]

  [[-0.04297 -0.03516 -0.01953]
   [-0.04297 -0.03906 -0.02344]
   [-0.02344 -0.00781  0.00781]]

  [[ 0.      -0.       0.     ]
   [-0.      -0.       0.     ]
   [-0.       0.      -0.     ]]

  ...

  [[-0.00391 -0.00781 -0.00781]
   [ 0.      -0.00391 -0.00391]
   [ 0.       0.00391  0.00391]]

  [[-0.03516 -0.03125 -0.02344]
   [-0.02344 -0.02734 -0.02734]
   [-0.01562 -0.02344 -0.02344]]

  [[ 0.00391 -0.00391 -0.02344]
   [ 0.01172  0.01172  0.     ]
   [ 0.01562  0.01172  0.00781]]]


 [[[ 0.      -0.       0.     ]
   [ 0.      -0.      -0.     ]
   [-0.      -0.       0.     ]]

  [[ 0.01953  0.02344  0.01172]
   [ 0.01953  0.02734  0.01562]
   [-0.00391  0.      -0.00781]]

  [[-0.       0.       0.     ]
   [ 0.      -0.       0.     ]
   [ 0.       0.       0.     ]]

  ...

  [[ 0.00391  0.00391  0.00391]
   [-0.      -0.      -0.     ]
   [ 0.      -0.      -0.     ]]

  [[-0.03516 -0.02734 -0.02734]
   [-0.03906 -0.03516 -0.03516]
   [-0.04297 -0.04688 -0.05078]]

  [[-0.03906  0.02734  0.05078]
   [-0.05469  0.01562  0.04297]
   [-0.07031  0.00781  0.03516]]]]...
--------------------------------------------------------------------------------
[Bias] Layer: Up4.up.1 (QuantConv2d)
  Shape: (16,)
  Bit Width: 16.0
  Signed: True
  Scale: 0.00048828125
  Sample Bias: [-0.1875  -0.27002 -0.2124   0.25342  0.31494 -0.00098  0.22656  0.38135
  0.1748   0.25   ]...
################################################################################

