################################################################################
[Weight] Layer: Up_conv4.conv.0 (QuantConv2d)
  Shape: (16, 16, 3, 3)
  Bit Width: 8.0
  Signed: True
  Scale: 0.001953125
  Sample Weights: [[[[ 0.03125  0.00977 -0.07227]
   [ 0.07812  0.05859 -0.01758]
   [ 0.03711  0.00195  0.01562]]

  [[-0.01367 -0.04492 -0.16211]
   [-0.00586  0.01758 -0.08203]
   [-0.01172  0.00195 -0.06445]]

  [[-0.03516 -0.07422 -0.13867]
   [-0.01367 -0.02344 -0.09766]
   [-0.07227 -0.14062 -0.19141]]

  ...

  [[ 0.0957   0.03516  0.0293 ]
   [ 0.04492 -0.00977 -0.04102]
   [-0.01562 -0.06641 -0.13672]]

  [[ 0.01367  0.05859 -0.01562]
   [ 0.0293   0.01953 -0.13086]
   [ 0.05859 -0.03906 -0.20703]]

  [[-0.05078 -0.00195  0.01758]
   [-0.02344  0.00977 -0.00391]
   [-0.04492 -0.04102 -0.06055]]]


 [[[-0.05273 -0.01172  0.01758]
   [-0.03906  0.00781  0.03906]
   [-0.0332   0.02734  0.05664]]

  [[-0.03125 -0.00586 -0.00391]
   [ 0.00586  0.02148  0.04102]
   [ 0.05469  0.0625   0.06641]]

  [[ 0.04492  0.0625   0.07031]
   [ 0.03906  0.07422  0.07227]
   [-0.       0.03125  0.04492]]

  ...

  [[-0.05273  0.00195  0.05273]
   [-0.08984 -0.06055  0.00977]
   [-0.13477 -0.12109 -0.05469]]

  [[ 0.01758 -0.0293  -0.04688]
   [ 0.0625  -0.03711 -0.04492]
   [ 0.07031 -0.01367 -0.02344]]

  [[ 0.02344  0.0293   0.02734]
   [-0.00391  0.01172  0.00781]
   [ 0.01367  0.00586 -0.     ]]]


 [[[-0.00391 -0.04688 -0.10547]
   [-0.01562 -0.01758 -0.04297]
   [-0.0332   0.01367  0.00586]]

  [[-0.02539 -0.01953 -0.09375]
   [ 0.01562  0.03711 -0.01953]
   [-0.00195  0.02734 -0.01758]]

  [[-0.07227 -0.06836 -0.15625]
   [ 0.00195  0.01953 -0.04297]
   [-0.00586  0.0332  -0.00781]]

  ...

  [[-0.11719 -0.08008 -0.07227]
   [-0.07227 -0.01562  0.00586]
   [-0.01367  0.03906  0.03711]]

  [[ 0.07617  0.03711  0.06445]
   [ 0.03516 -0.00977  0.02539]
   [ 0.07812  0.05859  0.08008]]

  [[ 0.02148  0.04883  0.06445]
   [ 0.01172  0.05078  0.06055]
   [-0.01562  0.01953  0.03125]]]


 ...


 [[[-0.125   -0.04102  0.06641]
   [-0.05664 -0.0957   0.01172]
   [-0.05273 -0.09375 -0.00781]]

  [[-0.00391 -0.00391 -0.02148]
   [-0.00195  0.00586  0.01758]
   [-0.00977 -0.00586  0.00977]]

  [[ 0.00781  0.03516  0.05859]
   [ 0.00391  0.02734  0.05469]
   [ 0.00977  0.02344  0.03125]]

  ...

  [[-0.00781 -0.00781  0.01953]
   [-0.02148 -0.05469 -0.01562]
   [-0.03711 -0.04883 -0.00195]]

  [[ 0.04102  0.07617  0.09961]
   [-0.00586 -0.02734 -0.01758]
   [-0.02539 -0.04883 -0.00781]]

  [[-0.00586 -0.04102 -0.08008]
   [ 0.02734  0.03125 -0.0332 ]
   [ 0.01367 -0.00781 -0.06641]]]


 [[[ 0.00195  0.01953  0.04102]
   [-0.00586  0.03125  0.03516]
   [-0.10352 -0.02734  0.00586]]

  [[ 0.05273  0.06055  0.0332 ]
   [ 0.07422  0.07422  0.03516]
   [ 0.00781  0.00781 -0.0293 ]]

  [[-0.00977 -0.00977 -0.10938]
   [ 0.01562  0.01562 -0.11914]
   [-0.00586 -0.02734 -0.17578]]

  ...

  [[-0.04102 -0.00586 -0.01758]
   [-0.14258 -0.05273 -0.03711]
   [-0.19531 -0.07227 -0.04492]]

  [[ 0.19531  0.08594  0.13672]
   [ 0.06641  0.00977  0.04883]
   [-0.03516 -0.06836 -0.07422]]

  [[-0.05859 -0.0293  -0.0332 ]
   [-0.00391  0.03125  0.00977]
   [ 0.04297  0.07031  0.10547]]]


 [[[-0.13281 -0.04297 -0.08398]
   [-0.10156 -0.0625  -0.03516]
   [ 0.09375  0.07617  0.02344]]

  [[ 0.08984  0.08203 -0.03516]
   [ 0.05078  0.04688  0.01172]
   [ 0.01562  0.0625   0.03711]]

  [[-0.03711 -0.01953 -0.05859]
   [ 0.      -0.01367 -0.04297]
   [ 0.02148  0.02344 -0.04297]]

  ...

  [[-0.03906 -0.04688 -0.02539]
   [ 0.0957   0.02148 -0.00195]
   [ 0.11523  0.06055  0.05859]]

  [[-0.08984  0.01367  0.01562]
   [-0.11719 -0.0957  -0.09766]
   [ 0.09375  0.12109 -0.00391]]

  [[-0.05469 -0.03125  0.00586]
   [-0.04102  0.07617  0.01172]
   [-0.03711  0.03906 -0.00195]]]]...
--------------------------------------------------------------------------------
[Bias] Layer: Up_conv4.conv.0 (QuantConv2d)
  Shape: (16,)
  Bit Width: 16.0
  Signed: True
  Scale: 0.0001220703125
  Sample Bias: [ 0.50916 -0.08777  0.64978  0.0885   0.67578 -0.14258 -0.49414  0.02258
  0.33484 -0.69153]...
################################################################################

