################################################################################
[Weight] Layer: Up_conv4.conv.3 (QuantConv2d)
  Shape: (64, 16, 1, 1)
  Bit Width: 8.0
  Signed: True
  Scale: 0.0078125
  Sample Weights: [[[[ 0.     ]]

  [[ 0.     ]]

  [[ 0.     ]]

  [[ 0.     ]]

  [[ 0.     ]]

  [[ 0.     ]]

  [[ 0.     ]]

  [[ 0.     ]]

  [[ 0.     ]]

  [[ 0.     ]]

  [[ 0.     ]]

  [[ 0.     ]]

  [[-0.     ]]

  [[ 0.     ]]

  [[ 0.     ]]

  [[ 0.     ]]]


 [[[ 0.45312]]

  [[ 0.00781]]

  [[ 0.16406]]

  [[ 0.10156]]

  [[ 0.17188]]

  [[ 0.19531]]

  [[-0.17188]]

  [[-0.13281]]

  [[ 0.17969]]

  [[ 0.82031]]

  [[ 0.07031]]

  [[ 0.09375]]

  [[-0.10156]]

  [[ 0.20312]]

  [[ 0.27344]]

  [[-0.04688]]]


 [[[-0.16406]]

  [[ 0.07031]]

  [[ 0.02344]]

  [[ 0.14844]]

  [[-0.13281]]

  [[ 0.13281]]

  [[ 0.125  ]]

  [[ 0.     ]]

  [[-0.10156]]

  [[-0.27344]]

  [[ 0.04688]]

  [[ 0.00781]]

  [[-0.0625 ]]

  [[ 0.02344]]

  [[-0.13281]]

  [[-0.25781]]]


 [[[-0.     ]]

  [[ 0.     ]]

  [[ 0.     ]]

  [[ 0.     ]]

  [[-0.     ]]

  [[ 0.     ]]

  [[ 0.     ]]

  [[ 0.     ]]

  [[ 0.     ]]

  [[-0.     ]]

  [[ 0.     ]]

  [[-0.     ]]

  [[-0.     ]]

  [[-0.     ]]

  [[ 0.     ]]

  [[-0.     ]]]


 [[[-0.1875 ]]

  [[-0.07812]]

  [[-0.09375]]

  [[-0.02344]]

  [[-0.17188]]

  [[ 0.08594]]

  [[ 0.25781]]

  [[-0.03125]]

  [[-0.21094]]

  [[ 0.02344]]

  [[-0.01562]]

  [[-0.02344]]

  [[ 0.125  ]]

  [[ 0.19531]]

  [[-0.04688]]

  [[-0.15625]]]


 [[[-0.01562]]

  [[-0.00781]]

  [[-0.00781]]

  [[-0.00781]]

  [[-0.     ]]

  [[ 0.00781]]

  [[ 0.00781]]

  [[-0.00781]]

  [[-0.01562]]

  [[-0.01562]]

  [[ 0.01562]]

  [[ 0.00781]]

  [[-0.     ]]

  [[-0.03906]]

  [[ 0.     ]]

  [[-0.00781]]]


 [[[ 0.45312]]

  [[ 0.35156]]

  [[-0.05469]]

  [[ 0.27344]]

  [[ 0.25   ]]

  [[ 0.24219]]

  [[ 0.25   ]]

  [[-0.0625 ]]

  [[-0.11719]]

  [[ 0.42188]]

  [[-0.11719]]

  [[ 0.14844]]

  [[-0.64062]]

  [[ 0.01562]]

  [[ 0.17188]]

  [[ 0.50781]]]


 [[[ 0.03125]]

  [[ 0.     ]]

  [[-0.04688]]

  [[-0.07812]]

  [[-0.00781]]

  [[-0.08594]]

  [[-0.11719]]

  [[ 0.     ]]

  [[ 0.03125]]

  [[-0.02344]]

  [[-0.14062]]

  [[ 0.07031]]

  [[-0.00781]]

  [[-0.07812]]

  [[-0.01562]]

  [[ 0.00781]]]


 [[[-0.19531]]

  [[-0.61719]]

  [[-0.27344]]

  [[-0.28906]]

  [[-0.16406]]

  [[ 0.90625]]

  [[-0.01562]]

  [[-0.02344]]

  [[-0.67969]]

  [[-0.65625]]

  [[ 0.13281]]

  [[ 0.02344]]

  [[ 0.05469]]

  [[-0.89062]]

  [[-0.10156]]

  [[-0.00781]]]


 [[[ 0.28906]]

  [[-0.03125]]

  [[-0.17188]]

  [[-0.     ]]

  [[ 0.14062]]

  [[ 0.02344]]

  [[ 0.15625]]

  [[-0.00781]]

  [[-0.01562]]

  [[ 0.14062]]

  [[ 0.42969]]

  [[ 0.07812]]

  [[-0.13281]]

  [[-0.46094]]

  [[ 0.02344]]

  [[ 0.02344]]]]...
--------------------------------------------------------------------------------
[Bias] Layer: Up_conv4.conv.3 (QuantConv2d)
  Shape: (64,)
  Bit Width: 16.0
  Signed: True
  Scale: 0.0009765625
  Sample Bias: [ 0.      -0.63086  0.08008  0.       0.14551 -0.02832 -0.3916   0.19238
  0.77734 -0.13086]...
################################################################################

