################################################################################
[Weight] Layer: Up_conv3.conv.0 (QuantConv2d)
  Shape: (8, 8, 3, 3)
  Bit Width: 8.0
  Signed: True
  Scale: 0.001953125
  Sample Weights: [[[[ 0.01172  0.03711  0.03906]
   [ 0.01172  0.01562  0.01758]
   [ 0.00781  0.00391  0.00781]]

  [[-0.01172 -0.01562 -0.01172]
   [ 0.00195 -0.00586 -0.01172]
   [ 0.00586 -0.00586 -0.01367]]

  [[-0.00977 -0.01953 -0.02148]
   [-0.00977 -0.01953 -0.02148]
   [-0.01367 -0.02734 -0.02734]]

  [[-0.       0.00391  0.01172]
   [ 0.01953  0.02148  0.01172]
   [ 0.00586  0.02344  0.01367]]

  [[-0.12695 -0.10742 -0.11719]
   [-0.11523 -0.0918  -0.0918 ]
   [-0.12305 -0.10352 -0.11133]]

  [[ 0.07422  0.05664  0.05273]
   [ 0.03125  0.03516  0.0332 ]
   [ 0.0332   0.03516  0.06055]]

  [[ 0.01172  0.02344  0.01562]
   [-0.00391  0.01172  0.0293 ]
   [-0.01562 -0.00391  0.01562]]

  [[-0.02539 -0.02344 -0.0332 ]
   [-0.      -0.01562 -0.01367]
   [-0.02539 -0.01172 -0.03516]]]


 [[[ 0.00391 -0.05664 -0.03906]
   [ 0.00781 -0.07617 -0.01758]
   [ 0.10352  0.05078  0.07422]]

  [[ 0.10352  0.02148  0.04102]
   [ 0.04297 -0.05664 -0.03711]
   [ 0.08984  0.00586  0.04883]]

  [[-0.07227 -0.0332   0.11133]
   [-0.09375 -0.04102  0.07227]
   [-0.01562 -0.00391  0.11523]]

  [[-0.11328 -0.10352 -0.07617]
   [-0.08594 -0.09961 -0.07422]
   [-0.08594 -0.0957  -0.04102]]

  [[ 0.04102  0.04883  0.04102]
   [ 0.01172 -0.00781 -0.03516]
   [ 0.03125  0.00586 -0.00391]]

  [[-0.0332   0.03711  0.00195]
   [ 0.07422  0.06445  0.02539]
   [ 0.01562  0.02539 -0.04883]]

  [[ 0.00977  0.00391 -0.00195]
   [-0.00781  0.05859  0.01562]
   [-0.08203 -0.04102 -0.05078]]

  [[ 0.10156  0.07422  0.13477]
   [ 0.0625   0.01562  0.06055]
   [ 0.11914  0.08984  0.10938]]]


 [[[ 0.00391 -0.00195 -0.00586]
   [ 0.01758  0.00586  0.01367]
   [ 0.03125  0.02344  0.01953]]

  [[ 0.01367  0.00781  0.02344]
   [ 0.00781  0.01172  0.01953]
   [ 0.01172  0.01562  0.01562]]

  [[ 0.02148  0.01953  0.03516]
   [ 0.02734  0.03711  0.00977]
   [ 0.04297  0.03516  0.02734]]

  [[-0.03906 -0.01953 -0.02734]
   [-0.03125 -0.0293  -0.04883]
   [-0.01172 -0.02344 -0.04688]]

  [[ 0.04297  0.04102  0.0918 ]
   [ 0.03906  0.02148  0.06641]
   [ 0.08984  0.06641  0.09766]]

  [[-0.01172 -0.05469 -0.01367]
   [-0.02539 -0.03906  0.02539]
   [ 0.00195  0.01953  0.04688]]

  [[-0.01562 -0.06641 -0.01562]
   [ 0.01562 -0.03125  0.02539]
   [ 0.03516  0.0332   0.08398]]

  [[-0.00781  0.01562  0.0332 ]
   [ 0.       0.01562  0.00977]
   [-0.00781 -0.00586  0.00391]]]


 [[[ 0.00391 -0.00391 -0.04102]
   [ 0.02344  0.01953 -0.02344]
   [ 0.01172  0.      -0.02539]]

  [[-0.02344  0.01367 -0.01758]
   [ 0.00195  0.00391  0.0293 ]
   [-0.02344  0.01562  0.02734]]

  [[ 0.04883  0.04492  0.00781]
   [ 0.05469  0.05859  0.01758]
   [ 0.04297  0.0625   0.00586]]

  [[-0.01172  0.01953 -0.00195]
   [ 0.00195  0.00781  0.00195]
   [ 0.00781  0.00391 -0.02344]]

  [[ 0.03516  0.02734  0.08008]
   [ 0.04883  0.05859  0.07227]
   [ 0.08398  0.05273  0.06445]]

  [[-0.08789 -0.14258 -0.09961]
   [-0.13281 -0.125   -0.02148]
   [-0.08203 -0.01172  0.05664]]

  [[-0.07422 -0.15039 -0.07422]
   [-0.01953 -0.11328 -0.04492]
   [ 0.04492  0.01562  0.07031]]

  [[ 0.00391  0.04297  0.02539]
   [-0.00586  0.00781  0.01367]
   [-0.02148 -0.01172 -0.00195]]]


 [[[ 0.02344  0.01172 -0.02148]
   [ 0.01953  0.01562 -0.03125]
   [ 0.00977 -0.00195 -0.04883]]

  [[ 0.00391  0.04883 -0.     ]
   [ 0.00195  0.06055  0.05078]
   [-0.01562  0.04492  0.0332 ]]

  [[ 0.06055  0.03516 -0.01367]
   [ 0.04102  0.05664 -0.     ]
   [ 0.01953  0.03125 -0.01367]]

  [[-0.02539  0.04102 -0.00195]
   [ 0.00391  0.03906  0.01367]
   [-0.00586  0.00977 -0.03516]]

  [[-0.00781 -0.01367  0.0332 ]
   [ 0.02734  0.02344  0.02344]
   [ 0.04492  0.0293   0.0293 ]]

  [[-0.11523 -0.17969 -0.13867]
   [-0.19336 -0.13672 -0.0332 ]
   [-0.07812 -0.00195  0.05273]]

  [[-0.08789 -0.16602 -0.10547]
   [-0.05078 -0.12109 -0.08594]
   [ 0.04492  0.0332   0.04297]]

  [[ 0.03906  0.06836  0.04492]
   [ 0.01367  0.04688  0.01758]
   [-0.01562  0.01562 -0.00195]]]


 [[[-0.01562  0.00586 -0.02148]
   [ 0.00586  0.02148  0.00391]
   [-0.04102 -0.0332  -0.03516]]

  [[-0.04688 -0.02148 -0.0293 ]
   [-0.00586  0.02148  0.02148]
   [-0.03516  0.00781  0.00586]]

  [[-0.01758 -0.03711 -0.07227]
   [-0.00586  0.01562 -0.04102]
   [-0.0625  -0.05273 -0.08398]]

  [[ 0.04688  0.03711  0.03711]
   [ 0.05859  0.04297  0.04102]
   [ 0.0625   0.05273  0.05859]]

  [[-0.08008 -0.05273 -0.06055]
   [-0.04297 -0.0293  -0.0332 ]
   [-0.06445 -0.05469 -0.05273]]

  [[-0.04297 -0.03125 -0.05273]
   [-0.03516 -0.00586 -0.02148]
   [-0.0625  -0.0332  -0.06445]]

  [[ 0.06445  0.06055  0.08789]
   [ 0.03125  0.02344  0.0293 ]
   [ 0.07031  0.02539  0.02539]]

  [[-0.03125 -0.03516 -0.06445]
   [-0.00781 -0.      -0.03516]
   [-0.05273 -0.02734 -0.05273]]]


 [[[-0.04102 -0.0332  -0.05078]
   [-0.01562  0.01758 -0.02344]
   [-0.01367  0.00195 -0.03906]]

  [[-0.11328 -0.04688  0.00195]
   [-0.08594 -0.00781  0.06641]
   [-0.03516  0.05469  0.0957 ]]

  [[-0.01953  0.04883  0.01562]
   [ 0.01953  0.06445  0.02148]
   [-0.00781  0.02734 -0.0332 ]]

  [[ 0.00781  0.00195 -0.01172]
   [ 0.00586  0.01367  0.01953]
   [ 0.00586  0.01562  0.0293 ]]

  [[-0.11523 -0.05859 -0.02344]
   [-0.09375 -0.03711  0.01367]
   [-0.05078 -0.01172  0.01367]]

  [[ 0.08203 -0.01172 -0.07617]
   [ 0.03125 -0.05078 -0.08008]
   [-0.03516 -0.08203 -0.08594]]

  [[ 0.12891  0.06836  0.     ]
   [ 0.09766  0.01367 -0.0332 ]
   [ 0.05664  0.01172 -0.01953]]

  [[-0.06445 -0.01953 -0.02344]
   [-0.04297  0.01172  0.0332 ]
   [-0.01758  0.04102  0.01758]]]


 [[[-0.04492  0.       0.04688]
   [-0.03906 -0.01172  0.03906]
   [-0.02734 -0.01562  0.0332 ]]

  [[ 0.      -0.07617 -0.03906]
   [-0.02539 -0.10938 -0.13281]
   [ 0.01172 -0.08789 -0.08789]]

  [[ 0.00586 -0.00781  0.04688]
   [-0.0332  -0.02344  0.03516]
   [ 0.01953 -0.00195  0.03711]]

  [[ 0.09766 -0.05078  0.01367]
   [ 0.07227 -0.06445 -0.01367]
   [ 0.07617  0.01172  0.04492]]

  [[ 0.04883  0.09961  0.01953]
   [ 0.06055  0.08398  0.04883]
   [ 0.00195  0.03906  0.     ]]

  [[ 0.08984  0.14648  0.11914]
   [ 0.15625  0.08203  0.0293 ]
   [ 0.04688 -0.0332  -0.12109]]

  [[ 0.08984  0.13281  0.06445]
   [ 0.07031  0.13672  0.11133]
   [-0.10547 -0.09375 -0.11328]]

  [[-0.05859 -0.10156 -0.04297]
   [-0.02734 -0.05273 -0.03711]
   [ 0.04492 -0.01953 -0.     ]]]]...
--------------------------------------------------------------------------------
[Bias] Layer: Up_conv3.conv.0 (QuantConv2d)
  Shape: (8,)
  Bit Width: 16.0
  Signed: True
  Scale: 0.0001220703125
  Sample Bias: [ 0.4884  -0.20056 -0.64368 -0.10657 -0.10864  1.00342  0.12561 -1.20728]...
################################################################################

