################################################################################
[Weight] Layer: Up_conv3.conv.6 (QuantConv2d)
  Shape: (8, 32, 1, 1)
  Bit Width: 8.0
  Signed: True
  Scale: 0.00390625
  Sample Weights: [[[[-0.01953]]

  [[ 0.     ]]

  [[-0.     ]]

  [[ 0.     ]]

  [[ 0.00781]]

  [[-0.0625 ]]

  [[-0.     ]]

  [[ 0.01172]]

  [[-0.     ]]

  [[-0.00781]]

  [[ 0.12891]]

  [[-0.03906]]

  [[-0.18359]]

  [[-0.02344]]

  [[ 0.     ]]

  [[-0.     ]]

  [[-0.03906]]

  [[-0.     ]]

  [[-0.03125]]

  [[ 0.00391]]

  [[ 0.00391]]

  [[ 0.     ]]

  [[ 0.0625 ]]

  [[ 0.     ]]

  [[ 0.     ]]

  [[-0.01172]]

  [[ 0.     ]]

  [[ 0.     ]]

  [[-0.02344]]

  [[ 0.03906]]

  [[ 0.11328]]

  [[-0.11328]]]


 [[[-0.21094]]

  [[-0.26172]]

  [[-0.03906]]

  [[-0.     ]]

  [[-0.11719]]

  [[-0.21484]]

  [[-0.     ]]

  [[ 0.23047]]

  [[ 0.     ]]

  [[ 0.13672]]

  [[ 0.14453]]

  [[-0.13672]]

  [[-0.03516]]

  [[ 0.15234]]

  [[ 0.     ]]

  [[ 0.03125]]

  [[ 0.02734]]

  [[-0.     ]]

  [[-0.11328]]

  [[-0.05078]]

  [[ 0.01953]]

  [[-0.20703]]

  [[-0.03906]]

  [[ 0.     ]]

  [[ 0.     ]]

  [[-0.03516]]

  [[-0.15234]]

  [[ 0.00391]]

  [[ 0.16406]]

  [[-0.00781]]

  [[ 0.21875]]

  [[ 0.33594]]]


 [[[ 0.01953]]

  [[ 0.10938]]

  [[ 0.07812]]

  [[-0.     ]]

  [[-0.07031]]

  [[ 0.29297]]

  [[-0.00391]]

  [[-0.03516]]

  [[ 0.     ]]

  [[ 0.16797]]

  [[ 0.03516]]

  [[ 0.27344]]

  [[ 0.13672]]

  [[ 0.27344]]

  [[-0.     ]]

  [[-0.01172]]

  [[ 0.0625 ]]

  [[ 0.06641]]

  [[ 0.19531]]

  [[-0.13281]]

  [[-0.15625]]

  [[ 0.11328]]

  [[-0.10156]]

  [[-0.     ]]

  [[-0.     ]]

  [[-0.26953]]

  [[ 0.05859]]

  [[-0.01172]]

  [[-0.00391]]

  [[-0.12109]]

  [[ 0.00391]]

  [[ 0.07031]]]


 [[[-0.18359]]

  [[ 0.04297]]

  [[ 0.03906]]

  [[ 0.     ]]

  [[-0.06641]]

  [[ 0.03906]]

  [[ 0.     ]]

  [[-0.05859]]

  [[-0.     ]]

  [[-0.17969]]

  [[ 0.05469]]

  [[-0.01562]]

  [[-0.10938]]

  [[-0.03906]]

  [[ 0.     ]]

  [[-0.13281]]

  [[-0.25   ]]

  [[ 0.04688]]

  [[ 0.00781]]

  [[-0.08594]]

  [[-0.04297]]

  [[-0.01953]]

  [[ 0.08203]]

  [[ 0.     ]]

  [[-0.     ]]

  [[ 0.00391]]

  [[-0.02344]]

  [[-0.00391]]

  [[ 0.01562]]

  [[ 0.15234]]

  [[ 0.12891]]

  [[-0.03516]]]


 [[[ 0.     ]]

  [[ 0.     ]]

  [[-0.     ]]

  [[-0.     ]]

  [[-0.     ]]

  [[ 0.     ]]

  [[-0.     ]]

  [[ 0.     ]]

  [[ 0.     ]]

  [[-0.     ]]

  [[-0.     ]]

  [[-0.     ]]

  [[-0.     ]]

  [[-0.     ]]

  [[-0.     ]]

  [[-0.     ]]

  [[-0.     ]]

  [[-0.     ]]

  [[-0.     ]]

  [[ 0.     ]]

  [[ 0.     ]]

  [[ 0.     ]]

  [[-0.     ]]

  [[ 0.     ]]

  [[ 0.     ]]

  [[-0.     ]]

  [[-0.     ]]

  [[-0.     ]]

  [[ 0.     ]]

  [[ 0.     ]]

  [[ 0.     ]]

  [[-0.     ]]]


 [[[ 0.05469]]

  [[ 0.14844]]

  [[ 0.07422]]

  [[-0.     ]]

  [[-0.11719]]

  [[-0.33984]]

  [[-0.     ]]

  [[-0.01953]]

  [[-0.     ]]

  [[ 0.21484]]

  [[-0.03906]]

  [[-0.375  ]]

  [[ 0.21094]]

  [[ 0.10547]]

  [[-0.     ]]

  [[-0.21484]]

  [[-0.29297]]

  [[-0.19922]]

  [[-0.28125]]

  [[ 0.03125]]

  [[-0.26953]]

  [[ 0.05859]]

  [[-0.20703]]

  [[-0.     ]]

  [[ 0.     ]]

  [[-0.47656]]

  [[ 0.21094]]

  [[-0.     ]]

  [[ 0.26953]]

  [[-0.01953]]

  [[-0.04688]]

  [[ 0.44531]]]


 [[[-0.01562]]

  [[-0.00391]]

  [[-0.02734]]

  [[ 0.     ]]

  [[-0.01562]]

  [[-0.27734]]

  [[-0.     ]]

  [[-0.     ]]

  [[-0.     ]]

  [[-0.25781]]

  [[-0.07422]]

  [[-0.49609]]

  [[-0.20703]]

  [[-0.07812]]

  [[ 0.     ]]

  [[-0.02344]]

  [[-0.11719]]

  [[-0.07031]]

  [[-0.29297]]

  [[-0.02344]]

  [[ 0.08203]]

  [[-0.01172]]

  [[ 0.11719]]

  [[ 0.     ]]

  [[-0.     ]]

  [[-0.07812]]

  [[-0.01562]]

  [[-0.     ]]

  [[ 0.00391]]

  [[ 0.05078]]

  [[ 0.12891]]

  [[-0.16797]]]


 [[[ 0.02734]]

  [[ 0.05078]]

  [[-0.19531]]

  [[ 0.     ]]

  [[-0.21094]]

  [[ 0.28906]]

  [[ 0.     ]]

  [[-0.09766]]

  [[ 0.     ]]

  [[-0.16406]]

  [[-0.16406]]

  [[-0.03125]]

  [[-0.05469]]

  [[-0.08203]]

  [[ 0.     ]]

  [[ 0.08594]]

  [[-0.08203]]

  [[ 0.30859]]

  [[-0.03125]]

  [[-0.16797]]

  [[-0.26172]]

  [[ 0.08984]]

  [[ 0.07812]]

  [[ 0.     ]]

  [[ 0.     ]]

  [[-0.03906]]

  [[ 0.01172]]

  [[ 0.     ]]

  [[ 0.03125]]

  [[-0.02344]]

  [[-0.02344]]

  [[-0.06641]]]]...
--------------------------------------------------------------------------------
[Bias] Layer: Up_conv3.conv.6 (QuantConv2d)
  Shape: (8,)
  Bit Width: 16.0
  Signed: True
  Scale: 0.00048828125
  Sample Bias: [ 0.0791   0.11621 -0.27686  0.15479  0.      -0.03906  0.6582   0.22461]...
################################################################################

