################################################################################
[Weight] Layer: encoder1.block.0.5 (QuantConv2d)
  Shape: (8, 32, 1, 1)
  Bit Width: 8.0
  Signed: True
  Scale: 0.00390625
  Sample Weights: [[[[ 0.00781]]

  [[-0.32031]]

  [[-0.01562]]

  [[ 0.10156]]

  [[ 0.06641]]

  [[-0.21875]]

  [[ 0.1875 ]]

  [[-0.15234]]

  [[-0.07812]]

  [[ 0.05078]]

  [[-0.21094]]

  [[-0.25   ]]

  [[-0.15234]]

  [[-0.28906]]

  [[ 0.26172]]

  [[ 0.04297]]

  [[-0.21484]]

  [[ 0.26562]]

  [[-0.33203]]

  [[ 0.06641]]

  [[ 0.25781]]

  [[ 0.37891]]

  [[ 0.26172]]

  [[-0.14453]]

  [[-0.19922]]

  [[-0.0625 ]]

  [[-0.03516]]

  [[ 0.10547]]

  [[ 0.08203]]

  [[-0.15234]]

  [[-0.04688]]

  [[-0.32422]]]


 [[[ 0.02344]]

  [[-0.24609]]

  [[ 0.29297]]

  [[ 0.10547]]

  [[ 0.23047]]

  [[ 0.30078]]

  [[ 0.07031]]

  [[ 0.3125 ]]

  [[ 0.09375]]

  [[-0.08984]]

  [[-0.07422]]

  [[-0.22656]]

  [[-0.04297]]

  [[ 0.08203]]

  [[ 0.03125]]

  [[-0.20312]]

  [[-0.1875 ]]

  [[-0.27734]]

  [[-0.22266]]

  [[ 0.     ]]

  [[-0.23438]]

  [[-0.14453]]

  [[ 0.23828]]

  [[-0.01172]]

  [[ 0.125  ]]

  [[-0.05469]]

  [[-0.21875]]

  [[-0.07031]]

  [[ 0.16406]]

  [[-0.14453]]

  [[-0.24609]]

  [[-0.20312]]]


 [[[ 0.17578]]

  [[ 0.21094]]

  [[ 0.1875 ]]

  [[ 0.33594]]

  [[-0.08594]]

  [[-0.19141]]

  [[-0.12109]]

  [[-0.03125]]

  [[-0.12109]]

  [[ 0.15625]]

  [[-0.10156]]

  [[ 0.10547]]

  [[-0.     ]]

  [[ 0.0625 ]]

  [[ 0.14062]]

  [[ 0.19531]]

  [[ 0.26562]]

  [[-0.29297]]

  [[-0.05859]]

  [[-0.39062]]

  [[-0.36328]]

  [[-0.25781]]

  [[-0.06641]]

  [[-0.01172]]

  [[-0.08203]]

  [[ 0.23828]]

  [[ 0.16406]]

  [[-0.42969]]

  [[-0.26172]]

  [[ 0.15234]]

  [[ 0.18359]]

  [[ 0.34375]]]


 [[[ 0.00781]]

  [[-0.16797]]

  [[-0.07031]]

  [[-0.13672]]

  [[-0.07031]]

  [[ 0.23438]]

  [[ 0.07422]]

  [[ 0.11328]]

  [[ 0.12891]]

  [[ 0.16016]]

  [[ 0.11719]]

  [[ 0.20703]]

  [[-0.20703]]

  [[ 0.16797]]

  [[-0.05469]]

  [[ 0.14453]]

  [[ 0.17188]]

  [[-0.0625 ]]

  [[-0.19141]]

  [[ 0.05078]]

  [[ 0.29688]]

  [[ 0.14844]]

  [[-0.22266]]

  [[-0.03516]]

  [[ 0.02734]]

  [[ 0.03516]]

  [[-0.05469]]

  [[ 0.14844]]

  [[ 0.08203]]

  [[ 0.17969]]

  [[ 0.30078]]

  [[ 0.05078]]]


 [[[-0.04688]]

  [[ 0.12891]]

  [[-0.00391]]

  [[-0.15625]]

  [[ 0.00781]]

  [[-0.05078]]

  [[ 0.00781]]

  [[-0.02344]]

  [[-0.03125]]

  [[ 0.0625 ]]

  [[ 0.14062]]

  [[ 0.10547]]

  [[-0.01172]]

  [[ 0.08594]]

  [[-0.07422]]

  [[ 0.01562]]

  [[-0.125  ]]

  [[ 0.26562]]

  [[ 0.24609]]

  [[ 0.33984]]

  [[ 0.06641]]

  [[ 0.12109]]

  [[ 0.17188]]

  [[ 0.03125]]

  [[-0.02734]]

  [[-0.01953]]

  [[ 0.08984]]

  [[ 0.10938]]

  [[-0.03125]]

  [[-0.01953]]

  [[ 0.00391]]

  [[ 0.13281]]]


 [[[ 0.07031]]

  [[-0.07031]]

  [[-0.01953]]

  [[-0.07812]]

  [[ 0.06641]]

  [[ 0.17188]]

  [[ 0.33203]]

  [[-0.17188]]

  [[ 0.00781]]

  [[ 0.21875]]

  [[-0.05078]]

  [[-0.08594]]

  [[-0.34375]]

  [[-0.00391]]

  [[-0.03516]]

  [[ 0.33984]]

  [[ 0.17969]]

  [[-0.08203]]

  [[-0.16797]]

  [[ 0.23047]]

  [[ 0.28125]]

  [[ 0.01172]]

  [[-0.10156]]

  [[ 0.02734]]

  [[ 0.04297]]

  [[ 0.44922]]

  [[ 0.0625 ]]

  [[ 0.08984]]

  [[ 0.26562]]

  [[-0.01562]]

  [[ 0.37891]]

  [[ 0.13281]]]


 [[[-0.35938]]

  [[-0.01953]]

  [[-0.22656]]

  [[-0.24609]]

  [[ 0.05469]]

  [[ 0.37891]]

  [[-0.08594]]

  [[-0.35156]]

  [[-0.10156]]

  [[ 0.02734]]

  [[-0.02344]]

  [[-0.15234]]

  [[ 0.08594]]

  [[ 0.28906]]

  [[-0.35547]]

  [[ 0.08203]]

  [[-0.19141]]

  [[-0.0625 ]]

  [[-0.19531]]

  [[ 0.19141]]

  [[ 0.08594]]

  [[-0.05859]]

  [[ 0.03906]]

  [[ 0.06641]]

  [[ 0.12109]]

  [[ 0.14844]]

  [[ 0.08594]]

  [[ 0.26172]]

  [[ 0.04297]]

  [[-0.16797]]

  [[-0.24609]]

  [[-0.01953]]]


 [[[ 0.03125]]

  [[-0.03125]]

  [[ 0.01172]]

  [[-0.04688]]

  [[ 0.03906]]

  [[-0.15234]]

  [[-0.01562]]

  [[ 0.12891]]

  [[ 0.15234]]

  [[ 0.01953]]

  [[ 0.23828]]

  [[ 0.14844]]

  [[-0.14844]]

  [[-0.17969]]

  [[ 0.07812]]

  [[-0.04688]]

  [[ 0.06641]]

  [[-0.18359]]

  [[-0.11719]]

  [[-0.20703]]

  [[-0.12109]]

  [[-0.01172]]

  [[-0.12109]]

  [[ 0.00391]]

  [[ 0.17969]]

  [[-0.07422]]

  [[-0.20312]]

  [[-0.08594]]

  [[ 0.08594]]

  [[ 0.23828]]

  [[ 0.19531]]

  [[ 0.01172]]]]...
--------------------------------------------------------------------------------
[Bias] Layer: encoder1.block.0.5 (QuantConv2d)
  Shape: (8,)
  Bit Width: 16.0
  Signed: True
  Scale: 0.00048828125
  Sample Bias: [ 0.35889  0.50391  0.36963  0.16211 -0.24316 -0.35693  0.89844  0.40527]...
################################################################################

