################################################################################
[Weight] Layer: Up_conv2.conv.6 (QuantConv2d)
  Shape: (8, 32, 1, 1)
  Bit Width: 8.0
  Signed: True
  Scale: 0.015625
  Sample Weights: [[[[ 0.0625 ]]

  [[-1.21875]]

  [[ 0.40625]]

  [[-0.32812]]

  [[ 0.35938]]

  [[ 0.65625]]

  [[ 0.0625 ]]

  [[-0.90625]]

  [[ 0.     ]]

  [[ 0.     ]]

  [[-0.17188]]

  [[-0.     ]]

  [[ 0.03125]]

  [[ 0.32812]]

  [[-0.     ]]

  [[-0.85938]]

  [[-0.1875 ]]

  [[-0.35938]]

  [[ 0.20312]]

  [[-0.1875 ]]

  [[ 0.1875 ]]

  [[-0.01562]]

  [[ 0.04688]]

  [[ 0.26562]]

  [[-0.28125]]

  [[ 0.     ]]

  [[-0.5    ]]

  [[-0.29688]]

  [[ 0.85938]]

  [[ 0.     ]]

  [[ 0.15625]]

  [[-0.07812]]]


 [[[-0.23438]]

  [[ 0.125  ]]

  [[-0.10938]]

  [[-0.17188]]

  [[-0.45312]]

  [[-0.4375 ]]

  [[-0.     ]]

  [[ 0.25   ]]

  [[ 0.     ]]

  [[-0.     ]]

  [[-0.46875]]

  [[-0.01562]]

  [[-0.01562]]

  [[ 0.03125]]

  [[-0.     ]]

  [[ 0.42188]]

  [[ 0.79688]]

  [[-0.32812]]

  [[ 0.0625 ]]

  [[-0.25   ]]

  [[-0.03125]]

  [[-0.82812]]

  [[-0.01562]]

  [[-0.125  ]]

  [[-0.3125 ]]

  [[ 0.     ]]

  [[-0.10938]]

  [[ 0.76562]]

  [[-0.32812]]

  [[-0.     ]]

  [[-0.01562]]

  [[ 0.01562]]]


 [[[-0.04688]]

  [[-0.10938]]

  [[ 0.03125]]

  [[ 0.39062]]

  [[ 0.21875]]

  [[-0.07812]]

  [[ 0.29688]]

  [[-0.17188]]

  [[-0.     ]]

  [[-0.     ]]

  [[ 0.     ]]

  [[ 0.03125]]

  [[ 0.10938]]

  [[ 0.03125]]

  [[ 0.     ]]

  [[-0.04688]]

  [[-0.01562]]

  [[-0.09375]]

  [[ 0.0625 ]]

  [[ 0.17188]]

  [[-0.40625]]

  [[-0.01562]]

  [[ 0.35938]]

  [[ 0.26562]]

  [[-0.03125]]

  [[-0.     ]]

  [[ 0.32812]]

  [[-0.04688]]

  [[-0.03125]]

  [[-0.     ]]

  [[ 0.01562]]

  [[ 0.29688]]]


 [[[ 0.67188]]

  [[-0.39062]]

  [[ 0.5625 ]]

  [[-0.64062]]

  [[ 0.20312]]

  [[ 0.73438]]

  [[-0.34375]]

  [[ 0.46875]]

  [[ 0.     ]]

  [[-0.     ]]

  [[-0.23438]]

  [[-0.01562]]

  [[-0.0625 ]]

  [[ 0.10938]]

  [[ 0.     ]]

  [[-0.84375]]

  [[-0.40625]]

  [[ 0.23438]]

  [[ 0.34375]]

  [[-0.28125]]

  [[ 0.23438]]

  [[ 0.34375]]

  [[-0.4375 ]]

  [[-0.23438]]

  [[-0.64062]]

  [[ 0.     ]]

  [[-0.375  ]]

  [[-0.29688]]

  [[ 1.     ]]

  [[-0.     ]]

  [[-0.1875 ]]

  [[-0.42188]]]


 [[[-0.0625 ]]

  [[ 0.04688]]

  [[ 0.75   ]]

  [[ 0.04688]]

  [[-0.09375]]

  [[-0.625  ]]

  [[ 0.03125]]

  [[-0.09375]]

  [[ 0.     ]]

  [[ 0.01562]]

  [[-0.25   ]]

  [[-0.     ]]

  [[-0.     ]]

  [[ 0.375  ]]

  [[ 0.     ]]

  [[ 0.8125 ]]

  [[-0.76562]]

  [[-1.4375 ]]

  [[ 1.0625 ]]

  [[ 0.03125]]

  [[-1.01562]]

  [[-0.98438]]

  [[ 0.0625 ]]

  [[-0.07812]]

  [[ 0.1875 ]]

  [[-0.     ]]

  [[-0.125  ]]

  [[-0.67188]]

  [[-0.20312]]

  [[ 0.     ]]

  [[ 0.01562]]

  [[ 0.0625 ]]]


 [[[-0.     ]]

  [[-0.0625 ]]

  [[ 0.01562]]

  [[ 0.32812]]

  [[ 0.23438]]

  [[-0.07812]]

  [[ 0.26562]]

  [[-0.15625]]

  [[-0.     ]]

  [[-0.     ]]

  [[ 0.10938]]

  [[ 0.01562]]

  [[ 0.125  ]]

  [[ 0.0625 ]]

  [[-0.     ]]

  [[-0.0625 ]]

  [[-0.01562]]

  [[-0.10938]]

  [[ 0.0625 ]]

  [[ 0.15625]]

  [[-0.40625]]

  [[-0.04688]]

  [[ 0.32812]]

  [[ 0.23438]]

  [[-0.04688]]

  [[-0.     ]]

  [[ 0.34375]]

  [[-0.04688]]

  [[-0.03125]]

  [[-0.     ]]

  [[ 0.04688]]

  [[ 0.28125]]]


 [[[-0.03125]]

  [[-0.0625 ]]

  [[ 0.01562]]

  [[ 0.1875 ]]

  [[ 0.125  ]]

  [[-0.04688]]

  [[ 0.14062]]

  [[-0.10938]]

  [[ 0.     ]]

  [[-0.     ]]

  [[ 0.10938]]

  [[-0.01562]]

  [[ 0.03125]]

  [[ 0.01562]]

  [[-0.     ]]

  [[-0.0625 ]]

  [[-0.01562]]

  [[-0.0625 ]]

  [[ 0.04688]]

  [[ 0.07812]]

  [[-0.34375]]

  [[ 0.03125]]

  [[ 0.17188]]

  [[ 0.125  ]]

  [[-0.03125]]

  [[-0.     ]]

  [[ 0.21875]]

  [[-0.01562]]

  [[ 0.01562]]

  [[-0.     ]]

  [[ 0.07812]]

  [[ 0.15625]]]


 [[[-0.0625 ]]

  [[-0.17188]]

  [[ 0.01562]]

  [[ 0.3125 ]]

  [[ 0.15625]]

  [[-0.04688]]

  [[ 0.23438]]

  [[ 0.09375]]

  [[-0.     ]]

  [[-0.     ]]

  [[ 0.04688]]

  [[ 0.03125]]

  [[ 0.04688]]

  [[ 0.09375]]

  [[ 0.     ]]

  [[ 0.01562]]

  [[-0.0625 ]]

  [[-0.14062]]

  [[ 0.07812]]

  [[ 0.0625 ]]

  [[-0.14062]]

  [[ 0.0625 ]]

  [[ 0.26562]]

  [[ 0.17188]]

  [[-0.01562]]

  [[ 0.     ]]

  [[ 0.26562]]

  [[-0.0625 ]]

  [[-0.04688]]

  [[-0.     ]]

  [[-0.03125]]

  [[ 0.25   ]]]]...
--------------------------------------------------------------------------------
[Bias] Layer: Up_conv2.conv.6 (QuantConv2d)
  Shape: (8,)
  Bit Width: 16.0
  Signed: True
  Scale: 0.001953125
  Sample Bias: [1.81055 1.58008 0.13672 0.87891 1.88281 0.11523 0.08984 0.07617]...
################################################################################

