################################################################################
[Weight] Layer: encoder1.block.1.0.fn.0 (QuantConv2d)
  Shape: (8, 1, 3, 3)
  Bit Width: 8.0
  Signed: True
  Scale: 0.015625
  Sample Weights: [[[[-0.10938 -0.26562 -0.40625]
   [-0.21875 -0.375   -0.42188]
   [ 0.14062 -0.      -0.39062]]]


 [[[-0.53125 -0.28125  0.07812]
   [ 0.64062 -0.09375  0.60938]
   [ 1.42188  0.40625 -0.4375 ]]]


 [[[ 0.4375   0.5625  -0.39062]
   [ 0.09375  0.59375  0.125  ]
   [-0.42188 -1.01562 -0.5625 ]]]


 [[[ 0.76562 -0.28125  0.14062]
   [ 0.17188  0.875   -0.23438]
   [-0.      -0.28125 -0.14062]]]


 [[[-0.14062 -0.17188 -0.20312]
   [-0.04688 -0.14062 -0.1875 ]
   [-0.34375 -0.21875  0.07812]]]


 [[[-0.20312 -0.28125 -0.04688]
   [-0.25     0.35938 -0.21875]
   [-0.42188 -0.10938 -0.09375]]]


 [[[-0.35938 -0.20312  0.10938]
   [-0.1875  -0.21875  0.15625]
   [ 0.125    0.1875  -0.17188]]]


 [[[ 0.5625  -0.89062 -0.57812]
   [ 1.46875  0.90625 -0.6875 ]
   [ 0.17188  0.20312  0.23438]]]]...
--------------------------------------------------------------------------------
[Bias] Layer: encoder1.block.1.0.fn.0 (QuantConv2d)
  Shape: (8,)
  Bit Width: 16.0
  Signed: True
  Scale: 0.001953125
  Sample Bias: [ 0.67773 -0.60547  0.25781 -0.38672  0.38477  0.51953  0.21484 -0.36719]...
################################################################################

